20 0.6326559 0.8183197 0.0641016 0.0622694
15 0.6967575 0.8183197 0.0641016 0.0622694
32 0.5063380 0.6836023 0.4524821 0.4179234
4 0.3121477 0.5069728 0.0641016 0.0622694
11 0.3762494 0.5069728 0.0641016 0.0622694
19 0.4403510 0.5069728 0.0641016 0.0622694
7 0.5685543 0.5069728 0.0641016 0.0622694
31 0.6967575 0.5069728 0.0641016 0.0622694
17 0.3121477 0.5686435 0.0641016 0.0610719
18 0.3762494 0.5686435 0.0641016 0.0610719
30 0.4403510 0.5686435 0.0641016 0.0610719
26 0.5044526 0.5686435 0.0641016 0.0610719
3 0.6326559 0.5686435 0.0641016 0.0610719
9 0.6967575 0.5686435 0.0641016 0.0610719
2 0.3121477 0.6315116 0.0641016 0.0622694
24 0.5044526 0.6315116 0.0641016 0.0622694
21 0.6326559 0.6315116 0.0641016 0.0622694
14 0.6967575 0.6315116 0.0641016 0.0622694
10 0.3121477 0.6937810 0.0641016 0.0622694
27 0.4403510 0.6937810 0.0641016 0.0622694
13 0.6326559 0.6937810 0.0641016 0.0622694
23 0.3121477 0.7560504 0.0641016 0.0622694
6 0.4403510 0.7560504 0.0641016 0.0622694
8 0.5044526 0.7560504 0.0641016 0.0622694
28 0.5685543 0.7560504 0.0641016 0.0622694
29 0.6326559 0.7560504 0.0641016 0.0622694
16 0.6967575 0.7560504 0.0641016 0.0622694
5 0.3121477 0.8183197 0.0641016 0.0622694
25 0.3762494 0.8183197 0.0641016 0.0622694
22 0.4403510 0.8183197 0.0641016 0.0622694
12 0.5044526 0.8183197 0.0641016 0.0622694
1 0.5685543 0.8183197 0.0641016 0.0622694
