3 0.6611357 0.9187510 0.0666689 0.0661984
12 0.7278046 0.9187510 0.0666689 0.0661984
32 0.5297587 0.7755331 0.4706041 0.4442936
17 0.4611289 0.5877586 0.0666689 0.0661985
29 0.5277979 0.5877586 0.0666689 0.0661985
9 0.5944667 0.5877586 0.0666689 0.0661985
11 0.6611357 0.5877586 0.0666689 0.0661985
27 0.7278046 0.5877586 0.0666689 0.0661985
26 0.3277911 0.6533206 0.0666689 0.0649254
1 0.3944600 0.6533206 0.0666689 0.0649254
15 0.4611289 0.6533206 0.0666689 0.0649254
16 0.6611357 0.6533206 0.0666689 0.0649254
8 0.7278046 0.6533206 0.0666689 0.0649254
24 0.3277911 0.7201556 0.0666689 0.0661985
6 0.3944600 0.7201556 0.0666689 0.0661985
7 0.5277979 0.7201556 0.0666689 0.0661985
19 0.7278046 0.7201556 0.0666689 0.0661985
5 0.3277911 0.7863541 0.0666689 0.0661984
18 0.4611289 0.7863541 0.0666689 0.0661984
25 0.6611357 0.7863541 0.0666689 0.0661984
10 0.7278046 0.7863541 0.0666689 0.0661984
31 0.3277911 0.8525525 0.0666689 0.0661985
21 0.3944600 0.8525525 0.0666689 0.0661985
14 0.4611289 0.8525525 0.0666689 0.0661985
4 0.5944667 0.8525525 0.0666689 0.0661985
22 0.6611357 0.8525525 0.0666689 0.0661985
13 0.7278046 0.8525525 0.0666689 0.0661985
30 0.3277911 0.9187510 0.0666689 0.0661984
2 0.3944600 0.9187510 0.0666689 0.0661984
28 0.4611289 0.9187510 0.0666689 0.0661984
20 0.5277979 0.9187510 0.0666689 0.0661984
23 0.5944667 0.9187510 0.0666689 0.0661984
