26 0.6245693 0.8985802 0.0660742 0.0629022
17 0.6906435 0.8985802 0.0660742 0.0629022
32 0.4943643 0.7624936 0.4664061 0.4221711
27 0.2941984 0.5840688 0.0660742 0.0629023
25 0.3602726 0.5840688 0.0660742 0.0629023
24 0.4263467 0.5840688 0.0660742 0.0629023
1 0.4924210 0.5840688 0.0660742 0.0629023
15 0.5584952 0.5840688 0.0660742 0.0629023
7 0.6906435 0.5840688 0.0660742 0.0629023
20 0.3602726 0.6463663 0.0660742 0.0616927
13 0.4924210 0.6463663 0.0660742 0.0616927
10 0.5584952 0.6463663 0.0660742 0.0616927
9 0.6245693 0.6463663 0.0660742 0.0616927
31 0.6906435 0.6463663 0.0660742 0.0616927
6 0.2941984 0.7098734 0.0660742 0.0629023
30 0.3602726 0.7098734 0.0660742 0.0629023
16 0.4263467 0.7098734 0.0660742 0.0629023
21 0.4924210 0.7098734 0.0660742 0.0629023
18 0.6245693 0.7098734 0.0660742 0.0629023
12 0.6906435 0.7098734 0.0660742 0.0629023
28 0.4924210 0.7727757 0.0660742 0.0629023
19 0.6245693 0.7727757 0.0660742 0.0629023
2 0.6906435 0.7727757 0.0660742 0.0629023
11 0.3602726 0.8356779 0.0660742 0.0629023
5 0.4263467 0.8356779 0.0660742 0.0629023
14 0.4924210 0.8356779 0.0660742 0.0629023
29 0.5584952 0.8356779 0.0660742 0.0629023
22 0.6906435 0.8356779 0.0660742 0.0629023
4 0.2941984 0.8985802 0.0660742 0.0629022
23 0.3602726 0.8985802 0.0660742 0.0629022
8 0.4263467 0.8985802 0.0660742 0.0629022
3 0.4924210 0.8985802 0.0660742 0.0629022
