19 0.6373396 0.8426847 0.0624106 0.0661780
24 0.6997502 0.8426847 0.0624107 0.0661780
32 0.5143539 0.6995113 0.4405456 0.4441559
17 0.3876970 0.5117949 0.0624106 0.0661780
29 0.4501077 0.5117949 0.0624107 0.0661780
2 0.5125183 0.5117949 0.0624106 0.0661780
14 0.6373396 0.5117949 0.0624106 0.0661780
16 0.6997502 0.5117949 0.0624107 0.0661780
27 0.3876970 0.5773366 0.0624106 0.0649053
22 0.5125183 0.5773366 0.0624106 0.0649053
13 0.6373396 0.5773366 0.0624106 0.0649053
21 0.6997502 0.5773366 0.0624107 0.0649053
12 0.3252864 0.6441508 0.0624106 0.0661780
3 0.3876970 0.6441508 0.0624106 0.0661780
30 0.4501077 0.6441508 0.0624107 0.0661780
9 0.5125183 0.6441508 0.0624106 0.0661780
8 0.6373396 0.6441508 0.0624106 0.0661780
11 0.3876970 0.7103288 0.0624106 0.0661780
23 0.4501077 0.7103288 0.0624107 0.0661780
26 0.5125183 0.7103288 0.0624106 0.0661780
15 0.5749289 0.7103288 0.0624106 0.0661780
20 0.6373396 0.7103288 0.0624106 0.0661780
31 0.6997502 0.7103288 0.0624107 0.0661780
18 0.3876970 0.7765068 0.0624106 0.0661779
5 0.4501077 0.7765068 0.0624107 0.0661779
25 0.5749289 0.7765068 0.0624106 0.0661779
10 0.6373396 0.7765068 0.0624106 0.0661779
28 0.3252864 0.8426847 0.0624106 0.0661780
7 0.3876970 0.8426847 0.0624106 0.0661780
6 0.4501077 0.8426847 0.0624107 0.0661780
1 0.5125183 0.8426847 0.0624106 0.0661780
4 0.5749289 0.8426847 0.0624106 0.0661780
