25 0.5293643 0.8387867 0.0663139 0.0660257
3 0.7283060 0.8387867 0.0663139 0.0660257
32 0.5313148 0.6959428 0.4680980 0.4431335
24 0.3304227 0.5086586 0.0663139 0.0660256
10 0.3967366 0.5086586 0.0663139 0.0660256
6 0.5956783 0.5086586 0.0663139 0.0660256
26 0.6619921 0.5086586 0.0663139 0.0660256
2 0.3304227 0.5740493 0.0663139 0.0647559
22 0.3967366 0.5740493 0.0663139 0.0647559
15 0.4630505 0.5740493 0.0663139 0.0647559
18 0.5956783 0.5740493 0.0663139 0.0647559
27 0.6619921 0.5740493 0.0663139 0.0647559
31 0.7283060 0.5740493 0.0663139 0.0647559
1 0.3304227 0.6407098 0.0663139 0.0660256
11 0.4630505 0.6407098 0.0663139 0.0660256
28 0.5293643 0.6407098 0.0663139 0.0660256
19 0.6619921 0.6407098 0.0663139 0.0660256
5 0.7283060 0.6407098 0.0663139 0.0660256
9 0.3304227 0.7067354 0.0663139 0.0660256
16 0.3967366 0.7067354 0.0663139 0.0660256
21 0.4630505 0.7067354 0.0663139 0.0660256
12 0.5293643 0.7067354 0.0663139 0.0660256
17 0.5956783 0.7067354 0.0663139 0.0660256
29 0.6619921 0.7067354 0.0663139 0.0660256
8 0.7283060 0.7067354 0.0663139 0.0660256
20 0.3304227 0.7727611 0.0663139 0.0660256
13 0.3967366 0.7727611 0.0663139 0.0660256
30 0.4630505 0.7727611 0.0663139 0.0660256
4 0.5956783 0.7727611 0.0663139 0.0660256
7 0.6619921 0.7727611 0.0663139 0.0660256
14 0.7283060 0.7727611 0.0663139 0.0660256
23 0.4630505 0.8387867 0.0663139 0.0660257
