10 0.6064268 0.8665410 0.0648959 0.0645615
17 0.6713227 0.8665410 0.0648959 0.0645615
32 0.4785437 0.7268646 0.4580886 0.4333074
7 0.2819474 0.5437332 0.0648959 0.0645615
3 0.3468433 0.5437332 0.0648959 0.0645615
4 0.4766351 0.5437332 0.0648959 0.0645615
28 0.6064268 0.5437332 0.0648959 0.0645615
15 0.6713227 0.5437332 0.0648959 0.0645615
29 0.2819474 0.6076740 0.0648959 0.0633200
16 0.4117392 0.6076740 0.0648959 0.0633200
9 0.4766351 0.6076740 0.0648959 0.0633200
21 0.6064268 0.6076740 0.0648959 0.0633200
25 0.6713227 0.6076740 0.0648959 0.0633200
22 0.2819474 0.6728563 0.0648959 0.0645615
1 0.3468433 0.6728563 0.0648959 0.0645615
19 0.4117392 0.6728563 0.0648959 0.0645615
30 0.4766351 0.6728563 0.0648959 0.0645615
31 0.5415310 0.6728563 0.0648959 0.0645615
24 0.2819474 0.7374179 0.0648959 0.0645616
6 0.3468433 0.7374179 0.0648959 0.0645616
18 0.4766351 0.7374179 0.0648959 0.0645616
26 0.5415310 0.7374179 0.0648959 0.0645616
12 0.6064268 0.7374179 0.0648959 0.0645616
27 0.6713227 0.7374179 0.0648959 0.0645616
14 0.2819474 0.8019795 0.0648959 0.0645615
8 0.3468433 0.8019795 0.0648959 0.0645615
20 0.4766351 0.8019795 0.0648959 0.0645615
13 0.5415310 0.8019795 0.0648959 0.0645615
2 0.2819474 0.8665410 0.0648959 0.0645615
5 0.3468433 0.8665410 0.0648959 0.0645615
11 0.4766351 0.8665410 0.0648959 0.0645615
23 0.5415310 0.8665410 0.0648959 0.0645615
