12 0.6340454 0.8854623 0.0638653 0.0668938
22 0.6979106 0.8854623 0.0638653 0.0668938
32 0.5081932 0.7407401 0.4508138 0.4489606
25 0.3147190 0.5509931 0.0638653 0.0668938
10 0.3785843 0.5509931 0.0638653 0.0668938
17 0.5063148 0.5509931 0.0638653 0.0668938
21 0.5701801 0.5509931 0.0638653 0.0668938
6 0.6340454 0.5509931 0.0638653 0.0668938
26 0.6979106 0.5509931 0.0638653 0.0668938
27 0.3147190 0.6172437 0.0638653 0.0656074
19 0.3785843 0.6172437 0.0638653 0.0656074
31 0.5063148 0.6172437 0.0638653 0.0656074
13 0.5701801 0.6172437 0.0638653 0.0656074
7 0.6340454 0.6172437 0.0638653 0.0656074
3 0.6979106 0.6172437 0.0638653 0.0656074
9 0.3147190 0.6847809 0.0638653 0.0668938
8 0.5063148 0.6847809 0.0638653 0.0668938
5 0.6340454 0.6847809 0.0638653 0.0668938
30 0.6979106 0.6847809 0.0638653 0.0668938
28 0.3785843 0.7516747 0.0638653 0.0668938
24 0.5701801 0.7516747 0.0638653 0.0668938
14 0.6340454 0.7516747 0.0638653 0.0668938
11 0.6979106 0.7516747 0.0638653 0.0668938
29 0.3147190 0.8185686 0.0638653 0.0668938
23 0.3785843 0.8185686 0.0638653 0.0668938
20 0.5063148 0.8185686 0.0638653 0.0668938
16 0.5701801 0.8185686 0.0638653 0.0668938
4 0.6979106 0.8185686 0.0638653 0.0668938
1 0.3147190 0.8854623 0.0638653 0.0668938
18 0.4424495 0.8854623 0.0638653 0.0668938
2 0.5063148 0.8854623 0.0638653 0.0668938
15 0.5701801 0.8854623 0.0638653 0.0668938
