8 0.6548943 0.8965504 0.0631115 0.0657547
17 0.7180058 0.8965504 0.0631116 0.0657547
32 0.5305274 0.7542925 0.4454931 0.4413153
11 0.4024481 0.5677768 0.0631115 0.0657547
2 0.5286712 0.5677768 0.0631115 0.0657547
29 0.5917827 0.5677768 0.0631115 0.0657547
31 0.6548943 0.5677768 0.0631115 0.0657547
23 0.7180058 0.5677768 0.0631116 0.0657547
24 0.3393366 0.6328992 0.0631115 0.0644902
4 0.4024481 0.6328992 0.0631115 0.0644902
18 0.4655597 0.6328992 0.0631115 0.0644902
14 0.5286712 0.6328992 0.0631115 0.0644902
13 0.5917827 0.6328992 0.0631115 0.0644902
26 0.6548943 0.6328992 0.0631115 0.0644902
27 0.7180058 0.6328992 0.0631116 0.0644902
21 0.4655597 0.6992862 0.0631115 0.0657547
1 0.5286712 0.6992862 0.0631115 0.0657547
9 0.5917827 0.6992862 0.0631115 0.0657547
15 0.7180058 0.6992862 0.0631116 0.0657547
7 0.3393366 0.7650409 0.0631115 0.0657548
30 0.4024481 0.7650409 0.0631115 0.0657548
16 0.4655597 0.7650409 0.0631115 0.0657548
28 0.6548943 0.7650409 0.0631115 0.0657548
20 0.3393366 0.8307957 0.0631115 0.0657547
5 0.4024481 0.8307957 0.0631115 0.0657547
10 0.4655597 0.8307957 0.0631115 0.0657547
6 0.5286712 0.8307957 0.0631115 0.0657547
22 0.5917827 0.8307957 0.0631115 0.0657547
19 0.6548943 0.8307957 0.0631115 0.0657547
3 0.4655597 0.8965504 0.0631115 0.0657547
12 0.5286712 0.8965504 0.0631115 0.0657547
25 0.5917827 0.8965504 0.0631115 0.0657547
