31 0.6436789 0.8391438 0.0654565 0.0668699
7 0.7091354 0.8391438 0.0654565 0.0668699
32 0.5146911 0.6944734 0.4620458 0.4487999
25 0.3163964 0.5047944 0.0654565 0.0668699
23 0.3818530 0.5047944 0.0654565 0.0668699
29 0.4473094 0.5047944 0.0654565 0.0668699
13 0.5782224 0.5047944 0.0654565 0.0668699
6 0.6436789 0.5047944 0.0654565 0.0668699
10 0.3163964 0.5710213 0.0654565 0.0655840
15 0.3818530 0.5710213 0.0654565 0.0655840
12 0.4473094 0.5710213 0.0654565 0.0655840
1 0.5127660 0.5710213 0.0654565 0.0655840
21 0.5782224 0.5710213 0.0654565 0.0655840
28 0.6436789 0.5710213 0.0654565 0.0655840
14 0.7091354 0.5710213 0.0654565 0.0655840
24 0.3163964 0.6385342 0.0654565 0.0668699
4 0.3818530 0.6385342 0.0654565 0.0668699
20 0.5127660 0.6385342 0.0654565 0.0668699
27 0.5782224 0.6385342 0.0654565 0.0668699
8 0.7091354 0.6385342 0.0654565 0.0668699
19 0.3163964 0.7054041 0.0654565 0.0668699
22 0.3818530 0.7054041 0.0654565 0.0668699
26 0.5127660 0.7054041 0.0654565 0.0668699
16 0.5782224 0.7054041 0.0654565 0.0668699
18 0.6436789 0.7054041 0.0654565 0.0668699
3 0.7091354 0.7054041 0.0654565 0.0668699
5 0.3163964 0.7722740 0.0654565 0.0668699
17 0.3818530 0.7722740 0.0654565 0.0668699
11 0.4473094 0.7722740 0.0654565 0.0668699
30 0.3163964 0.8391438 0.0654565 0.0668699
9 0.3818530 0.8391438 0.0654565 0.0668699
2 0.4473094 0.8391438 0.0654565 0.0668699
