4 0.6140036 0.8513806 0.0624642 0.0637968
7 0.6764679 0.8513806 0.0624642 0.0637968
32 0.4909124 0.7133588 0.4409238 0.4281745
9 0.3016826 0.5323968 0.0624642 0.0637968
29 0.3641468 0.5323968 0.0624642 0.0637968
10 0.4266110 0.5323968 0.0624642 0.0637968
14 0.4890752 0.5323968 0.0624642 0.0637968
31 0.5515394 0.5323968 0.0624642 0.0637968
27 0.6140036 0.5323968 0.0624642 0.0637968
15 0.3016826 0.5955801 0.0624642 0.0625699
8 0.4266110 0.5955801 0.0624642 0.0625699
5 0.4890752 0.5955801 0.0624642 0.0625699
20 0.6764679 0.5955801 0.0624642 0.0625699
24 0.3016826 0.6599904 0.0624642 0.0637968
25 0.4266110 0.6599904 0.0624642 0.0637968
13 0.4890752 0.6599904 0.0624642 0.0637968
19 0.5515394 0.6599904 0.0624642 0.0637968
22 0.6140036 0.6599904 0.0624642 0.0637968
26 0.6764679 0.6599904 0.0624642 0.0637968
3 0.3016826 0.7237871 0.0624642 0.0637968
30 0.4266110 0.7237871 0.0624642 0.0637968
23 0.5515394 0.7237871 0.0624642 0.0637968
16 0.6140036 0.7237871 0.0624642 0.0637968
1 0.6764679 0.7237871 0.0624642 0.0637968
11 0.4266110 0.7875839 0.0624642 0.0637968
18 0.4890752 0.7875839 0.0624642 0.0637968
21 0.5515394 0.7875839 0.0624642 0.0637968
12 0.6140036 0.7875839 0.0624642 0.0637968
2 0.3016826 0.8513806 0.0624642 0.0637968
6 0.3641468 0.8513806 0.0624642 0.0637968
28 0.4890752 0.8513806 0.0624642 0.0637968
17 0.5515394 0.8513806 0.0624642 0.0637968
