10 0.6281894 0.9062882 0.0631380 0.0673245
17 0.6913274 0.9062882 0.0631380 0.0673245
32 0.5037704 0.7606343 0.4456799 0.4518509
27 0.3124995 0.5696658 0.0631380 0.0673245
2 0.3756374 0.5696658 0.0631380 0.0673245
23 0.4387754 0.5696658 0.0631380 0.0673245
31 0.5650514 0.5696658 0.0631380 0.0673245
15 0.6281894 0.5696658 0.0631380 0.0673245
25 0.3124995 0.6363429 0.0631380 0.0660298
28 0.5650514 0.6363429 0.0631380 0.0660298
26 0.6281894 0.6363429 0.0631380 0.0660298
24 0.6913274 0.6363429 0.0631380 0.0660298
12 0.3124995 0.7043147 0.0631380 0.0673244
3 0.4387754 0.7043147 0.0631380 0.0673244
18 0.5019135 0.7043147 0.0631380 0.0673244
9 0.5650514 0.7043147 0.0631380 0.0673244
1 0.3124995 0.7716393 0.0631380 0.0673245
21 0.3756374 0.7716393 0.0631380 0.0673245
4 0.4387754 0.7716393 0.0631380 0.0673245
22 0.5019135 0.7716393 0.0631380 0.0673245
16 0.6281894 0.7716393 0.0631380 0.0673245
19 0.6913274 0.7716393 0.0631380 0.0673245
8 0.3124995 0.8389638 0.0631380 0.0673244
11 0.3756374 0.8389638 0.0631380 0.0673244
20 0.4387754 0.8389638 0.0631380 0.0673244
14 0.5019135 0.8389638 0.0631380 0.0673244
30 0.5650514 0.8389638 0.0631380 0.0673244
6 0.6913274 0.8389638 0.0631380 0.0673244
7 0.3756374 0.9062882 0.0631380 0.0673245
5 0.4387754 0.9062882 0.0631380 0.0673245
29 0.5019135 0.9062882 0.0631380 0.0673245
13 0.5650514 0.9062882 0.0631380 0.0673245
