31 0.6224155 0.8929736 0.0661490 0.0620321
20 0.6885645 0.8929736 0.0661490 0.0620321
32 0.4920630 0.7587695 0.4669341 0.4163311
22 0.3578194 0.5828129 0.0661490 0.0620321
5 0.4901174 0.5828129 0.0661490 0.0620321
6 0.5562664 0.5828129 0.0661490 0.0620321
25 0.6224155 0.5828129 0.0661490 0.0620321
3 0.6885645 0.5828129 0.0661490 0.0620321
10 0.2916705 0.6442486 0.0661490 0.0608392
9 0.3578194 0.6442486 0.0661490 0.0608392
15 0.4901174 0.6442486 0.0661490 0.0608392
19 0.5562664 0.6442486 0.0661490 0.0608392
29 0.6224155 0.6442486 0.0661490 0.0608392
11 0.2916705 0.7068771 0.0661490 0.0620321
21 0.4239684 0.7068771 0.0661490 0.0620321
16 0.4901174 0.7068771 0.0661490 0.0620321
14 0.5562664 0.7068771 0.0661490 0.0620321
12 0.6224155 0.7068771 0.0661490 0.0620321
13 0.6885645 0.7068771 0.0661490 0.0620321
7 0.2916705 0.7689093 0.0661490 0.0620322
23 0.4901174 0.7689093 0.0661490 0.0620322
26 0.5562664 0.7689093 0.0661490 0.0620322
17 0.6224155 0.7689093 0.0661490 0.0620322
1 0.2916705 0.8309415 0.0661490 0.0620322
2 0.4239684 0.8309415 0.0661490 0.0620322
24 0.4901174 0.8309415 0.0661490 0.0620322
27 0.5562664 0.8309415 0.0661490 0.0620322
4 0.6224155 0.8309415 0.0661490 0.0620322
8 0.6885645 0.8309415 0.0661490 0.0620322
18 0.3578194 0.8929736 0.0661490 0.0620321
28 0.4901174 0.8929736 0.0661490 0.0620321
30 0.5562664 0.8929736 0.0661490 0.0620321
