15 0.6383839 0.9213089 0.0663604 0.0673460
26 0.7047443 0.9213089 0.0663605 0.0673460
32 0.5076148 0.7748054 0.4684266 0.4503893
13 0.4393026 0.5845789 0.0663604 0.0673460
31 0.5056630 0.5845789 0.0663604 0.0673460
3 0.5720235 0.5845789 0.0663604 0.0673460
9 0.7047443 0.5845789 0.0663605 0.0673460
6 0.3729421 0.6512773 0.0663604 0.0660509
4 0.4393026 0.6512773 0.0663604 0.0660509
14 0.5056630 0.6512773 0.0663604 0.0660509
28 0.5720235 0.6512773 0.0663604 0.0660509
16 0.7047443 0.6512773 0.0663605 0.0660509
5 0.3065817 0.7192709 0.0663604 0.0673460
8 0.3729421 0.7192709 0.0663604 0.0673460
12 0.4393026 0.7192709 0.0663604 0.0673460
22 0.5720235 0.7192709 0.0663604 0.0673460
25 0.6383839 0.7192709 0.0663604 0.0673460
29 0.7047443 0.7192709 0.0663605 0.0673460
1 0.3065817 0.7866169 0.0663604 0.0673460
27 0.3729421 0.7866169 0.0663604 0.0673460
23 0.4393026 0.7866169 0.0663604 0.0673460
24 0.5056630 0.7866169 0.0663604 0.0673460
21 0.5720235 0.7866169 0.0663604 0.0673460
20 0.3729421 0.8539629 0.0663604 0.0673460
11 0.4393026 0.8539629 0.0663604 0.0673460
10 0.5056630 0.8539629 0.0663604 0.0673460
19 0.5720235 0.8539629 0.0663604 0.0673460
2 0.6383839 0.8539629 0.0663604 0.0673460
7 0.7047443 0.8539629 0.0663605 0.0673460
30 0.3729421 0.9213089 0.0663604 0.0673460
18 0.4393026 0.9213089 0.0663604 0.0673460
17 0.5720235 0.9213089 0.0663604 0.0673460
