21 0.5263041 0.8509822 0.0617764 0.0676364
27 0.6498569 0.8509822 0.0617764 0.0676364
32 0.4663446 0.7046533 0.4360686 0.4539447
16 0.2791985 0.5127999 0.0617764 0.0676365
10 0.3409749 0.5127999 0.0617764 0.0676365
4 0.4027513 0.5127999 0.0617764 0.0676365
13 0.5880805 0.5127999 0.0617764 0.0676365
15 0.2791985 0.5797860 0.0617764 0.0663358
19 0.3409749 0.5797860 0.0617764 0.0663358
30 0.4027513 0.5797860 0.0617764 0.0663358
24 0.4645277 0.5797860 0.0617764 0.0663358
3 0.5263041 0.5797860 0.0617764 0.0663358
29 0.5880805 0.5797860 0.0617764 0.0663358
1 0.6498569 0.5797860 0.0617764 0.0663358
20 0.2791985 0.6480728 0.0617764 0.0676365
2 0.3409749 0.6480728 0.0617764 0.0676365
22 0.5263041 0.6480728 0.0617764 0.0676365
28 0.5880805 0.6480728 0.0617764 0.0676365
6 0.6498569 0.6480728 0.0617764 0.0676365
12 0.3409749 0.7157093 0.0617764 0.0676364
23 0.4645277 0.7157093 0.0617764 0.0676364
17 0.5263041 0.7157093 0.0617764 0.0676364
11 0.5880805 0.7157093 0.0617764 0.0676364
18 0.3409749 0.7833458 0.0617764 0.0676365
31 0.4027513 0.7833458 0.0617764 0.0676365
26 0.4645277 0.7833458 0.0617764 0.0676365
9 0.5263041 0.7833458 0.0617764 0.0676365
25 0.5880805 0.7833458 0.0617764 0.0676365
5 0.6498569 0.7833458 0.0617764 0.0676365
8 0.2791985 0.8509822 0.0617764 0.0676364
7 0.3409749 0.8509822 0.0617764 0.0676364
14 0.4645277 0.8509822 0.0617764 0.0676364
