21 0.6025108 0.8755279 0.0663269 0.0622150
11 0.6688377 0.8755279 0.0663269 0.0622150
32 0.4718079 0.7409281 0.4681896 0.4175584
25 0.4035302 0.5644528 0.0663269 0.0622150
30 0.4698571 0.5644528 0.0663268 0.0622150
26 0.5361839 0.5644528 0.0663269 0.0622150
17 0.6025108 0.5644528 0.0663269 0.0622150
8 0.6688377 0.5644528 0.0663269 0.0622150
15 0.2708765 0.6260696 0.0663268 0.0610186
14 0.5361839 0.6260696 0.0663269 0.0610186
13 0.2708765 0.6888829 0.0663268 0.0622150
28 0.3372033 0.6888829 0.0663269 0.0622150
24 0.4035302 0.6888829 0.0663269 0.0622150
16 0.4698571 0.6888829 0.0663268 0.0622150
19 0.5361839 0.6888829 0.0663269 0.0622150
10 0.6025108 0.6888829 0.0663269 0.0622150
1 0.6688377 0.6888829 0.0663269 0.0622150
20 0.2708765 0.7510979 0.0663268 0.0622150
2 0.3372033 0.7510979 0.0663269 0.0622150
7 0.5361839 0.7510979 0.0663269 0.0622150
4 0.6688377 0.7510979 0.0663269 0.0622150
27 0.2708765 0.8133128 0.0663268 0.0622150
31 0.3372033 0.8133128 0.0663269 0.0622150
6 0.4035302 0.8133128 0.0663269 0.0622150
3 0.4698571 0.8133128 0.0663268 0.0622150
29 0.5361839 0.8133128 0.0663269 0.0622150
22 0.6025108 0.8133128 0.0663269 0.0622150
9 0.6688377 0.8133128 0.0663269 0.0622150
23 0.2708765 0.8755279 0.0663268 0.0622150
5 0.3372033 0.8755279 0.0663269 0.0622150
12 0.4035302 0.8755279 0.0663269 0.0622150
18 0.5361839 0.8755279 0.0663269 0.0622150
