12 0.6057858 0.8820512 0.0632320 0.0665871
23 0.6690177 0.8820512 0.0632319 0.0665871
32 0.4811816 0.7379928 0.4463433 0.4469014
15 0.2896260 0.5491161 0.0632320 0.0665870
9 0.3528579 0.5491161 0.0632320 0.0665870
31 0.4793219 0.5491161 0.0632320 0.0665870
30 0.5425538 0.5491161 0.0632320 0.0665870
2 0.6057858 0.5491161 0.0632320 0.0665870
14 0.6690177 0.5491161 0.0632319 0.0665870
6 0.2896260 0.6150629 0.0632320 0.0653065
4 0.3528579 0.6150629 0.0632320 0.0653065
5 0.4160899 0.6150629 0.0632320 0.0653065
20 0.4793219 0.6150629 0.0632320 0.0653065
18 0.6057858 0.6150629 0.0632320 0.0653065
7 0.6690177 0.6150629 0.0632319 0.0653065
29 0.3528579 0.6822902 0.0632320 0.0665870
10 0.4160899 0.6822902 0.0632320 0.0665870
28 0.4793219 0.6822902 0.0632320 0.0665870
24 0.5425538 0.6822902 0.0632320 0.0665870
25 0.6057858 0.6822902 0.0632320 0.0665870
17 0.3528579 0.7488772 0.0632320 0.0665871
13 0.4160899 0.7488772 0.0632320 0.0665871
27 0.5425538 0.7488772 0.0632320 0.0665871
21 0.6057858 0.7488772 0.0632320 0.0665871
26 0.2896260 0.8154642 0.0632320 0.0665870
1 0.3528579 0.8154642 0.0632320 0.0665870
19 0.4793219 0.8154642 0.0632320 0.0665870
16 0.6057858 0.8154642 0.0632320 0.0665870
11 0.6690177 0.8154642 0.0632319 0.0665870
3 0.2896260 0.8820512 0.0632320 0.0665871
22 0.3528579 0.8820512 0.0632320 0.0665871
8 0.4160899 0.8820512 0.0632320 0.0665871
