7 0.5940591 0.8958828 0.0651437 0.0642368
8 0.6592027 0.8958828 0.0651437 0.0642368
32 0.4656876 0.7569090 0.4598379 0.4311278
6 0.2683405 0.5746988 0.0651437 0.0642368
20 0.3334843 0.5746988 0.0651437 0.0642368
19 0.3986279 0.5746988 0.0651437 0.0642368
31 0.4637717 0.5746988 0.0651437 0.0642368
14 0.5289153 0.5746988 0.0651437 0.0642368
11 0.6592027 0.5746988 0.0651437 0.0642368
26 0.3986279 0.6383179 0.0651437 0.0630014
25 0.4637717 0.6383179 0.0651437 0.0630014
16 0.5289153 0.6383179 0.0651437 0.0630014
3 0.6592027 0.6383179 0.0651437 0.0630014
23 0.2683405 0.7031725 0.0651437 0.0642368
5 0.3334843 0.7031725 0.0651437 0.0642368
24 0.4637717 0.7031725 0.0651437 0.0642368
30 0.6592027 0.7031725 0.0651437 0.0642368
13 0.2683405 0.7674092 0.0651437 0.0642368
22 0.3334843 0.7674092 0.0651437 0.0642368
29 0.3986279 0.7674092 0.0651437 0.0642368
17 0.4637717 0.7674092 0.0651437 0.0642368
9 0.5289153 0.7674092 0.0651437 0.0642368
21 0.6592027 0.7674092 0.0651437 0.0642368
27 0.2683405 0.8316460 0.0651437 0.0642368
28 0.3986279 0.8316460 0.0651437 0.0642368
10 0.4637717 0.8316460 0.0651437 0.0642368
18 0.5289153 0.8316460 0.0651437 0.0642368
4 0.2683405 0.8958828 0.0651437 0.0642368
12 0.3334843 0.8958828 0.0651437 0.0642368
15 0.3986279 0.8958828 0.0651437 0.0642368
2 0.4637717 0.8958828 0.0651437 0.0642368
1 0.5289153 0.8958828 0.0651437 0.0642368
