21 0.4552174 0.8124142 0.0640202 0.0636391
7 0.5192376 0.8124142 0.0640202 0.0636391
32 0.4571004 0.6747334 0.4519070 0.4271164
25 0.2631570 0.4942187 0.0640202 0.0636391
1 0.3911973 0.4942187 0.0640202 0.0636391
3 0.4552174 0.4942187 0.0640202 0.0636391
24 0.5192376 0.4942187 0.0640202 0.0636391
28 0.5832578 0.4942187 0.0640202 0.0636391
18 0.6472779 0.4942187 0.0640202 0.0636391
29 0.2631570 0.5572459 0.0640202 0.0624153
23 0.3271771 0.5572459 0.0640202 0.0624153
8 0.3911973 0.5572459 0.0640202 0.0624153
14 0.5832578 0.5572459 0.0640202 0.0624153
11 0.2631570 0.6214969 0.0640202 0.0636391
12 0.3271771 0.6214969 0.0640202 0.0636391
31 0.3911973 0.6214969 0.0640202 0.0636391
19 0.4552174 0.6214969 0.0640202 0.0636391
10 0.5832578 0.6214969 0.0640202 0.0636391
20 0.6472779 0.6214969 0.0640202 0.0636391
17 0.2631570 0.6851360 0.0640202 0.0636391
15 0.3271771 0.6851360 0.0640202 0.0636391
2 0.3911973 0.6851360 0.0640202 0.0636391
22 0.4552174 0.6851360 0.0640202 0.0636391
5 0.6472779 0.6851360 0.0640202 0.0636391
4 0.3271771 0.7487751 0.0640202 0.0636391
16 0.3911973 0.7487751 0.0640202 0.0636391
6 0.4552174 0.7487751 0.0640202 0.0636391
9 0.5192376 0.7487751 0.0640202 0.0636391
30 0.5832578 0.7487751 0.0640202 0.0636391
13 0.6472779 0.7487751 0.0640202 0.0636391
26 0.2631570 0.8124142 0.0640202 0.0636391
27 0.3911973 0.8124142 0.0640202 0.0636391
