6 0.5308133 0.8612596 0.0657462 0.0642242
8 0.5965595 0.8612596 0.0657463 0.0642242
32 0.5327470 0.7223131 0.4640911 0.4310432
16 0.3335746 0.5401387 0.0657463 0.0642242
1 0.3993208 0.5401387 0.0657462 0.0642242
18 0.4650670 0.5401387 0.0657462 0.0642242
3 0.5308133 0.5401387 0.0657462 0.0642242
13 0.6623058 0.5401387 0.0657462 0.0642242
17 0.3993208 0.6037453 0.0657462 0.0629891
10 0.4650670 0.6037453 0.0657462 0.0629891
28 0.5308133 0.6037453 0.0657462 0.0629891
27 0.5965595 0.6037453 0.0657463 0.0629891
12 0.6623058 0.6037453 0.0657462 0.0629891
4 0.3335746 0.6685870 0.0657463 0.0642242
25 0.3993208 0.6685870 0.0657462 0.0642242
31 0.5308133 0.6685870 0.0657462 0.0642242
14 0.5965595 0.6685870 0.0657463 0.0642242
9 0.6623058 0.6685870 0.0657462 0.0642242
22 0.3335746 0.7328113 0.0657463 0.0642242
11 0.3993208 0.7328113 0.0657462 0.0642242
23 0.4650670 0.7328113 0.0657462 0.0642242
30 0.5308133 0.7328113 0.0657462 0.0642242
7 0.6623058 0.7328113 0.0657462 0.0642242
2 0.7280520 0.7328113 0.0657463 0.0642242
29 0.3335746 0.7970355 0.0657463 0.0642242
26 0.3993208 0.7970355 0.0657462 0.0642242
5 0.4650670 0.7970355 0.0657462 0.0642242
24 0.5308133 0.7970355 0.0657462 0.0642242
20 0.7280520 0.7970355 0.0657463 0.0642242
19 0.3335746 0.8612596 0.0657463 0.0642242
15 0.3993208 0.8612596 0.0657462 0.0642242
21 0.4650670 0.8612596 0.0657462 0.0642242
