3 0.4740255 0.8911520 0.0642144 0.0668747
4 0.6666689 0.8911520 0.0642145 0.0668747
32 0.5401286 0.7464711 0.4532785 0.4488324
13 0.3455966 0.5567783 0.0642144 0.0668748
31 0.4098111 0.5567783 0.0642145 0.0668748
10 0.4740255 0.5567783 0.0642144 0.0668748
14 0.5382400 0.5567783 0.0642144 0.0668748
20 0.6024544 0.5567783 0.0642144 0.0668748
28 0.6666689 0.5567783 0.0642145 0.0668748
6 0.7308833 0.5567783 0.0642144 0.0668748
16 0.3455966 0.6230100 0.0642144 0.0655886
1 0.4098111 0.6230100 0.0642145 0.0655886
17 0.4740255 0.6230100 0.0642144 0.0655886
27 0.6024544 0.6230100 0.0642144 0.0655886
5 0.6666689 0.6230100 0.0642145 0.0655886
26 0.3455966 0.6905278 0.0642144 0.0668748
15 0.4098111 0.6905278 0.0642145 0.0668748
19 0.4740255 0.6905278 0.0642144 0.0668748
9 0.5382400 0.6905278 0.0642144 0.0668748
23 0.6024544 0.6905278 0.0642144 0.0668748
29 0.6666689 0.6905278 0.0642145 0.0668748
7 0.3455966 0.7574026 0.0642144 0.0668747
22 0.4098111 0.7574026 0.0642145 0.0668747
2 0.4740255 0.7574026 0.0642144 0.0668747
18 0.5382400 0.7574026 0.0642144 0.0668747
21 0.6024544 0.7574026 0.0642144 0.0668747
12 0.6666689 0.7574026 0.0642145 0.0668747
25 0.3455966 0.8242773 0.0642144 0.0668748
11 0.5382400 0.8242773 0.0642144 0.0668748
30 0.6024544 0.8242773 0.0642144 0.0668748
24 0.6666689 0.8242773 0.0642145 0.0668748
8 0.4098111 0.8911520 0.0642145 0.0668747
