15 0.6022153 0.8401750 0.0646948 0.0630733
30 0.7316048 0.8401750 0.0646948 0.0630733
32 0.5394233 0.7037182 0.4566689 0.4233192
26 0.3434362 0.5248082 0.0646948 0.0630734
12 0.4728257 0.5248082 0.0646947 0.0630734
19 0.5375205 0.5248082 0.0646947 0.0630734
29 0.6669100 0.5248082 0.0646947 0.0630734
2 0.7316048 0.5248082 0.0646948 0.0630734
10 0.3434362 0.5872751 0.0646948 0.0618604
9 0.4081310 0.5872751 0.0646947 0.0618604
21 0.4728257 0.5872751 0.0646947 0.0618604
4 0.6669100 0.5872751 0.0646947 0.0618604
6 0.7316048 0.5872751 0.0646948 0.0618604
20 0.3434362 0.6509549 0.0646948 0.0630734
16 0.4081310 0.6509549 0.0646947 0.0630734
5 0.4728257 0.6509549 0.0646947 0.0630734
25 0.5375205 0.6509549 0.0646947 0.0630734
1 0.6669100 0.6509549 0.0646947 0.0630734
3 0.7316048 0.6509549 0.0646948 0.0630734
7 0.4081310 0.7140283 0.0646947 0.0630733
27 0.4728257 0.7140283 0.0646947 0.0630733
23 0.6022153 0.7140283 0.0646948 0.0630733
17 0.6669100 0.7140283 0.0646947 0.0630733
13 0.7316048 0.7140283 0.0646948 0.0630733
22 0.3434362 0.7771016 0.0646948 0.0630733
31 0.4728257 0.7771016 0.0646947 0.0630733
28 0.5375205 0.7771016 0.0646947 0.0630733
11 0.6022153 0.7771016 0.0646948 0.0630733
24 0.7316048 0.7771016 0.0646948 0.0630733
18 0.3434362 0.8401750 0.0646948 0.0630733
14 0.4728257 0.8401750 0.0646947 0.0630733
8 0.5375205 0.8401750 0.0646947 0.0630733
