7 0.5825941 0.8604958 0.0622225 0.0662237
31 0.6448167 0.8604958 0.0622226 0.0662237
32 0.4599791 0.7172234 0.4392179 0.4444629
30 0.2714815 0.5293774 0.0622225 0.0662237
22 0.3337040 0.5293774 0.0622225 0.0662237
5 0.4581491 0.5293774 0.0622225 0.0662237
17 0.5825941 0.5293774 0.0622225 0.0662237
2 0.6448167 0.5293774 0.0622226 0.0662237
29 0.3337040 0.5949643 0.0622225 0.0649502
20 0.5203716 0.5949643 0.0622226 0.0649502
23 0.5825941 0.5949643 0.0622225 0.0649502
8 0.6448167 0.5949643 0.0622226 0.0649502
9 0.2714815 0.6618248 0.0622225 0.0662237
4 0.3959265 0.6618248 0.0622226 0.0662237
28 0.5203716 0.6618248 0.0622226 0.0662237
13 0.2714815 0.7280484 0.0622225 0.0662237
19 0.3337040 0.7280484 0.0622225 0.0662237
26 0.3959265 0.7280484 0.0622226 0.0662237
11 0.4581491 0.7280484 0.0622225 0.0662237
14 0.5203716 0.7280484 0.0622226 0.0662237
18 0.5825941 0.7280484 0.0622225 0.0662237
21 0.6448167 0.7280484 0.0622226 0.0662237
25 0.2714815 0.7942722 0.0622225 0.0662237
24 0.3959265 0.7942722 0.0622226 0.0662237
12 0.4581491 0.7942722 0.0622225 0.0662237
3 0.5203716 0.7942722 0.0622226 0.0662237
27 0.6448167 0.7942722 0.0622226 0.0662237
1 0.2714815 0.8604958 0.0622225 0.0662237
10 0.3337040 0.8604958 0.0622225 0.0662237
15 0.3959265 0.8604958 0.0622226 0.0662237
6 0.4581491 0.8604958 0.0622225 0.0662237
16 0.5203716 0.8604958 0.0622226 0.0662237
