18 0.5188901 0.8266383 0.0611984 0.0652290
14 0.6412868 0.8266383 0.0611984 0.0652290
32 0.4594916 0.6855181 0.4319888 0.4377863
29 0.2740964 0.5004938 0.0611984 0.0652289
9 0.3964932 0.5004938 0.0611984 0.0652289
12 0.4576917 0.5004938 0.0611984 0.0652289
24 0.5188901 0.5004938 0.0611984 0.0652289
3 0.5800885 0.5004938 0.0611984 0.0652289
4 0.6412868 0.5004938 0.0611984 0.0652289
13 0.3964932 0.5650955 0.0611984 0.0639745
25 0.4576917 0.5650955 0.0611984 0.0639745
28 0.6412868 0.5650955 0.0611984 0.0639745
7 0.2740964 0.6309516 0.0611984 0.0652289
2 0.3352948 0.6309516 0.0611984 0.0652289
11 0.3964932 0.6309516 0.0611984 0.0652289
6 0.4576917 0.6309516 0.0611984 0.0652289
26 0.5188901 0.6309516 0.0611984 0.0652289
17 0.5800885 0.6309516 0.0611984 0.0652289
5 0.6412868 0.6309516 0.0611984 0.0652289
16 0.3352948 0.6961805 0.0611984 0.0652289
23 0.3964932 0.6961805 0.0611984 0.0652289
1 0.4576917 0.6961805 0.0611984 0.0652289
21 0.5188901 0.6961805 0.0611984 0.0652289
22 0.6412868 0.6961805 0.0611984 0.0652289
10 0.2740964 0.7614094 0.0611984 0.0652289
27 0.3352948 0.7614094 0.0611984 0.0652289
19 0.3964932 0.7614094 0.0611984 0.0652289
31 0.5188901 0.7614094 0.0611984 0.0652289
8 0.6412868 0.7614094 0.0611984 0.0652289
30 0.3352948 0.8266383 0.0611984 0.0652290
20 0.3964932 0.8266383 0.0611984 0.0652290
15 0.4576917 0.8266383 0.0611984 0.0652290
