15 0.6205767 0.8482964 0.0663295 0.0618321
28 0.6869063 0.8482964 0.0663296 0.0618321
32 0.4898685 0.7145250 0.4682085 0.4149889
21 0.2889290 0.5391357 0.0663296 0.0618322
1 0.3552586 0.5391357 0.0663295 0.0618322
7 0.4879176 0.5391357 0.0663295 0.0618322
11 0.5542472 0.5391357 0.0663296 0.0618322
19 0.6869063 0.5391357 0.0663296 0.0618322
26 0.2889290 0.6003733 0.0663296 0.0606431
23 0.3552586 0.6003733 0.0663295 0.0606431
8 0.4215881 0.6003733 0.0663295 0.0606431
18 0.4879176 0.6003733 0.0663295 0.0606431
25 0.6205767 0.6003733 0.0663295 0.0606431
17 0.2889290 0.6628000 0.0663296 0.0618321
4 0.4215881 0.6628000 0.0663295 0.0618321
14 0.5542472 0.6628000 0.0663296 0.0618321
12 0.6205767 0.6628000 0.0663295 0.0618321
3 0.6869063 0.6628000 0.0663296 0.0618321
20 0.2889290 0.7246321 0.0663296 0.0618322
30 0.3552586 0.7246321 0.0663295 0.0618322
5 0.4215881 0.7246321 0.0663295 0.0618322
13 0.4879176 0.7246321 0.0663295 0.0618322
9 0.5542472 0.7246321 0.0663296 0.0618322
29 0.2889290 0.7864643 0.0663296 0.0618321
24 0.3552586 0.7864643 0.0663295 0.0618321
16 0.4215881 0.7864643 0.0663295 0.0618321
31 0.4879176 0.7864643 0.0663295 0.0618321
27 0.5542472 0.7864643 0.0663296 0.0618321
2 0.6869063 0.7864643 0.0663296 0.0618321
22 0.3552586 0.8482964 0.0663295 0.0618321
6 0.4879176 0.8482964 0.0663295 0.0618321
10 0.5542472 0.8482964 0.0663296 0.0618321
