6 0.7363338 0.7529810 0.0641986 0.0624363
3 0.6721352 0.8154173 0.0641985 0.0624364
32 0.5456262 0.6803387 0.4531666 0.4190438
17 0.3511422 0.5032357 0.0641986 0.0624363
31 0.4153408 0.5032357 0.0641986 0.0624363
21 0.4795394 0.5032357 0.0641986 0.0624363
22 0.5437380 0.5032357 0.0641986 0.0624363
5 0.6079366 0.5032357 0.0641986 0.0624363
18 0.7363338 0.5032357 0.0641986 0.0624363
16 0.3511422 0.5650717 0.0641986 0.0612357
29 0.4795394 0.5650717 0.0641986 0.0612357
13 0.5437380 0.5650717 0.0641986 0.0612357
4 0.6079366 0.5650717 0.0641986 0.0612357
11 0.6721352 0.5650717 0.0641985 0.0612357
2 0.7363338 0.5650717 0.0641986 0.0612357
14 0.3511422 0.6281084 0.0641986 0.0624364
1 0.4153408 0.6281084 0.0641986 0.0624364
19 0.5437380 0.6281084 0.0641986 0.0624364
26 0.6079366 0.6281084 0.0641986 0.0624364
7 0.6721352 0.6281084 0.0641985 0.0624364
23 0.7363338 0.6281084 0.0641986 0.0624364
27 0.4153408 0.6905447 0.0641986 0.0624363
30 0.4795394 0.6905447 0.0641986 0.0624363
9 0.5437380 0.6905447 0.0641986 0.0624363
12 0.6079366 0.6905447 0.0641986 0.0624363
20 0.6721352 0.6905447 0.0641985 0.0624363
15 0.7363338 0.6905447 0.0641986 0.0624363
28 0.3511422 0.7529810 0.0641986 0.0624363
24 0.4153408 0.7529810 0.0641986 0.0624363
10 0.4795394 0.7529810 0.0641986 0.0624363
8 0.5437380 0.7529810 0.0641986 0.0624363
25 0.6721352 0.7529810 0.0641985 0.0624363
