19 0.5109895 0.8989928 0.0618181 0.0671868
27 0.5728075 0.8989928 0.0618181 0.0671868
32 0.4509895 0.7536367 0.4363631 0.4509270
25 0.2637170 0.5630586 0.0618181 0.0671869
4 0.3873532 0.5630586 0.0618181 0.0671869
21 0.4491713 0.5630586 0.0618181 0.0671869
12 0.5728075 0.5630586 0.0618181 0.0671869
17 0.6346257 0.5630586 0.0618181 0.0671869
14 0.2637170 0.6295995 0.0618181 0.0658948
1 0.3255351 0.6295995 0.0618181 0.0658948
8 0.3873532 0.6295995 0.0618181 0.0658948
5 0.4491713 0.6295995 0.0618181 0.0658948
3 0.5109895 0.6295995 0.0618181 0.0658948
29 0.6346257 0.6295995 0.0618181 0.0658948
6 0.2637170 0.6974323 0.0618181 0.0671868
22 0.4491713 0.6974323 0.0618181 0.0671868
23 0.5728075 0.6974323 0.0618181 0.0671868
10 0.6346257 0.6974323 0.0618181 0.0671868
24 0.3255351 0.7646191 0.0618181 0.0671869
7 0.3873532 0.7646191 0.0618181 0.0671869
16 0.4491713 0.7646191 0.0618181 0.0671869
11 0.5109895 0.7646191 0.0618181 0.0671869
31 0.5728075 0.7646191 0.0618181 0.0671869
9 0.6346257 0.7646191 0.0618181 0.0671869
20 0.3873532 0.8318060 0.0618181 0.0671868
26 0.5109895 0.8318060 0.0618181 0.0671868
13 0.5728075 0.8318060 0.0618181 0.0671868
28 0.6346257 0.8318060 0.0618181 0.0671868
15 0.2637170 0.8989928 0.0618181 0.0671868
18 0.3255351 0.8989928 0.0618181 0.0671868
2 0.3873532 0.8989928 0.0618181 0.0671868
30 0.4491713 0.8989928 0.0618181 0.0671868
