6 0.5843444 0.8226663 0.0627088 0.0658686
28 0.6470531 0.8226663 0.0627087 0.0658686
32 0.4607712 0.6801621 0.4426503 0.4420797
26 0.2708004 0.4933233 0.0627088 0.0658686
30 0.3335092 0.4933233 0.0627088 0.0658686
22 0.3962180 0.4933233 0.0627088 0.0658686
29 0.4589268 0.4933233 0.0627088 0.0658686
12 0.5216356 0.4933233 0.0627088 0.0658686
5 0.5843444 0.4933233 0.0627088 0.0658686
10 0.2708004 0.5585585 0.0627088 0.0646019
13 0.3962180 0.5585585 0.0627088 0.0646019
23 0.4589268 0.5585585 0.0627088 0.0646019
7 0.5216356 0.5585585 0.0627088 0.0646019
2 0.5843444 0.5585585 0.0627088 0.0646019
8 0.2708004 0.6250605 0.0627088 0.0658686
15 0.3962180 0.6250605 0.0627088 0.0658686
3 0.4589268 0.6250605 0.0627088 0.0658686
11 0.5843444 0.6250605 0.0627088 0.0658686
21 0.2708004 0.6909291 0.0627088 0.0658686
19 0.3335092 0.6909291 0.0627088 0.0658686
14 0.3962180 0.6909291 0.0627088 0.0658686
17 0.4589268 0.6909291 0.0627088 0.0658686
24 0.5216356 0.6909291 0.0627088 0.0658686
31 0.2708004 0.7567976 0.0627088 0.0658686
16 0.3335092 0.7567976 0.0627088 0.0658686
9 0.3962180 0.7567976 0.0627088 0.0658686
1 0.4589268 0.7567976 0.0627088 0.0658686
18 0.5216356 0.7567976 0.0627088 0.0658686
25 0.5843444 0.7567976 0.0627088 0.0658686
27 0.6470531 0.7567976 0.0627087 0.0658686
4 0.2708004 0.8226663 0.0627088 0.0658686
20 0.3335092 0.8226663 0.0627088 0.0658686
