3 0.6806064 0.8748688 0.0666621 0.0672457
16 0.7472685 0.8748688 0.0666622 0.0672457
32 0.5492427 0.7293853 0.4705566 0.4513218
23 0.3472955 0.5386404 0.0666622 0.0672457
20 0.4806199 0.5386404 0.0666622 0.0672457
7 0.5472820 0.5386404 0.0666622 0.0672457
15 0.6139442 0.5386404 0.0666622 0.0672457
5 0.6806064 0.5386404 0.0666621 0.0672457
9 0.3472955 0.6052395 0.0666622 0.0659525
2 0.4139577 0.6052395 0.0666622 0.0659525
27 0.4806199 0.6052395 0.0666622 0.0659525
12 0.5472820 0.6052395 0.0666622 0.0659525
10 0.6139442 0.6052395 0.0666622 0.0659525
22 0.6806064 0.6052395 0.0666621 0.0659525
18 0.7472685 0.6052395 0.0666622 0.0659525
6 0.4139577 0.6731317 0.0666622 0.0672457
4 0.6806064 0.6731317 0.0666621 0.0672457
19 0.7472685 0.6731317 0.0666622 0.0672457
14 0.3472955 0.7403774 0.0666622 0.0672456
31 0.4139577 0.7403774 0.0666622 0.0672456
29 0.4806199 0.7403774 0.0666622 0.0672456
26 0.7472685 0.7403774 0.0666622 0.0672456
21 0.3472955 0.8076231 0.0666622 0.0672456
17 0.4139577 0.8076231 0.0666622 0.0672456
11 0.4806199 0.8076231 0.0666622 0.0672456
30 0.5472820 0.8076231 0.0666622 0.0672456
13 0.6139442 0.8076231 0.0666622 0.0672456
1 0.7472685 0.8076231 0.0666622 0.0672456
28 0.3472955 0.8748688 0.0666622 0.0672457
24 0.4139577 0.8748688 0.0666622 0.0672457
8 0.4806199 0.8748688 0.0666622 0.0672457
25 0.5472820 0.8748688 0.0666622 0.0672457
