5 0.6212238 0.8490245 0.0665953 0.0624618
16 0.6878191 0.8490245 0.0665952 0.0624618
32 0.4899918 0.7138908 0.4700844 0.4192145
27 0.2882473 0.5367156 0.0665953 0.0624618
3 0.3548425 0.5367156 0.0665953 0.0624618
23 0.4880331 0.5367156 0.0665953 0.0624618
28 0.5546284 0.5367156 0.0665953 0.0624618
2 0.6878191 0.5367156 0.0665952 0.0624618
18 0.4214378 0.5985768 0.0665953 0.0612606
8 0.4880331 0.5985768 0.0665953 0.0612606
29 0.6878191 0.5985768 0.0665952 0.0612606
25 0.2882473 0.6616392 0.0665953 0.0624617
6 0.3548425 0.6616392 0.0665953 0.0624617
9 0.4214378 0.6616392 0.0665953 0.0624617
13 0.4880331 0.6616392 0.0665953 0.0624617
10 0.5546284 0.6616392 0.0665953 0.0624617
19 0.6212238 0.6616392 0.0665953 0.0624617
7 0.6878191 0.6616392 0.0665952 0.0624617
15 0.2882473 0.7241010 0.0665953 0.0624618
4 0.4214378 0.7241010 0.0665953 0.0624618
21 0.5546284 0.7241010 0.0665953 0.0624618
30 0.6212238 0.7241010 0.0665953 0.0624618
26 0.6878191 0.7241010 0.0665952 0.0624618
20 0.2882473 0.7865627 0.0665953 0.0624618
11 0.3548425 0.7865627 0.0665953 0.0624618
22 0.4880331 0.7865627 0.0665953 0.0624618
14 0.5546284 0.7865627 0.0665953 0.0624618
17 0.6212238 0.7865627 0.0665953 0.0624618
31 0.2882473 0.8490245 0.0665953 0.0624618
1 0.3548425 0.8490245 0.0665953 0.0624618
24 0.4214378 0.8490245 0.0665953 0.0624618
12 0.4880331 0.8490245 0.0665953 0.0624618
