20 0.6352419 0.8690425 0.0607224 0.0658595
11 0.6959643 0.8690425 0.0607224 0.0658595
32 0.5155831 0.7265581 0.4286285 0.4420184
28 0.3316301 0.5397452 0.0607224 0.0658595
25 0.3923524 0.5397452 0.0607224 0.0658595
18 0.5745195 0.5397452 0.0607224 0.0658595
3 0.6352419 0.5397452 0.0607224 0.0658595
8 0.3316301 0.6049714 0.0607224 0.0645929
10 0.4530748 0.6049714 0.0607224 0.0645929
24 0.5137971 0.6049714 0.0607224 0.0645929
31 0.5745195 0.6049714 0.0607224 0.0645929
6 0.6352419 0.6049714 0.0607224 0.0645929
2 0.6959643 0.6049714 0.0607224 0.0645929
12 0.3316301 0.6714641 0.0607224 0.0658595
26 0.3923524 0.6714641 0.0607224 0.0658595
1 0.4530748 0.6714641 0.0607224 0.0658595
30 0.6959643 0.6714641 0.0607224 0.0658595
15 0.3923524 0.7373236 0.0607224 0.0658595
22 0.4530748 0.7373236 0.0607224 0.0658595
27 0.5137971 0.7373236 0.0607224 0.0658595
14 0.5745195 0.7373236 0.0607224 0.0658595
21 0.6352419 0.7373236 0.0607224 0.0658595
4 0.6959643 0.7373236 0.0607224 0.0658595
13 0.3316301 0.8031831 0.0607224 0.0658595
16 0.3923524 0.8031831 0.0607224 0.0658595
7 0.5137971 0.8031831 0.0607224 0.0658595
29 0.5745195 0.8031831 0.0607224 0.0658595
9 0.6352419 0.8031831 0.0607224 0.0658595
17 0.3316301 0.8690425 0.0607224 0.0658595
19 0.4530748 0.8690425 0.0607224 0.0658595
5 0.5137971 0.8690425 0.0607224 0.0658595
23 0.5745195 0.8690425 0.0607224 0.0658595
