29 0.5150328 0.8255820 0.0658500 0.0661582
23 0.5808827 0.8255820 0.0658499 0.0661582
32 0.4511196 0.6824511 0.4648230 0.4440236
25 0.2516331 0.4947907 0.0658499 0.0661582
13 0.3174830 0.4947907 0.0658499 0.0661582
12 0.3833329 0.4947907 0.0658499 0.0661582
16 0.4491829 0.4947907 0.0658499 0.0661582
17 0.5150328 0.4947907 0.0658500 0.0661582
3 0.6467326 0.4947907 0.0658499 0.0661582
27 0.2516331 0.5603128 0.0658499 0.0648860
2 0.3833329 0.5603128 0.0658499 0.0648860
5 0.5808827 0.5603128 0.0658499 0.0648860
10 0.6467326 0.5603128 0.0658499 0.0648860
19 0.2516331 0.6271072 0.0658499 0.0661582
7 0.3174830 0.6271072 0.0658499 0.0661582
26 0.3833329 0.6271072 0.0658499 0.0661582
24 0.4491829 0.6271072 0.0658499 0.0661582
30 0.5150328 0.6271072 0.0658500 0.0661582
18 0.5808827 0.6271072 0.0658499 0.0661582
15 0.6467326 0.6271072 0.0658499 0.0661582
11 0.2516331 0.6932654 0.0658499 0.0661582
31 0.3833329 0.6932654 0.0658499 0.0661582
14 0.4491829 0.6932654 0.0658499 0.0661582
22 0.5808827 0.6932654 0.0658499 0.0661582
9 0.2516331 0.7594237 0.0658499 0.0661583
6 0.3174830 0.7594237 0.0658499 0.0661583
4 0.3833329 0.7594237 0.0658499 0.0661583
20 0.5150328 0.7594237 0.0658500 0.0661583
8 0.6467326 0.7594237 0.0658499 0.0661583
1 0.2516331 0.8255820 0.0658499 0.0661582
28 0.3174830 0.8255820 0.0658499 0.0661582
21 0.3833329 0.8255820 0.0658499 0.0661582
