16 0.5337048 0.9186885 0.0632372 0.0656024
12 0.6601792 0.9186885 0.0632372 0.0656024
32 0.4723276 0.7767603 0.4463802 0.4402930
10 0.2807561 0.5906765 0.0632372 0.0656024
1 0.3439933 0.5906765 0.0632372 0.0656024
19 0.4072305 0.5906765 0.0632372 0.0656024
5 0.4704677 0.5906765 0.0632372 0.0656024
3 0.5337048 0.5906765 0.0632372 0.0656024
24 0.5969421 0.5906765 0.0632372 0.0656024
13 0.6601792 0.5906765 0.0632372 0.0656024
17 0.5337048 0.6556481 0.0632372 0.0643409
14 0.5969421 0.6556481 0.0632372 0.0643409
4 0.6601792 0.6556481 0.0632372 0.0643409
22 0.3439933 0.7218813 0.0632372 0.0656023
29 0.4704677 0.7218813 0.0632372 0.0656023
9 0.5337048 0.7218813 0.0632372 0.0656023
30 0.5969421 0.7218813 0.0632372 0.0656023
28 0.6601792 0.7218813 0.0632372 0.0656023
20 0.2807561 0.7874837 0.0632372 0.0656024
31 0.3439933 0.7874837 0.0632372 0.0656024
21 0.4072305 0.7874837 0.0632372 0.0656024
15 0.5969421 0.7874837 0.0632372 0.0656024
27 0.6601792 0.7874837 0.0632372 0.0656024
8 0.2807561 0.8530861 0.0632372 0.0656024
7 0.3439933 0.8530861 0.0632372 0.0656024
26 0.4072305 0.8530861 0.0632372 0.0656024
11 0.4704677 0.8530861 0.0632372 0.0656024
6 0.5969421 0.8530861 0.0632372 0.0656024
18 0.6601792 0.8530861 0.0632372 0.0656024
2 0.2807561 0.9186885 0.0632372 0.0656024
25 0.3439933 0.9186885 0.0632372 0.0656024
23 0.4072305 0.9186885 0.0632372 0.0656024
