16 0.6367204 0.8306518 0.0617050 0.0633252
17 0.6984254 0.8306518 0.0617051 0.0633252
32 0.5151251 0.6936501 0.4355650 0.4250094
12 0.3899002 0.5140258 0.0617051 0.0633252
28 0.4516052 0.5140258 0.0617050 0.0633252
15 0.5133102 0.5140258 0.0617051 0.0633252
24 0.5750153 0.5140258 0.0617051 0.0633252
7 0.3281951 0.5767421 0.0617051 0.0621074
19 0.3899002 0.5767421 0.0617051 0.0621074
26 0.4516052 0.5767421 0.0617050 0.0621074
14 0.5750153 0.5767421 0.0617051 0.0621074
20 0.6367204 0.5767421 0.0617050 0.0621074
10 0.6984254 0.5767421 0.0617051 0.0621074
3 0.3281951 0.6406762 0.0617051 0.0633252
6 0.3899002 0.6406762 0.0617051 0.0633252
13 0.5133102 0.6406762 0.0617051 0.0633252
21 0.5750153 0.6406762 0.0617051 0.0633252
25 0.6367204 0.6406762 0.0617050 0.0633252
4 0.6984254 0.6406762 0.0617051 0.0633252
27 0.3281951 0.7040014 0.0617051 0.0633252
23 0.3899002 0.7040014 0.0617051 0.0633252
22 0.5133102 0.7040014 0.0617051 0.0633252
29 0.6367204 0.7040014 0.0617050 0.0633252
8 0.6984254 0.7040014 0.0617051 0.0633252
1 0.3899002 0.7673266 0.0617051 0.0633252
18 0.4516052 0.7673266 0.0617050 0.0633252
31 0.5133102 0.7673266 0.0617051 0.0633252
30 0.5750153 0.7673266 0.0617051 0.0633252
11 0.6367204 0.7673266 0.0617050 0.0633252
2 0.6984254 0.7673266 0.0617051 0.0633252
9 0.4516052 0.8306518 0.0617050 0.0633252
5 0.5750153 0.8306518 0.0617051 0.0633252
