7 0.6386660 0.8983964 0.0651946 0.0659395
3 0.7038605 0.8983964 0.0651945 0.0659395
32 0.5101944 0.7557388 0.4601968 0.4425555
1 0.3126933 0.5686988 0.0651945 0.0659395
2 0.3778878 0.5686988 0.0651945 0.0659395
25 0.4430824 0.5686988 0.0651945 0.0659395
29 0.5734715 0.5686988 0.0651945 0.0659395
4 0.7038605 0.5686988 0.0651945 0.0659395
24 0.3126933 0.6340043 0.0651945 0.0646715
22 0.3778878 0.6340043 0.0651945 0.0646715
20 0.4430824 0.6340043 0.0651945 0.0646715
31 0.6386660 0.6340043 0.0651946 0.0646715
28 0.7038605 0.6340043 0.0651945 0.0646715
11 0.3126933 0.7005779 0.0651945 0.0659395
23 0.3778878 0.7005779 0.0651945 0.0659395
9 0.5082769 0.7005779 0.0651945 0.0659395
21 0.6386660 0.7005779 0.0651946 0.0659395
27 0.3126933 0.7665173 0.0651945 0.0659395
30 0.3778878 0.7665173 0.0651945 0.0659395
6 0.4430824 0.7665173 0.0651945 0.0659395
15 0.5082769 0.7665173 0.0651945 0.0659395
14 0.5734715 0.7665173 0.0651945 0.0659395
8 0.6386660 0.7665173 0.0651946 0.0659395
26 0.3126933 0.8324568 0.0651945 0.0659396
13 0.3778878 0.8324568 0.0651945 0.0659396
5 0.5082769 0.8324568 0.0651945 0.0659396
12 0.6386660 0.8324568 0.0651946 0.0659396
10 0.7038605 0.8324568 0.0651945 0.0659396
19 0.3126933 0.8983964 0.0651945 0.0659395
16 0.3778878 0.8983964 0.0651945 0.0659395
17 0.4430824 0.8983964 0.0651945 0.0659395
18 0.5082769 0.8983964 0.0651945 0.0659395
