27 0.6100229 0.8759125 0.0631942 0.0637502
13 0.6732172 0.8759125 0.0631942 0.0637502
32 0.4854931 0.7379913 0.4460767 0.4278620
10 0.2940519 0.5571614 0.0631942 0.0637502
11 0.3572461 0.5571614 0.0631942 0.0637502
28 0.4204403 0.5571614 0.0631942 0.0637502
21 0.4836345 0.5571614 0.0631942 0.0637502
7 0.5468287 0.5571614 0.0631942 0.0637502
30 0.6100229 0.5571614 0.0631942 0.0637502
9 0.6732172 0.5571614 0.0631942 0.0637502
18 0.2940519 0.6202986 0.0631942 0.0625243
23 0.3572461 0.6202986 0.0631942 0.0625243
6 0.4204403 0.6202986 0.0631942 0.0625243
20 0.4836345 0.6202986 0.0631942 0.0625243
24 0.6732172 0.6202986 0.0631942 0.0625243
22 0.2940519 0.6846619 0.0631942 0.0637502
8 0.4204403 0.6846619 0.0631942 0.0637502
1 0.4836345 0.6846619 0.0631942 0.0637502
31 0.5468287 0.6846619 0.0631942 0.0637502
26 0.6100229 0.6846619 0.0631942 0.0637502
25 0.2940519 0.7484120 0.0631942 0.0637502
5 0.4204403 0.7484120 0.0631942 0.0637502
19 0.4836345 0.7484120 0.0631942 0.0637502
3 0.5468287 0.7484120 0.0631942 0.0637502
2 0.6100229 0.7484120 0.0631942 0.0637502
15 0.2940519 0.8121622 0.0631942 0.0637502
17 0.4836345 0.8121622 0.0631942 0.0637502
12 0.5468287 0.8121622 0.0631942 0.0637502
16 0.6732172 0.8121622 0.0631942 0.0637502
29 0.3572461 0.8759125 0.0631942 0.0637502
4 0.4836345 0.8759125 0.0631942 0.0637502
14 0.5468287 0.8759125 0.0631942 0.0637502
