7 0.6019666 0.8603529 0.0662291 0.0621851
28 0.6681957 0.8603529 0.0662291 0.0621851
32 0.4714564 0.7258180 0.4674994 0.4173572
4 0.2708212 0.5494278 0.0662291 0.0621851
6 0.4032794 0.5494278 0.0662291 0.0621851
17 0.5357375 0.5494278 0.0662291 0.0621851
25 0.6019666 0.5494278 0.0662291 0.0621851
27 0.6681957 0.5494278 0.0662291 0.0621851
10 0.3370503 0.6110149 0.0662291 0.0609892
11 0.4032794 0.6110149 0.0662291 0.0609892
5 0.4695085 0.6110149 0.0662291 0.0609892
22 0.5357375 0.6110149 0.0662291 0.0609892
13 0.6681957 0.6110149 0.0662291 0.0609892
15 0.2708212 0.6737978 0.0662291 0.0621851
19 0.3370503 0.6737978 0.0662291 0.0621851
29 0.4032794 0.6737978 0.0662291 0.0621851
12 0.4695085 0.6737978 0.0662291 0.0621851
1 0.5357375 0.6737978 0.0662291 0.0621851
20 0.6019666 0.6737978 0.0662291 0.0621851
26 0.6681957 0.6737978 0.0662291 0.0621851
30 0.2708212 0.7359829 0.0662291 0.0621851
21 0.3370503 0.7359829 0.0662291 0.0621851
31 0.4032794 0.7359829 0.0662291 0.0621851
2 0.5357375 0.7359829 0.0662291 0.0621851
24 0.6681957 0.7359829 0.0662291 0.0621851
8 0.3370503 0.7981679 0.0662291 0.0621850
23 0.4695085 0.7981679 0.0662291 0.0621850
3 0.5357375 0.7981679 0.0662291 0.0621850
16 0.2708212 0.8603529 0.0662291 0.0621851
18 0.3370503 0.8603529 0.0662291 0.0621851
9 0.4032794 0.8603529 0.0662291 0.0621851
14 0.5357375 0.8603529 0.0662291 0.0621851
