24 0.5311391 0.8449989 0.0648108 0.0617530
11 0.6607609 0.8449989 0.0648109 0.0617530
32 0.4682345 0.7113986 0.4574885 0.4144579
17 0.2718957 0.5362337 0.0648108 0.0617530
20 0.4015174 0.5362337 0.0648109 0.0617530
6 0.4663283 0.5362337 0.0648109 0.0617530
28 0.5311391 0.5362337 0.0648108 0.0617530
5 0.5959500 0.5362337 0.0648109 0.0617530
1 0.6607609 0.5362337 0.0648109 0.0617530
25 0.2718957 0.5973930 0.0648108 0.0605655
16 0.3367066 0.5973930 0.0648109 0.0605655
31 0.4663283 0.5973930 0.0648109 0.0605655
27 0.5311391 0.5973930 0.0648108 0.0605655
15 0.5959500 0.5973930 0.0648109 0.0605655
7 0.6607609 0.5973930 0.0648109 0.0605655
4 0.2718957 0.6597398 0.0648108 0.0617530
19 0.3367066 0.6597398 0.0648109 0.0617530
29 0.4015174 0.6597398 0.0648109 0.0617530
30 0.4663283 0.6597398 0.0648109 0.0617530
10 0.5311391 0.6597398 0.0648108 0.0617530
2 0.5959500 0.6597398 0.0648109 0.0617530
9 0.6607609 0.6597398 0.0648109 0.0617530
18 0.3367066 0.7214928 0.0648109 0.0617530
13 0.4663283 0.7214928 0.0648109 0.0617530
23 0.5959500 0.7214928 0.0648109 0.0617530
3 0.2718957 0.7832458 0.0648108 0.0617531
8 0.3367066 0.7832458 0.0648109 0.0617531
26 0.4015174 0.7832458 0.0648109 0.0617531
12 0.5311391 0.7832458 0.0648108 0.0617531
21 0.5959500 0.7832458 0.0648109 0.0617531
22 0.2718957 0.8449989 0.0648108 0.0617530
14 0.4663283 0.8449989 0.0648109 0.0617530
