26 0.6531473 0.8215112 0.0618701 0.0628673
24 0.7150174 0.8215112 0.0618701 0.0628673
32 0.5312268 0.6855002 0.4367300 0.4219362
16 0.3437968 0.5071747 0.0618701 0.0628673
14 0.4675370 0.5071747 0.0618701 0.0628673
9 0.7150174 0.5071747 0.0618701 0.0628673
18 0.3437968 0.5694375 0.0618701 0.0616583
3 0.4056670 0.5694375 0.0618701 0.0616583
20 0.4675370 0.5694375 0.0618701 0.0616583
28 0.5294071 0.5694375 0.0618701 0.0616583
17 0.3437968 0.6329093 0.0618701 0.0628673
11 0.4675370 0.6329093 0.0618701 0.0628673
8 0.5294071 0.6329093 0.0618701 0.0628673
4 0.5912772 0.6329093 0.0618701 0.0628673
1 0.6531473 0.6329093 0.0618701 0.0628673
5 0.7150174 0.6329093 0.0618701 0.0628673
23 0.4056670 0.6957766 0.0618701 0.0628673
27 0.4675370 0.6957766 0.0618701 0.0628673
2 0.5294071 0.6957766 0.0618701 0.0628673
31 0.5912772 0.6957766 0.0618701 0.0628673
21 0.6531473 0.6957766 0.0618701 0.0628673
7 0.7150174 0.6957766 0.0618701 0.0628673
30 0.4056670 0.7586439 0.0618701 0.0628673
10 0.4675370 0.7586439 0.0618701 0.0628673
15 0.5294071 0.7586439 0.0618701 0.0628673
12 0.5912772 0.7586439 0.0618701 0.0628673
29 0.6531473 0.7586439 0.0618701 0.0628673
6 0.7150174 0.7586439 0.0618701 0.0628673
22 0.3437968 0.8215112 0.0618701 0.0628673
19 0.4056670 0.8215112 0.0618701 0.0628673
13 0.4675370 0.8215112 0.0618701 0.0628673
25 0.5912772 0.8215112 0.0618701 0.0628673
