1 0.6142527 0.9012771 0.0634917 0.0660852
9 0.6777444 0.9012771 0.0634917 0.0660852
32 0.4891368 0.7583041 0.4481765 0.4435337
13 0.2967944 0.5708508 0.0634916 0.0660852
2 0.4237777 0.5708508 0.0634917 0.0660852
24 0.4872694 0.5708508 0.0634917 0.0660852
4 0.6142527 0.5708508 0.0634917 0.0660852
29 0.6777444 0.5708508 0.0634917 0.0660852
3 0.3602860 0.6363006 0.0634917 0.0648144
7 0.4237777 0.6363006 0.0634917 0.0648144
17 0.5507610 0.6363006 0.0634917 0.0648144
14 0.6142527 0.6363006 0.0634917 0.0648144
25 0.6777444 0.6363006 0.0634917 0.0648144
26 0.2967944 0.7030212 0.0634916 0.0660853
11 0.4872694 0.7030212 0.0634917 0.0660853
15 0.6142527 0.7030212 0.0634917 0.0660853
28 0.6777444 0.7030212 0.0634917 0.0660853
6 0.4237777 0.7691066 0.0634917 0.0660853
23 0.4872694 0.7691066 0.0634917 0.0660853
19 0.5507610 0.7691066 0.0634917 0.0660853
22 0.6142527 0.7691066 0.0634917 0.0660853
16 0.6777444 0.7691066 0.0634917 0.0660853
12 0.2967944 0.8351918 0.0634916 0.0660853
21 0.3602860 0.8351918 0.0634917 0.0660853
27 0.4237777 0.8351918 0.0634917 0.0660853
5 0.4872694 0.8351918 0.0634917 0.0660853
8 0.5507610 0.8351918 0.0634917 0.0660853
20 0.6142527 0.8351918 0.0634917 0.0660853
31 0.6777444 0.8351918 0.0634917 0.0660853
18 0.2967944 0.9012771 0.0634916 0.0660852
30 0.3602860 0.9012771 0.0634917 0.0660852
10 0.4237777 0.9012771 0.0634917 0.0660852
