16 0.6774553 0.8322881 0.0667334 0.0630413
26 0.7441887 0.8322881 0.0667334 0.0630413
32 0.5459512 0.6959007 0.4710593 0.4231042
22 0.3437883 0.5170815 0.0667334 0.0630413
15 0.4772551 0.5170815 0.0667334 0.0630413
31 0.6107219 0.5170815 0.0667334 0.0630413
30 0.6774553 0.5170815 0.0667334 0.0630413
9 0.7441887 0.5170815 0.0667334 0.0630413
17 0.4105217 0.5795167 0.0667334 0.0618290
12 0.4772551 0.5795167 0.0667334 0.0618290
8 0.5439885 0.5795167 0.0667334 0.0618290
24 0.6107219 0.5795167 0.0667334 0.0618290
28 0.6774553 0.5795167 0.0667334 0.0618290
18 0.7441887 0.5795167 0.0667334 0.0618290
1 0.3437883 0.6431642 0.0667334 0.0630413
19 0.4772551 0.6431642 0.0667334 0.0630413
10 0.5439885 0.6431642 0.0667334 0.0630413
3 0.6774553 0.6431642 0.0667334 0.0630413
5 0.7441887 0.6431642 0.0667334 0.0630413
27 0.4772551 0.7062054 0.0667334 0.0630413
11 0.5439885 0.7062054 0.0667334 0.0630413
7 0.6774553 0.7062054 0.0667334 0.0630413
4 0.3437883 0.7692468 0.0667334 0.0630413
20 0.4105217 0.7692468 0.0667334 0.0630413
23 0.5439885 0.7692468 0.0667334 0.0630413
25 0.6107219 0.7692468 0.0667334 0.0630413
29 0.6774553 0.7692468 0.0667334 0.0630413
21 0.7441887 0.7692468 0.0667334 0.0630413
14 0.3437883 0.8322881 0.0667334 0.0630413
13 0.4105217 0.8322881 0.0667334 0.0630413
2 0.4772551 0.8322881 0.0667334 0.0630413
6 0.6107219 0.8322881 0.0667334 0.0630413
