7 0.6082203 0.9020990 0.0643261 0.0674711
20 0.6725464 0.9020990 0.0643261 0.0674711
32 0.4814601 0.7561278 0.4540664 0.4528351
22 0.3509160 0.5647433 0.0643261 0.0674711
23 0.4152420 0.5647433 0.0643261 0.0674711
9 0.4795681 0.5647433 0.0643261 0.0674711
11 0.6725464 0.5647433 0.0643261 0.0674711
31 0.3509160 0.6315657 0.0643261 0.0661736
3 0.5438942 0.6315657 0.0643261 0.0661736
12 0.6082203 0.6315657 0.0643261 0.0661736
2 0.6725464 0.6315657 0.0643261 0.0661736
5 0.2865899 0.6996855 0.0643261 0.0674711
27 0.4152420 0.6996855 0.0643261 0.0674711
28 0.4795681 0.6996855 0.0643261 0.0674711
30 0.5438942 0.6996855 0.0643261 0.0674711
15 0.6082203 0.6996855 0.0643261 0.0674711
18 0.6725464 0.6996855 0.0643261 0.0674711
17 0.3509160 0.7671567 0.0643261 0.0674712
16 0.4152420 0.7671567 0.0643261 0.0674712
14 0.4795681 0.7671567 0.0643261 0.0674712
29 0.5438942 0.7671567 0.0643261 0.0674712
4 0.6082203 0.7671567 0.0643261 0.0674712
13 0.6725464 0.7671567 0.0643261 0.0674712
8 0.2865899 0.8346278 0.0643261 0.0674712
6 0.3509160 0.8346278 0.0643261 0.0674712
25 0.4795681 0.8346278 0.0643261 0.0674712
21 0.5438942 0.8346278 0.0643261 0.0674712
26 0.6082203 0.8346278 0.0643261 0.0674712
24 0.2865899 0.9020990 0.0643261 0.0674711
1 0.3509160 0.9020990 0.0643261 0.0674711
10 0.4152420 0.9020990 0.0643261 0.0674711
19 0.5438942 0.9020990 0.0643261 0.0674711
