23 0.6261649 0.8965385 0.0638576 0.0656416
30 0.6900225 0.8965385 0.0638576 0.0656416
32 0.5003279 0.7545255 0.4507594 0.4405558
8 0.3068771 0.5683307 0.0638576 0.0656416
16 0.4345922 0.5683307 0.0638576 0.0656416
27 0.4984497 0.5683307 0.0638576 0.0656416
10 0.5623073 0.5683307 0.0638576 0.0656416
18 0.6261649 0.5683307 0.0638576 0.0656416
19 0.3068771 0.6333411 0.0638576 0.0643792
2 0.3707346 0.6333411 0.0638575 0.0643792
28 0.4345922 0.6333411 0.0638576 0.0643792
6 0.4984497 0.6333411 0.0638576 0.0643792
7 0.5623073 0.6333411 0.0638576 0.0643792
17 0.6261649 0.6333411 0.0638576 0.0643792
5 0.3068771 0.6996138 0.0638576 0.0656416
25 0.4345922 0.6996138 0.0638576 0.0656416
20 0.4984497 0.6996138 0.0638576 0.0656416
29 0.5623073 0.6996138 0.0638576 0.0656416
31 0.3068771 0.7652554 0.0638576 0.0656416
14 0.3707346 0.7652554 0.0638575 0.0656416
11 0.4984497 0.7652554 0.0638576 0.0656416
13 0.5623073 0.7652554 0.0638576 0.0656416
15 0.6261649 0.7652554 0.0638576 0.0656416
1 0.3068771 0.8308969 0.0638576 0.0656416
22 0.3707346 0.8308969 0.0638575 0.0656416
24 0.4345922 0.8308969 0.0638576 0.0656416
26 0.4984497 0.8308969 0.0638576 0.0656416
3 0.5623073 0.8308969 0.0638576 0.0656416
4 0.6900225 0.8308969 0.0638576 0.0656416
12 0.3068771 0.8965385 0.0638576 0.0656416
21 0.3707346 0.8965385 0.0638575 0.0656416
9 0.4984497 0.8965385 0.0638576 0.0656416
