24 0.5784201 0.8503664 0.0625750 0.0667407
26 0.6409950 0.8503664 0.0625749 0.0667407
32 0.4551105 0.7059753 0.4417056 0.4479331
3 0.2655453 0.5166627 0.0625750 0.0667408
16 0.3281202 0.5166627 0.0625749 0.0667408
11 0.3906952 0.5166627 0.0625750 0.0667408
14 0.5158451 0.5166627 0.0625750 0.0667408
28 0.6409950 0.5166627 0.0625749 0.0667408
17 0.2655453 0.5827617 0.0625750 0.0654573
4 0.3906952 0.5827617 0.0625750 0.0654573
19 0.4532701 0.5827617 0.0625750 0.0654573
2 0.5158451 0.5827617 0.0625750 0.0654573
6 0.5784201 0.5827617 0.0625750 0.0654573
15 0.2655453 0.6501442 0.0625750 0.0667408
10 0.3906952 0.6501442 0.0625750 0.0667408
20 0.4532701 0.6501442 0.0625750 0.0667408
25 0.5784201 0.6501442 0.0625750 0.0667408
27 0.6409950 0.6501442 0.0625749 0.0667408
9 0.2655453 0.7168849 0.0625750 0.0667407
30 0.3281202 0.7168849 0.0625749 0.0667407
7 0.5158451 0.7168849 0.0625750 0.0667407
22 0.5784201 0.7168849 0.0625750 0.0667407
31 0.6409950 0.7168849 0.0625749 0.0667407
29 0.2655453 0.7836256 0.0625750 0.0667408
1 0.3281202 0.7836256 0.0625749 0.0667408
8 0.3906952 0.7836256 0.0625750 0.0667408
18 0.4532701 0.7836256 0.0625750 0.0667408
5 0.6409950 0.7836256 0.0625749 0.0667408
12 0.2655453 0.8503664 0.0625750 0.0667407
21 0.3906952 0.8503664 0.0625750 0.0667407
13 0.4532701 0.8503664 0.0625750 0.0667407
23 0.5158451 0.8503664 0.0625750 0.0667407
