28 0.6616619 0.8988103 0.0614658 0.0647651
13 0.7231277 0.8988103 0.0614658 0.0647651
32 0.5405382 0.7586935 0.4338761 0.4346733
20 0.3543330 0.5749849 0.0614658 0.0647651
17 0.6001961 0.5749849 0.0614658 0.0647651
31 0.6616619 0.5749849 0.0614658 0.0647651
11 0.7231277 0.5749849 0.0614658 0.0647651
29 0.4157988 0.6391272 0.0614658 0.0635196
12 0.4772646 0.6391272 0.0614658 0.0635196
16 0.5387303 0.6391272 0.0614658 0.0635196
18 0.6001961 0.6391272 0.0614658 0.0635196
2 0.6616619 0.6391272 0.0614658 0.0635196
26 0.7231277 0.6391272 0.0614658 0.0635196
9 0.3543330 0.7045151 0.0614658 0.0647651
30 0.4157988 0.7045151 0.0614658 0.0647651
5 0.4772646 0.7045151 0.0614658 0.0647651
25 0.5387303 0.7045151 0.0614658 0.0647651
24 0.6616619 0.7045151 0.0614658 0.0647651
14 0.7231277 0.7045151 0.0614658 0.0647651
6 0.4772646 0.7692801 0.0614658 0.0647650
23 0.5387303 0.7692801 0.0614658 0.0647650
8 0.6001961 0.7692801 0.0614658 0.0647650
27 0.6616619 0.7692801 0.0614658 0.0647650
19 0.7231277 0.7692801 0.0614658 0.0647650
22 0.3543330 0.8340451 0.0614658 0.0647651
3 0.4157988 0.8340451 0.0614658 0.0647651
7 0.5387303 0.8340451 0.0614658 0.0647651
1 0.6616619 0.8340451 0.0614658 0.0647651
4 0.3543330 0.8988103 0.0614658 0.0647651
10 0.4772646 0.8988103 0.0614658 0.0647651
15 0.5387303 0.8988103 0.0614658 0.0647651
21 0.6001961 0.8988103 0.0614658 0.0647651
