7 0.5915886 0.8997092 0.0661699 0.0648348
28 0.6577584 0.8997092 0.0661699 0.0648348
32 0.5273648 0.7594414 0.4670816 0.4351418
15 0.3269090 0.5755347 0.0661699 0.0648349
29 0.3930788 0.5755347 0.0661699 0.0648349
17 0.4592487 0.5755347 0.0661699 0.0648349
19 0.5254187 0.5755347 0.0661699 0.0648349
14 0.6577584 0.5755347 0.0661699 0.0648349
21 0.7239283 0.5755347 0.0661699 0.0648349
22 0.3269090 0.6397462 0.0661699 0.0635880
27 0.4592487 0.6397462 0.0661699 0.0635880
5 0.5915886 0.6397462 0.0661699 0.0635880
18 0.6577584 0.6397462 0.0661699 0.0635880
16 0.7239283 0.6397462 0.0661699 0.0635880
26 0.3930788 0.7052045 0.0661699 0.0648348
11 0.4592487 0.7052045 0.0661699 0.0648348
13 0.5254187 0.7052045 0.0661699 0.0648348
31 0.5915886 0.7052045 0.0661699 0.0648348
9 0.6577584 0.7052045 0.0661699 0.0648348
1 0.3269090 0.7700394 0.0661699 0.0648349
8 0.3930788 0.7700394 0.0661699 0.0648349
24 0.4592487 0.7700394 0.0661699 0.0648349
4 0.5254187 0.7700394 0.0661699 0.0648349
3 0.6577584 0.7700394 0.0661699 0.0648349
23 0.3269090 0.8348743 0.0661699 0.0648349
12 0.3930788 0.8348743 0.0661699 0.0648349
25 0.4592487 0.8348743 0.0661699 0.0648349
6 0.5254187 0.8348743 0.0661699 0.0648349
20 0.5915886 0.8348743 0.0661699 0.0648349
2 0.3269090 0.8997092 0.0661699 0.0648348
30 0.3930788 0.8997092 0.0661699 0.0648348
10 0.5254187 0.8997092 0.0661699 0.0648348
