27 0.6343745 0.9177882 0.0646431 0.0677022
17 0.6990176 0.9177882 0.0646432 0.0677022
32 0.5069896 0.7713172 0.4563044 0.4543855
14 0.3111589 0.5792775 0.0646431 0.0677021
9 0.3758020 0.5792775 0.0646431 0.0677021
19 0.4404452 0.5792775 0.0646431 0.0677021
7 0.6990176 0.5792775 0.0646432 0.0677021
3 0.3758020 0.6463287 0.0646431 0.0664002
1 0.4404452 0.6463287 0.0646431 0.0664002
21 0.5050883 0.6463287 0.0646431 0.0664002
20 0.6990176 0.6463287 0.0646432 0.0664002
30 0.3111589 0.7146818 0.0646431 0.0677022
4 0.5050883 0.7146818 0.0646431 0.0677022
13 0.5697314 0.7146818 0.0646431 0.0677022
25 0.6990176 0.7146818 0.0646432 0.0677022
24 0.3111589 0.7823839 0.0646431 0.0677021
16 0.3758020 0.7823839 0.0646431 0.0677021
6 0.4404452 0.7823839 0.0646431 0.0677021
18 0.5697314 0.7823839 0.0646431 0.0677021
2 0.6343745 0.7823839 0.0646431 0.0677021
5 0.6990176 0.7823839 0.0646432 0.0677021
31 0.3111589 0.8500861 0.0646431 0.0677022
22 0.3758020 0.8500861 0.0646431 0.0677022
29 0.4404452 0.8500861 0.0646431 0.0677022
8 0.5050883 0.8500861 0.0646431 0.0677022
23 0.5697314 0.8500861 0.0646431 0.0677022
28 0.6343745 0.8500861 0.0646431 0.0677022
11 0.6990176 0.8500861 0.0646432 0.0677022
10 0.3111589 0.9177882 0.0646431 0.0677022
26 0.3758020 0.9177882 0.0646431 0.0677022
15 0.4404452 0.9177882 0.0646431 0.0677022
12 0.5050883 0.9177882 0.0646431 0.0677022
