13 0.4577398 0.9055358 0.0643522 0.0658533
8 0.5864442 0.9055358 0.0643522 0.0658533
32 0.4596325 0.7630649 0.4542510 0.4419767
27 0.3290353 0.5762696 0.0643522 0.0658533
6 0.3933875 0.5762696 0.0643522 0.0658533
18 0.4577398 0.5762696 0.0643522 0.0658533
19 0.5864442 0.5762696 0.0643522 0.0658533
3 0.6507964 0.5762696 0.0643523 0.0658533
21 0.2646831 0.6414896 0.0643522 0.0645868
1 0.3290353 0.6414896 0.0643522 0.0645868
26 0.3933875 0.6414896 0.0643522 0.0645868
31 0.4577398 0.6414896 0.0643522 0.0645868
29 0.5220920 0.6414896 0.0643522 0.0645868
10 0.5864442 0.6414896 0.0643522 0.0645868
2 0.2646831 0.7079761 0.0643522 0.0658533
28 0.3290353 0.7079761 0.0643522 0.0658533
15 0.3933875 0.7079761 0.0643522 0.0658533
17 0.5220920 0.7079761 0.0643522 0.0658533
16 0.6507964 0.7079761 0.0643523 0.0658533
22 0.2646831 0.7738293 0.0643522 0.0658533
14 0.3290353 0.7738293 0.0643522 0.0658533
23 0.5220920 0.7738293 0.0643522 0.0658533
7 0.6507964 0.7738293 0.0643523 0.0658533
12 0.2646831 0.8396826 0.0643522 0.0658532
5 0.3290353 0.8396826 0.0643522 0.0658532
9 0.3933875 0.8396826 0.0643522 0.0658532
20 0.4577398 0.8396826 0.0643522 0.0658532
25 0.5864442 0.8396826 0.0643522 0.0658532
4 0.6507964 0.8396826 0.0643523 0.0658532
30 0.2646831 0.9055358 0.0643522 0.0658533
24 0.3290353 0.9055358 0.0643522 0.0658533
11 0.3933875 0.9055358 0.0643522 0.0658533
