1 0.6074788 0.8894893 0.0657215 0.0619084
17 0.6732002 0.8894893 0.0657214 0.0619084
32 0.4779688 0.7555528 0.4639162 0.4155008
24 0.2788714 0.5799472 0.0657215 0.0619084
11 0.3445929 0.5799472 0.0657215 0.0619084
5 0.4760358 0.5799472 0.0657215 0.0619084
16 0.5417573 0.5799472 0.0657215 0.0619084
27 0.6732002 0.5799472 0.0657214 0.0619084
26 0.2788714 0.6412603 0.0657215 0.0607179
9 0.3445929 0.6412603 0.0657215 0.0607179
4 0.4103143 0.6412603 0.0657215 0.0607179
18 0.4760358 0.6412603 0.0657215 0.0607179
12 0.5417573 0.6412603 0.0657215 0.0607179
25 0.2788714 0.7037640 0.0657215 0.0619084
20 0.3445929 0.7037640 0.0657215 0.0619084
28 0.4103143 0.7037640 0.0657215 0.0619084
14 0.4760358 0.7037640 0.0657215 0.0619084
8 0.5417573 0.7037640 0.0657215 0.0619084
30 0.4103143 0.7656725 0.0657215 0.0619084
6 0.4760358 0.7656725 0.0657215 0.0619084
10 0.6074788 0.7656725 0.0657215 0.0619084
7 0.6732002 0.7656725 0.0657214 0.0619084
23 0.2788714 0.8275809 0.0657215 0.0619084
29 0.3445929 0.8275809 0.0657215 0.0619084
21 0.4103143 0.8275809 0.0657215 0.0619084
19 0.4760358 0.8275809 0.0657215 0.0619084
2 0.5417573 0.8275809 0.0657215 0.0619084
3 0.6074788 0.8275809 0.0657215 0.0619084
31 0.6732002 0.8275809 0.0657214 0.0619084
13 0.3445929 0.8894893 0.0657215 0.0619084
15 0.4103143 0.8894893 0.0657215 0.0619084
22 0.5417573 0.8894893 0.0657215 0.0619084
