4 0.4505438 0.8908942 0.0651212 0.0637926
11 0.6459076 0.8908942 0.0651212 0.0637926
32 0.4524592 0.7528812 0.4596794 0.4281471
5 0.2551801 0.5719307 0.0651213 0.0637927
27 0.3203013 0.5719307 0.0651212 0.0637927
9 0.4505438 0.5719307 0.0651212 0.0637927
3 0.5807863 0.5719307 0.0651212 0.0637927
23 0.6459076 0.5719307 0.0651212 0.0637927
20 0.2551801 0.6351100 0.0651213 0.0625659
1 0.3203013 0.6351100 0.0651212 0.0625659
7 0.3854226 0.6351100 0.0651213 0.0625659
31 0.4505438 0.6351100 0.0651212 0.0625659
2 0.5156651 0.6351100 0.0651213 0.0625659
28 0.5807863 0.6351100 0.0651212 0.0625659
30 0.6459076 0.6351100 0.0651212 0.0625659
26 0.2551801 0.6995161 0.0651213 0.0637926
29 0.3203013 0.6995161 0.0651212 0.0637926
16 0.3854226 0.6995161 0.0651213 0.0637926
18 0.5156651 0.6995161 0.0651213 0.0637926
6 0.5807863 0.6995161 0.0651212 0.0637926
24 0.4505438 0.7633088 0.0651212 0.0637927
8 0.5156651 0.7633088 0.0651213 0.0637927
17 0.5807863 0.7633088 0.0651212 0.0637927
15 0.2551801 0.8271015 0.0651213 0.0637927
14 0.3203013 0.8271015 0.0651212 0.0637927
13 0.4505438 0.8271015 0.0651212 0.0637927
22 0.5807863 0.8271015 0.0651212 0.0637927
25 0.6459076 0.8271015 0.0651212 0.0637927
19 0.2551801 0.8908942 0.0651213 0.0637926
21 0.3203013 0.8908942 0.0651212 0.0637926
10 0.3854226 0.8908942 0.0651213 0.0637926
