1 0.6211232 0.8716127 0.0654760 0.0627811
23 0.6865993 0.8716127 0.0654761 0.0627811
32 0.4920969 0.7357882 0.4621839 0.4213579
3 0.2937429 0.5577071 0.0654761 0.0627811
24 0.4901711 0.5577071 0.0654761 0.0627811
7 0.5556472 0.5577071 0.0654760 0.0627811
28 0.6211232 0.5577071 0.0654760 0.0627811
31 0.6865993 0.5577071 0.0654761 0.0627811
10 0.2937429 0.6198846 0.0654761 0.0615738
4 0.5556472 0.6198846 0.0654760 0.0615738
19 0.6211232 0.6198846 0.0654760 0.0615738
29 0.6865993 0.6198846 0.0654761 0.0615738
6 0.2937429 0.6832693 0.0654761 0.0627811
30 0.3592190 0.6832693 0.0654761 0.0627811
15 0.4246951 0.6832693 0.0654760 0.0627811
14 0.4901711 0.6832693 0.0654761 0.0627811
13 0.5556472 0.6832693 0.0654760 0.0627811
8 0.6865993 0.6832693 0.0654761 0.0627811
2 0.3592190 0.7460506 0.0654761 0.0627811
17 0.4901711 0.7460506 0.0654761 0.0627811
25 0.5556472 0.7460506 0.0654760 0.0627811
18 0.6211232 0.7460506 0.0654760 0.0627811
22 0.6865993 0.7460506 0.0654761 0.0627811
21 0.3592190 0.8088316 0.0654761 0.0627811
5 0.4246951 0.8088316 0.0654760 0.0627811
16 0.4901711 0.8088316 0.0654761 0.0627811
26 0.5556472 0.8088316 0.0654760 0.0627811
9 0.6211232 0.8088316 0.0654760 0.0627811
12 0.6865993 0.8088316 0.0654761 0.0627811
11 0.3592190 0.8716127 0.0654761 0.0627811
27 0.5556472 0.8716127 0.0654760 0.0627811
