11 0.6410997 0.8419843 0.0642073 0.0621197
12 0.7053069 0.8419843 0.0642072 0.0621197
32 0.5145737 0.7075908 0.4532275 0.4169187
28 0.3200636 0.5313858 0.0642072 0.0621197
15 0.3842708 0.5313858 0.0642072 0.0621197
17 0.5126852 0.5313858 0.0642072 0.0621197
4 0.5768925 0.5313858 0.0642072 0.0621197
2 0.7053069 0.5313858 0.0642072 0.0621197
18 0.3200636 0.5929082 0.0642072 0.0609251
22 0.3842708 0.5929082 0.0642072 0.0609251
30 0.4484781 0.5929082 0.0642072 0.0609251
27 0.5126852 0.5929082 0.0642072 0.0609251
16 0.5768925 0.5929082 0.0642072 0.0609251
14 0.6410997 0.5929082 0.0642073 0.0609251
7 0.7053069 0.5929082 0.0642072 0.0609251
6 0.3200636 0.6556252 0.0642072 0.0621197
13 0.4484781 0.6556252 0.0642072 0.0621197
23 0.5126852 0.6556252 0.0642072 0.0621197
20 0.5768925 0.6556252 0.0642072 0.0621197
29 0.6410997 0.6556252 0.0642073 0.0621197
26 0.3200636 0.7177449 0.0642072 0.0621197
25 0.3842708 0.7177449 0.0642072 0.0621197
19 0.5126852 0.7177449 0.0642072 0.0621197
9 0.7053069 0.7177449 0.0642072 0.0621197
21 0.3842708 0.7798647 0.0642072 0.0621197
1 0.4484781 0.7798647 0.0642072 0.0621197
3 0.5126852 0.7798647 0.0642072 0.0621197
5 0.5768925 0.7798647 0.0642072 0.0621197
8 0.3200636 0.8419843 0.0642072 0.0621197
10 0.4484781 0.8419843 0.0642072 0.0621197
24 0.5126852 0.8419843 0.0642072 0.0621197
