6 0.6650882 0.8954820 0.0631796 0.0653757
5 0.7282678 0.8954820 0.0631796 0.0653757
32 0.5405872 0.7540443 0.4459736 0.4387710
16 0.3491902 0.5686039 0.0631796 0.0653756
18 0.4123698 0.5686039 0.0631796 0.0653756
21 0.4755494 0.5686039 0.0631796 0.0653756
7 0.5387290 0.5686039 0.0631796 0.0653756
17 0.6019086 0.5686039 0.0631796 0.0653756
24 0.6650882 0.5686039 0.0631796 0.0653756
23 0.7282678 0.5686039 0.0631796 0.0653756
14 0.3491902 0.6333509 0.0631796 0.0641184
12 0.4123698 0.6333509 0.0631796 0.0641184
15 0.5387290 0.6333509 0.0631796 0.0641184
9 0.6019086 0.6333509 0.0631796 0.0641184
19 0.7282678 0.6333509 0.0631796 0.0641184
4 0.3491902 0.6993552 0.0631796 0.0653757
27 0.4123698 0.6993552 0.0631796 0.0653757
8 0.4755494 0.6993552 0.0631796 0.0653757
10 0.5387290 0.6993552 0.0631796 0.0653757
13 0.6650882 0.6993552 0.0631796 0.0653757
28 0.3491902 0.7647308 0.0631796 0.0653756
20 0.5387290 0.7647308 0.0631796 0.0653756
22 0.6019086 0.7647308 0.0631796 0.0653756
3 0.7282678 0.7647308 0.0631796 0.0653756
11 0.3491902 0.8301064 0.0631796 0.0653756
26 0.4123698 0.8301064 0.0631796 0.0653756
25 0.4755494 0.8301064 0.0631796 0.0653756
30 0.5387290 0.8301064 0.0631796 0.0653756
29 0.6650882 0.8301064 0.0631796 0.0653756
1 0.3491902 0.8954820 0.0631796 0.0653757
2 0.4123698 0.8954820 0.0631796 0.0653757
