3 0.4711482 0.8206563 0.0645807 0.0648512
16 0.6003096 0.8206563 0.0645807 0.0648512
32 0.4730476 0.6803533 0.4558636 0.4352510
27 0.2774061 0.4964005 0.0645807 0.0648512
22 0.3419868 0.4964005 0.0645807 0.0648512
18 0.4065675 0.4964005 0.0645807 0.0648512
21 0.4711482 0.4964005 0.0645807 0.0648512
5 0.5357289 0.4964005 0.0645807 0.0648512
2 0.2774061 0.5606281 0.0645807 0.0636040
30 0.3419868 0.5606281 0.0645807 0.0636040
31 0.4065675 0.5606281 0.0645807 0.0636040
11 0.4711482 0.5606281 0.0645807 0.0636040
25 0.5357289 0.5606281 0.0645807 0.0636040
19 0.6003096 0.5606281 0.0645807 0.0636040
6 0.2774061 0.6261028 0.0645807 0.0648512
28 0.4711482 0.6261028 0.0645807 0.0648512
26 0.6003096 0.6261028 0.0645807 0.0648512
20 0.6648902 0.6261028 0.0645807 0.0648512
15 0.2774061 0.6909540 0.0645807 0.0648512
12 0.3419868 0.6909540 0.0645807 0.0648512
9 0.4711482 0.6909540 0.0645807 0.0648512
8 0.5357289 0.6909540 0.0645807 0.0648512
13 0.6003096 0.6909540 0.0645807 0.0648512
7 0.6648902 0.6909540 0.0645807 0.0648512
23 0.3419868 0.7558052 0.0645807 0.0648512
4 0.4065675 0.7558052 0.0645807 0.0648512
24 0.6003096 0.7558052 0.0645807 0.0648512
29 0.6648902 0.7558052 0.0645807 0.0648512
17 0.2774061 0.8206563 0.0645807 0.0648512
14 0.3419868 0.8206563 0.0645807 0.0648512
1 0.4065675 0.8206563 0.0645807 0.0648512
