20 0.5224398 0.8514394 0.0614823 0.0618015
17 0.7068867 0.8514394 0.0614822 0.0618015
32 0.5242481 0.7177340 0.4339927 0.4147836
22 0.3379929 0.5424315 0.0614823 0.0618016
29 0.3994752 0.5424315 0.0614823 0.0618016
7 0.5224398 0.5424315 0.0614823 0.0618016
23 0.5839221 0.5424315 0.0614823 0.0618016
11 0.6454044 0.5424315 0.0614823 0.0618016
25 0.7068867 0.5424315 0.0614822 0.0618016
31 0.3379929 0.6036388 0.0614823 0.0606131
26 0.3994752 0.6036388 0.0614823 0.0606131
1 0.4609575 0.6036388 0.0614823 0.0606131
16 0.5839221 0.6036388 0.0614823 0.0606131
24 0.6454044 0.6036388 0.0614823 0.0606131
15 0.7068867 0.6036388 0.0614822 0.0606131
14 0.5224398 0.6660346 0.0614823 0.0618016
21 0.7068867 0.6660346 0.0614822 0.0618016
4 0.3379929 0.7278362 0.0614823 0.0618015
9 0.3994752 0.7278362 0.0614823 0.0618015
5 0.5224398 0.7278362 0.0614823 0.0618015
13 0.6454044 0.7278362 0.0614823 0.0618015
3 0.7068867 0.7278362 0.0614822 0.0618015
6 0.3379929 0.7896378 0.0614823 0.0618016
19 0.3994752 0.7896378 0.0614823 0.0618016
8 0.4609575 0.7896378 0.0614823 0.0618016
27 0.5224398 0.7896378 0.0614823 0.0618016
12 0.5839221 0.7896378 0.0614823 0.0618016
18 0.6454044 0.7896378 0.0614823 0.0618016
30 0.7068867 0.7896378 0.0614822 0.0618016
2 0.3379929 0.8514394 0.0614823 0.0618015
10 0.3994752 0.8514394 0.0614823 0.0618015
