8 0.6630168 0.8398372 0.0653171 0.0636718
7 0.7283339 0.8398372 0.0653171 0.0636718
32 0.5343038 0.7020857 0.4610616 0.4273354
12 0.3364315 0.5214784 0.0653170 0.0636718
11 0.4017486 0.5214784 0.0653171 0.0636718
2 0.4670657 0.5214784 0.0653170 0.0636718
1 0.5323827 0.5214784 0.0653171 0.0636718
24 0.5976997 0.5214784 0.0653170 0.0636718
26 0.6630168 0.5214784 0.0653171 0.0636718
10 0.7283339 0.5214784 0.0653171 0.0636718
13 0.4017486 0.5845379 0.0653171 0.0624473
9 0.4670657 0.5845379 0.0653170 0.0624473
21 0.5976997 0.5845379 0.0653170 0.0624473
18 0.7283339 0.5845379 0.0653171 0.0624473
5 0.3364315 0.6488219 0.0653170 0.0636717
3 0.4017486 0.6488219 0.0653171 0.0636717
14 0.5323827 0.6488219 0.0653171 0.0636717
31 0.5976997 0.6488219 0.0653170 0.0636717
4 0.6630168 0.6488219 0.0653171 0.0636717
23 0.4017486 0.7124936 0.0653171 0.0636718
25 0.5323827 0.7124936 0.0653171 0.0636718
6 0.5976997 0.7124936 0.0653170 0.0636718
27 0.6630168 0.7124936 0.0653171 0.0636718
19 0.3364315 0.7761654 0.0653170 0.0636717
30 0.5323827 0.7761654 0.0653171 0.0636717
16 0.5976997 0.7761654 0.0653170 0.0636717
17 0.3364315 0.8398372 0.0653170 0.0636718
22 0.4017486 0.8398372 0.0653171 0.0636718
29 0.4670657 0.8398372 0.0653170 0.0636718
20 0.5323827 0.8398372 0.0653171 0.0636718
28 0.5976997 0.8398372 0.0653170 0.0636718
