27 0.5492970 0.8843931 0.0624099 0.0643878
24 0.6741168 0.8843931 0.0624099 0.0643878
32 0.4887228 0.7450925 0.4405404 0.4321412
1 0.2996575 0.5624541 0.0624099 0.0643878
19 0.3620674 0.5624541 0.0624099 0.0643878
26 0.4244773 0.5624541 0.0624099 0.0643878
8 0.4868872 0.5624541 0.0624099 0.0643878
17 0.5492970 0.5624541 0.0624099 0.0643878
21 0.6117069 0.5624541 0.0624099 0.0643878
7 0.2996575 0.6262228 0.0624099 0.0631496
2 0.3620674 0.6262228 0.0624099 0.0631496
13 0.4244773 0.6262228 0.0624099 0.0631496
22 0.4868872 0.6262228 0.0624099 0.0631496
9 0.6117069 0.6262228 0.0624099 0.0631496
29 0.3620674 0.6912297 0.0624099 0.0643878
30 0.5492970 0.6912297 0.0624099 0.0643878
15 0.6117069 0.6912297 0.0624099 0.0643878
3 0.6741168 0.6912297 0.0624099 0.0643878
11 0.2996575 0.7556175 0.0624099 0.0643877
6 0.4244773 0.7556175 0.0624099 0.0643877
31 0.4868872 0.7556175 0.0624099 0.0643877
23 0.6117069 0.7556175 0.0624099 0.0643877
12 0.6741168 0.7556175 0.0624099 0.0643877
14 0.2996575 0.8200053 0.0624099 0.0643878
28 0.4244773 0.8200053 0.0624099 0.0643878
16 0.4868872 0.8200053 0.0624099 0.0643878
4 0.5492970 0.8200053 0.0624099 0.0643878
5 0.6117069 0.8200053 0.0624099 0.0643878
10 0.2996575 0.8843931 0.0624099 0.0643878
20 0.3620674 0.8843931 0.0624099 0.0643878
25 0.4244773 0.8843931 0.0624099 0.0643878
