30 0.6482280 0.8743063 0.0654607 0.0673923
3 0.7136887 0.8743063 0.0654607 0.0673923
32 0.5192319 0.7285056 0.4620753 0.4523063
25 0.3209246 0.5373446 0.0654607 0.0673923
14 0.3863853 0.5373446 0.0654607 0.0673923
10 0.5827673 0.5373446 0.0654607 0.0673923
19 0.7136887 0.5373446 0.0654607 0.0673923
4 0.3863853 0.6040889 0.0654607 0.0660963
31 0.5173066 0.6040889 0.0654607 0.0660963
5 0.5827673 0.6040889 0.0654607 0.0660963
28 0.6482280 0.6040889 0.0654607 0.0660963
2 0.7136887 0.6040889 0.0654607 0.0660963
26 0.3209246 0.6721293 0.0654607 0.0673923
27 0.3863853 0.6721293 0.0654607 0.0673923
9 0.4518460 0.6721293 0.0654607 0.0673923
20 0.5827673 0.6721293 0.0654607 0.0673923
23 0.6482280 0.6721293 0.0654607 0.0673923
6 0.7136887 0.6721293 0.0654607 0.0673923
12 0.4518460 0.7395216 0.0654607 0.0673923
22 0.5173066 0.7395216 0.0654607 0.0673923
13 0.5827673 0.7395216 0.0654607 0.0673923
11 0.6482280 0.7395216 0.0654607 0.0673923
16 0.7136887 0.7395216 0.0654607 0.0673923
1 0.3209246 0.8069139 0.0654607 0.0673923
29 0.3863853 0.8069139 0.0654607 0.0673923
18 0.5173066 0.8069139 0.0654607 0.0673923
15 0.5827673 0.8069139 0.0654607 0.0673923
8 0.6482280 0.8069139 0.0654607 0.0673923
7 0.3209246 0.8743063 0.0654607 0.0673923
21 0.3863853 0.8743063 0.0654607 0.0673923
17 0.4518460 0.8743063 0.0654607 0.0673923
