30 0.5336756 0.9144249 0.0633456 0.0676603
2 0.6603667 0.9144249 0.0633456 0.0676603
32 0.4721931 0.7680443 0.4471453 0.4541051
7 0.3436388 0.5761231 0.0633456 0.0676604
8 0.4069844 0.5761231 0.0633456 0.0676604
13 0.4703300 0.5761231 0.0633456 0.0676604
16 0.5970212 0.5761231 0.0633456 0.0676604
28 0.6603667 0.5761231 0.0633456 0.0676604
5 0.2802933 0.6431329 0.0633456 0.0663592
29 0.3436388 0.6431329 0.0633456 0.0663592
27 0.4069844 0.6431329 0.0633456 0.0663592
11 0.5336756 0.6431329 0.0633456 0.0663592
19 0.5970212 0.6431329 0.0633456 0.0663592
25 0.6603667 0.6431329 0.0633456 0.0663592
6 0.2802933 0.7114439 0.0633456 0.0676604
17 0.5336756 0.7114439 0.0633456 0.0676604
3 0.6603667 0.7114439 0.0633456 0.0676604
21 0.2802933 0.7791042 0.0633456 0.0676604
12 0.4703300 0.7791042 0.0633456 0.0676604
15 0.5336756 0.7791042 0.0633456 0.0676604
18 0.6603667 0.7791042 0.0633456 0.0676604
31 0.2802933 0.8467646 0.0633456 0.0676604
10 0.3436388 0.8467646 0.0633456 0.0676604
24 0.4069844 0.8467646 0.0633456 0.0676604
22 0.4703300 0.8467646 0.0633456 0.0676604
14 0.5336756 0.8467646 0.0633456 0.0676604
26 0.5970212 0.8467646 0.0633456 0.0676604
1 0.6603667 0.8467646 0.0633456 0.0676604
4 0.3436388 0.9144249 0.0633456 0.0676603
20 0.4069844 0.9144249 0.0633456 0.0676603
9 0.4703300 0.9144249 0.0633456 0.0676603
