1 0.4887890 0.8692204 0.0658578 0.0668046
9 0.6863623 0.8692204 0.0658578 0.0668046
32 0.4907259 0.7246913 0.4648785 0.4483612
21 0.2912156 0.5351977 0.0658578 0.0668045
5 0.3570734 0.5351977 0.0658578 0.0668045
31 0.4229312 0.5351977 0.0658578 0.0668045
26 0.6205046 0.5351977 0.0658578 0.0668045
3 0.2912156 0.6013599 0.0658578 0.0655198
29 0.3570734 0.6013599 0.0658578 0.0655198
4 0.4229312 0.6013599 0.0658578 0.0655198
25 0.4887890 0.6013599 0.0658578 0.0655198
19 0.5546468 0.6013599 0.0658578 0.0655198
15 0.6205046 0.6013599 0.0658578 0.0655198
6 0.6863623 0.6013599 0.0658578 0.0655198
17 0.3570734 0.6688068 0.0658578 0.0668045
14 0.4229312 0.6688068 0.0658578 0.0668045
20 0.4887890 0.6688068 0.0658578 0.0668045
7 0.5546468 0.6688068 0.0658578 0.0668045
30 0.2912156 0.7356113 0.0658578 0.0668046
2 0.3570734 0.7356113 0.0658578 0.0668046
27 0.4887890 0.7356113 0.0658578 0.0668046
16 0.5546468 0.7356113 0.0658578 0.0668046
8 0.6205046 0.7356113 0.0658578 0.0668046
10 0.3570734 0.8024158 0.0658578 0.0668045
13 0.4229312 0.8024158 0.0658578 0.0668045
18 0.4887890 0.8024158 0.0658578 0.0668045
28 0.5546468 0.8024158 0.0658578 0.0668045
12 0.6205046 0.8024158 0.0658578 0.0668045
23 0.6863623 0.8024158 0.0658578 0.0668045
11 0.2912156 0.8692204 0.0658578 0.0668046
22 0.3570734 0.8692204 0.0658578 0.0668046
