24 0.6390156 0.8357109 0.0652494 0.0654676
2 0.7042650 0.8357109 0.0652494 0.0654676
32 0.5104359 0.6940743 0.4605841 0.4393881
7 0.3127686 0.5083731 0.0652494 0.0654676
21 0.3780180 0.5083731 0.0652494 0.0654676
26 0.4432674 0.5083731 0.0652494 0.0654676
4 0.6390156 0.5083731 0.0652494 0.0654676
12 0.7042650 0.5083731 0.0652494 0.0654676
15 0.3127686 0.5732111 0.0652494 0.0642086
30 0.4432674 0.5732111 0.0652494 0.0642086
1 0.5737662 0.5732111 0.0652494 0.0642086
14 0.6390156 0.5732111 0.0652494 0.0642086
28 0.7042650 0.5732111 0.0652494 0.0642086
5 0.3127686 0.6393082 0.0652494 0.0654676
19 0.3780180 0.6393082 0.0652494 0.0654676
3 0.5085168 0.6393082 0.0652494 0.0654676
17 0.5737662 0.6393082 0.0652494 0.0654676
6 0.6390156 0.6393082 0.0652494 0.0654676
22 0.7042650 0.6393082 0.0652494 0.0654676
20 0.5085168 0.7047758 0.0652494 0.0654675
25 0.6390156 0.7047758 0.0652494 0.0654675
23 0.7042650 0.7047758 0.0652494 0.0654675
29 0.3780180 0.7702433 0.0652494 0.0654675
16 0.4432674 0.7702433 0.0652494 0.0654675
11 0.5737662 0.7702433 0.0652494 0.0654675
18 0.6390156 0.7702433 0.0652494 0.0654675
10 0.7042650 0.7702433 0.0652494 0.0654675
31 0.3127686 0.8357109 0.0652494 0.0654676
27 0.4432674 0.8357109 0.0652494 0.0654676
9 0.5085168 0.8357109 0.0652494 0.0654676
8 0.5737662 0.8357109 0.0652494 0.0654676
