8 0.5760117 0.9071732 0.0616805 0.0648524
29 0.6376922 0.9071732 0.0616805 0.0648524
32 0.4544650 0.7668674 0.4353914 0.4352592
3 0.3292899 0.5829112 0.0616805 0.0648524
18 0.3909704 0.5829112 0.0616805 0.0648524
16 0.4526508 0.5829112 0.0616805 0.0648524
28 0.5143313 0.5829112 0.0616805 0.0648524
4 0.6376922 0.5829112 0.0616805 0.0648524
5 0.3292899 0.6471400 0.0616805 0.0636053
12 0.3909704 0.6471400 0.0616805 0.0636053
27 0.4526508 0.6471400 0.0616805 0.0636053
26 0.5143313 0.6471400 0.0616805 0.0636053
24 0.5760117 0.6471400 0.0616805 0.0636053
1 0.3292899 0.7126160 0.0616805 0.0648524
2 0.3909704 0.7126160 0.0616805 0.0648524
6 0.5143313 0.7126160 0.0616805 0.0648524
17 0.5760117 0.7126160 0.0616805 0.0648524
21 0.6376922 0.7126160 0.0616805 0.0648524
7 0.2676095 0.7774683 0.0616804 0.0648524
20 0.3292899 0.7774683 0.0616805 0.0648524
9 0.3909704 0.7774683 0.0616805 0.0648524
31 0.5143313 0.7774683 0.0616805 0.0648524
13 0.6376922 0.7774683 0.0616805 0.0648524
25 0.3292899 0.8423207 0.0616805 0.0648524
15 0.4526508 0.8423207 0.0616805 0.0648524
14 0.5143313 0.8423207 0.0616805 0.0648524
10 0.5760117 0.8423207 0.0616805 0.0648524
22 0.3292899 0.9071732 0.0616805 0.0648524
19 0.3909704 0.9071732 0.0616805 0.0648524
30 0.4526508 0.9071732 0.0616805 0.0648524
23 0.5143313 0.9071732 0.0616805 0.0648524
