10 0.5331823 0.8823113 0.0605870 0.0618388
27 0.5937693 0.8823113 0.0605870 0.0618388
32 0.4743772 0.7485253 0.4276732 0.4150341
31 0.2908341 0.5731169 0.0605870 0.0618389
29 0.3514211 0.5731169 0.0605870 0.0618389
12 0.4120082 0.5731169 0.0605870 0.0618389
24 0.5331823 0.5731169 0.0605870 0.0618389
18 0.5937693 0.5731169 0.0605870 0.0618389
3 0.6543563 0.5731169 0.0605870 0.0618389
19 0.2908341 0.6343612 0.0605870 0.0606497
8 0.4120082 0.6343612 0.0605870 0.0606497
15 0.4725952 0.6343612 0.0605870 0.0606497
30 0.5331823 0.6343612 0.0605870 0.0606497
1 0.5937693 0.6343612 0.0605870 0.0606497
4 0.6543563 0.6343612 0.0605870 0.0606497
28 0.2908341 0.6967947 0.0605870 0.0618388
25 0.3514211 0.6967947 0.0605870 0.0618388
21 0.4120082 0.6967947 0.0605870 0.0618388
17 0.4725952 0.6967947 0.0605870 0.0618388
14 0.5331823 0.6967947 0.0605870 0.0618388
16 0.6543563 0.6967947 0.0605870 0.0618388
6 0.2908341 0.7586336 0.0605870 0.0618389
13 0.3514211 0.7586336 0.0605870 0.0618389
9 0.4120082 0.7586336 0.0605870 0.0618389
26 0.5937693 0.7586336 0.0605870 0.0618389
7 0.2908341 0.8204724 0.0605870 0.0618389
2 0.4120082 0.8204724 0.0605870 0.0618389
5 0.5331823 0.8204724 0.0605870 0.0618389
23 0.6543563 0.8204724 0.0605870 0.0618389
20 0.3514211 0.8823113 0.0605870 0.0618388
11 0.4725952 0.8823113 0.0605870 0.0618388
