29 0.5767715 0.8309500 0.0618295 0.0660162
2 0.6386011 0.8309500 0.0618295 0.0660162
32 0.4549310 0.6881263 0.4364436 0.4430708
9 0.2676240 0.5008686 0.0618295 0.0660163
4 0.5767715 0.5008686 0.0618295 0.0660163
20 0.6386011 0.5008686 0.0618295 0.0660163
17 0.2676240 0.5662501 0.0618295 0.0647467
6 0.3294535 0.5662501 0.0618295 0.0647467
7 0.3912830 0.5662501 0.0618295 0.0647467
27 0.4531125 0.5662501 0.0618295 0.0647467
5 0.6386011 0.5662501 0.0618295 0.0647467
18 0.2676240 0.6329012 0.0618295 0.0660162
26 0.3294535 0.6329012 0.0618295 0.0660162
21 0.3912830 0.6329012 0.0618295 0.0660162
8 0.4531125 0.6329012 0.0618295 0.0660162
30 0.2676240 0.6989174 0.0618295 0.0660163
22 0.3294535 0.6989174 0.0618295 0.0660163
12 0.3912830 0.6989174 0.0618295 0.0660163
14 0.4531125 0.6989174 0.0618295 0.0660163
16 0.5149420 0.6989174 0.0618295 0.0660163
23 0.5767715 0.6989174 0.0618295 0.0660163
28 0.6386011 0.6989174 0.0618295 0.0660163
1 0.2676240 0.7649338 0.0618295 0.0660163
11 0.3294535 0.7649338 0.0618295 0.0660163
24 0.4531125 0.7649338 0.0618295 0.0660163
25 0.5767715 0.7649338 0.0618295 0.0660163
13 0.6386011 0.7649338 0.0618295 0.0660163
31 0.2676240 0.8309500 0.0618295 0.0660162
15 0.3294535 0.8309500 0.0618295 0.0660162
3 0.3912830 0.8309500 0.0618295 0.0660162
10 0.4531125 0.8309500 0.0618295 0.0660162
