18 0.5835890 0.9031024 0.0636320 0.0663622
16 0.6472209 0.9031024 0.0636320 0.0663622
32 0.4581966 0.7595302 0.4491668 0.4453929
29 0.2654292 0.5712910 0.0636320 0.0663623
22 0.3290612 0.5712910 0.0636320 0.0663623
1 0.3926931 0.5712910 0.0636319 0.0663623
17 0.5835890 0.5712910 0.0636320 0.0663623
20 0.2654292 0.6370152 0.0636320 0.0650861
25 0.3290612 0.6370152 0.0636320 0.0650861
4 0.4563251 0.6370152 0.0636320 0.0650861
31 0.5835890 0.6370152 0.0636320 0.0650861
24 0.2654292 0.7040156 0.0636320 0.0663623
14 0.3290612 0.7040156 0.0636320 0.0663623
11 0.4563251 0.7040156 0.0636320 0.0663623
30 0.5835890 0.7040156 0.0636320 0.0663623
27 0.2654292 0.7703778 0.0636320 0.0663622
26 0.3290612 0.7703778 0.0636320 0.0663622
28 0.3926931 0.7703778 0.0636319 0.0663622
6 0.4563251 0.7703778 0.0636320 0.0663622
19 0.5199570 0.7703778 0.0636319 0.0663622
7 0.5835890 0.7703778 0.0636320 0.0663622
13 0.6472209 0.7703778 0.0636320 0.0663622
12 0.2654292 0.8367401 0.0636320 0.0663623
3 0.3926931 0.8367401 0.0636319 0.0663623
8 0.4563251 0.8367401 0.0636320 0.0663623
5 0.6472209 0.8367401 0.0636320 0.0663623
9 0.2654292 0.9031024 0.0636320 0.0663622
23 0.3290612 0.9031024 0.0636320 0.0663622
21 0.3926931 0.9031024 0.0636319 0.0663622
15 0.4563251 0.9031024 0.0636320 0.0663622
2 0.5199570 0.9031024 0.0636319 0.0663622
