20 0.4688236 0.8421331 0.0625506 0.0639891
30 0.5939248 0.8421331 0.0625506 0.0639891
32 0.4706633 0.7036951 0.4415337 0.4294655
17 0.2811718 0.5221874 0.0625506 0.0639891
24 0.3437224 0.5221874 0.0625506 0.0639891
10 0.4062730 0.5221874 0.0625506 0.0639891
4 0.4688236 0.5221874 0.0625506 0.0639891
14 0.5313742 0.5221874 0.0625506 0.0639891
15 0.5939248 0.5221874 0.0625506 0.0639891
1 0.2811718 0.5855613 0.0625506 0.0627586
12 0.3437224 0.5855613 0.0625506 0.0627586
28 0.4062730 0.5855613 0.0625506 0.0627586
9 0.4688236 0.5855613 0.0625506 0.0627586
22 0.5313742 0.5855613 0.0625506 0.0627586
18 0.6564754 0.5855613 0.0625506 0.0627586
2 0.2811718 0.6501657 0.0625506 0.0639891
16 0.3437224 0.6501657 0.0625506 0.0639891
25 0.4062730 0.6501657 0.0625506 0.0639891
27 0.5313742 0.6501657 0.0625506 0.0639891
31 0.6564754 0.6501657 0.0625506 0.0639891
21 0.2811718 0.7141548 0.0625506 0.0639891
5 0.3437224 0.7141548 0.0625506 0.0639891
3 0.4062730 0.7141548 0.0625506 0.0639891
8 0.5313742 0.7141548 0.0625506 0.0639891
13 0.6564754 0.7141548 0.0625506 0.0639891
19 0.2811718 0.7781439 0.0625506 0.0639892
6 0.3437224 0.7781439 0.0625506 0.0639892
11 0.5939248 0.7781439 0.0625506 0.0639892
26 0.6564754 0.7781439 0.0625506 0.0639892
7 0.3437224 0.8421331 0.0625506 0.0639891
23 0.4062730 0.8421331 0.0625506 0.0639891
