14 0.4753857 0.8476697 0.0634906 0.0618995
19 0.5388764 0.8476697 0.0634907 0.0618995
32 0.4772532 0.7137525 0.4481693 0.4154408
20 0.2849138 0.5381723 0.0634906 0.0618995
26 0.4118951 0.5381723 0.0634906 0.0618995
17 0.4753857 0.5381723 0.0634906 0.0618995
31 0.5388764 0.5381723 0.0634907 0.0618995
8 0.6658577 0.5381723 0.0634907 0.0618995
13 0.2849138 0.5994765 0.0634906 0.0607091
27 0.3484045 0.5994765 0.0634907 0.0607091
1 0.4753857 0.5994765 0.0634906 0.0607091
6 0.6023671 0.5994765 0.0634906 0.0607091
16 0.6658577 0.5994765 0.0634907 0.0607091
7 0.3484045 0.6619713 0.0634907 0.0618995
28 0.4118951 0.6619713 0.0634906 0.0618995
24 0.5388764 0.6619713 0.0634907 0.0618995
10 0.6658577 0.6619713 0.0634907 0.0618995
22 0.2849138 0.7238707 0.0634906 0.0618995
15 0.3484045 0.7238707 0.0634907 0.0618995
11 0.4753857 0.7238707 0.0634906 0.0618995
30 0.5388764 0.7238707 0.0634907 0.0618995
2 0.6023671 0.7238707 0.0634906 0.0618995
3 0.6658577 0.7238707 0.0634907 0.0618995
18 0.3484045 0.7857703 0.0634907 0.0618995
9 0.4118951 0.7857703 0.0634906 0.0618995
4 0.4753857 0.7857703 0.0634906 0.0618995
5 0.5388764 0.7857703 0.0634907 0.0618995
25 0.6023671 0.7857703 0.0634906 0.0618995
21 0.6658577 0.7857703 0.0634907 0.0618995
29 0.3484045 0.8476697 0.0634907 0.0618995
23 0.4118951 0.8476697 0.0634906 0.0618995
