11 0.4610316 0.8891393 0.0633683 0.0645980
28 0.6511365 0.8891393 0.0633683 0.0645980
32 0.4628954 0.7493839 0.4473053 0.4335521
3 0.2709269 0.5661491 0.0633683 0.0645980
25 0.3342952 0.5661491 0.0633682 0.0645980
10 0.3976634 0.5661491 0.0633683 0.0645980
22 0.5243999 0.5661491 0.0633683 0.0645980
24 0.5877682 0.5661491 0.0633683 0.0645980
4 0.6511365 0.5661491 0.0633683 0.0645980
12 0.3342952 0.6301260 0.0633682 0.0633558
8 0.3976634 0.6301260 0.0633683 0.0633558
19 0.4610316 0.6301260 0.0633683 0.0633558
9 0.5243999 0.6301260 0.0633683 0.0633558
7 0.5877682 0.6301260 0.0633683 0.0633558
1 0.3342952 0.6953452 0.0633682 0.0645981
2 0.3976634 0.6953452 0.0633683 0.0645981
17 0.4610316 0.6953452 0.0633683 0.0645981
6 0.5243999 0.6953452 0.0633683 0.0645981
5 0.5877682 0.6953452 0.0633683 0.0645981
30 0.2709269 0.7599432 0.0633683 0.0645980
13 0.3976634 0.7599432 0.0633683 0.0645980
27 0.4610316 0.7599432 0.0633683 0.0645980
20 0.5243999 0.7599432 0.0633683 0.0645980
31 0.5877682 0.7599432 0.0633683 0.0645980
26 0.2709269 0.8245412 0.0633683 0.0645980
16 0.3342952 0.8245412 0.0633682 0.0645980
14 0.3976634 0.8245412 0.0633683 0.0645980
18 0.4610316 0.8245412 0.0633683 0.0645980
15 0.5243999 0.8245412 0.0633683 0.0645980
21 0.6511365 0.8245412 0.0633683 0.0645980
29 0.2709269 0.8891393 0.0633683 0.0645980
