6 0.5841553 0.8957979 0.0606403 0.0634912
4 0.6447956 0.8957979 0.0606404 0.0634912
32 0.4646582 0.7584370 0.4280493 0.4261240
7 0.2809537 0.5783416 0.0606403 0.0634912
19 0.3415940 0.5783416 0.0606403 0.0634912
26 0.4022343 0.5783416 0.0606403 0.0634912
17 0.4628746 0.5783416 0.0606403 0.0634912
18 0.5841553 0.5783416 0.0606403 0.0634912
25 0.6447956 0.5783416 0.0606404 0.0634912
21 0.4022343 0.6412224 0.0606403 0.0622702
27 0.4628746 0.6412224 0.0606403 0.0622702
5 0.5841553 0.6412224 0.0606403 0.0622702
8 0.6447956 0.6412224 0.0606404 0.0622702
23 0.2809537 0.7053241 0.0606403 0.0634913
15 0.4022343 0.7053241 0.0606403 0.0634913
16 0.4628746 0.7053241 0.0606403 0.0634913
28 0.5235150 0.7053241 0.0606403 0.0634913
14 0.5841553 0.7053241 0.0606403 0.0634913
10 0.6447956 0.7053241 0.0606404 0.0634913
24 0.2809537 0.7688154 0.0606403 0.0634912
20 0.3415940 0.7688154 0.0606403 0.0634912
30 0.5235150 0.7688154 0.0606403 0.0634912
29 0.2809537 0.8323067 0.0606403 0.0634913
9 0.3415940 0.8323067 0.0606403 0.0634913
22 0.4022343 0.8323067 0.0606403 0.0634913
12 0.5235150 0.8323067 0.0606403 0.0634913
31 0.2809537 0.8957979 0.0606403 0.0634912
11 0.3415940 0.8957979 0.0606403 0.0634912
3 0.4022343 0.8957979 0.0606403 0.0634912
2 0.4628746 0.8957979 0.0606403 0.0634912
1 0.5235150 0.8957979 0.0606403 0.0634912
