13 0.4711628 0.8421230 0.0668317 0.0666968
22 0.5379945 0.8421230 0.0668317 0.0666968
32 0.4731284 0.6978270 0.4717529 0.4476381
5 0.2706678 0.5086390 0.0668317 0.0666968
14 0.3374995 0.5086390 0.0668317 0.0666968
25 0.4711628 0.5086390 0.0668317 0.0666968
28 0.5379945 0.5086390 0.0668317 0.0666968
1 0.6048261 0.5086390 0.0668317 0.0666968
6 0.6716578 0.5086390 0.0668317 0.0666968
15 0.2706678 0.5746944 0.0668317 0.0654142
7 0.3374995 0.5746944 0.0668317 0.0654142
10 0.4711628 0.5746944 0.0668317 0.0654142
23 0.5379945 0.5746944 0.0668317 0.0654142
3 0.6048261 0.5746944 0.0668317 0.0654142
29 0.6716578 0.5746944 0.0668317 0.0654142
20 0.2706678 0.6420325 0.0668317 0.0666968
16 0.4043311 0.6420325 0.0668317 0.0666968
24 0.4711628 0.6420325 0.0668317 0.0666968
17 0.5379945 0.6420325 0.0668317 0.0666968
2 0.6048261 0.6420325 0.0668317 0.0666968
27 0.2706678 0.7087293 0.0668317 0.0666968
9 0.3374995 0.7087293 0.0668317 0.0666968
4 0.4043311 0.7087293 0.0668317 0.0666968
31 0.5379945 0.7087293 0.0668317 0.0666968
12 0.6716578 0.7087293 0.0668317 0.0666968
11 0.2706678 0.7754262 0.0668317 0.0666969
19 0.3374995 0.7754262 0.0668317 0.0666969
30 0.4043311 0.7754262 0.0668317 0.0666969
18 0.5379945 0.7754262 0.0668317 0.0666969
26 0.6716578 0.7754262 0.0668317 0.0666969
21 0.2706678 0.8421230 0.0668317 0.0666968
