2 0.5547311 0.8298726 0.0653571 0.0633620
28 0.6854453 0.8298726 0.0653571 0.0633620
32 0.4912962 0.6927913 0.4613441 0.4252565
20 0.2933027 0.5130625 0.0653571 0.0633620
14 0.3586598 0.5130625 0.0653571 0.0633620
24 0.4240169 0.5130625 0.0653571 0.0633620
5 0.4893740 0.5130625 0.0653571 0.0633620
9 0.2933027 0.5758153 0.0653571 0.0621435
3 0.3586598 0.5758153 0.0653571 0.0621435
23 0.4893740 0.5758153 0.0653571 0.0621435
4 0.5547311 0.5758153 0.0653571 0.0621435
10 0.6200882 0.5758153 0.0653571 0.0621435
7 0.6854453 0.5758153 0.0653571 0.0621435
12 0.4893740 0.6397865 0.0653571 0.0633620
16 0.5547311 0.6397865 0.0653571 0.0633620
22 0.6200882 0.6397865 0.0653571 0.0633620
11 0.3586598 0.7031485 0.0653571 0.0633620
30 0.4240169 0.7031485 0.0653571 0.0633620
25 0.4893740 0.7031485 0.0653571 0.0633620
18 0.5547311 0.7031485 0.0653571 0.0633620
29 0.6200882 0.7031485 0.0653571 0.0633620
26 0.6854453 0.7031485 0.0653571 0.0633620
21 0.4240169 0.7665105 0.0653571 0.0633620
13 0.4893740 0.7665105 0.0653571 0.0633620
15 0.5547311 0.7665105 0.0653571 0.0633620
17 0.6200882 0.7665105 0.0653571 0.0633620
8 0.6854453 0.7665105 0.0653571 0.0633620
31 0.2933027 0.8298726 0.0653571 0.0633620
1 0.3586598 0.8298726 0.0653571 0.0633620
27 0.4240169 0.8298726 0.0653571 0.0633620
19 0.4893740 0.8298726 0.0653571 0.0633620
