9 0.5852645 0.9094210 0.0613178 0.0661528
27 0.6465823 0.9094210 0.0613178 0.0661528
32 0.5257502 0.7663019 0.4328315 0.4439874
22 0.3399934 0.5786568 0.0613178 0.0661528
7 0.4626289 0.5786568 0.0613178 0.0661528
31 0.5852645 0.5786568 0.0613178 0.0661528
6 0.6465823 0.5786568 0.0613178 0.0661528
19 0.7079001 0.5786568 0.0613177 0.0661528
4 0.4013111 0.6441736 0.0613178 0.0648807
15 0.7079001 0.6441736 0.0613177 0.0648807
10 0.3399934 0.7109625 0.0613178 0.0661529
11 0.4013111 0.7109625 0.0613178 0.0661529
1 0.4626289 0.7109625 0.0613178 0.0661529
20 0.5852645 0.7109625 0.0613178 0.0661529
23 0.6465823 0.7109625 0.0613178 0.0661529
14 0.7079001 0.7109625 0.0613177 0.0661529
28 0.3399934 0.7771153 0.0613178 0.0661528
12 0.4626289 0.7771153 0.0613178 0.0661528
5 0.5239467 0.7771153 0.0613178 0.0661528
25 0.5852645 0.7771153 0.0613178 0.0661528
16 0.7079001 0.7771153 0.0613177 0.0661528
21 0.3399934 0.8432681 0.0613178 0.0661529
18 0.4013111 0.8432681 0.0613178 0.0661529
8 0.4626289 0.8432681 0.0613178 0.0661529
17 0.5239467 0.8432681 0.0613178 0.0661529
3 0.5852645 0.8432681 0.0613178 0.0661529
30 0.7079001 0.8432681 0.0613177 0.0661529
2 0.3399934 0.9094210 0.0613178 0.0661528
24 0.4013111 0.9094210 0.0613178 0.0661528
26 0.4626289 0.9094210 0.0613178 0.0661528
29 0.5239467 0.9094210 0.0613178 0.0661528
