18 0.5192658 0.8428786 0.0636754 0.0640311
19 0.5829411 0.8428786 0.0636753 0.0640311
32 0.4574632 0.7043498 0.4494733 0.4297470
29 0.2645643 0.5227232 0.0636754 0.0640311
2 0.3282396 0.5227232 0.0636754 0.0640311
23 0.3919150 0.5227232 0.0636754 0.0640311
14 0.4555904 0.5227232 0.0636754 0.0640311
4 0.5192658 0.5227232 0.0636754 0.0640311
22 0.5829411 0.5227232 0.0636753 0.0640311
7 0.2645643 0.5861386 0.0636754 0.0627997
15 0.3919150 0.5861386 0.0636754 0.0627997
20 0.4555904 0.5861386 0.0636754 0.0627997
12 0.5192658 0.5861386 0.0636754 0.0627997
25 0.6466165 0.5861386 0.0636754 0.0627997
10 0.2645643 0.6507854 0.0636754 0.0640311
11 0.3282396 0.6507854 0.0636754 0.0640311
27 0.3919150 0.6507854 0.0636754 0.0640311
13 0.4555904 0.6507854 0.0636754 0.0640311
28 0.5829411 0.6507854 0.0636753 0.0640311
24 0.6466165 0.6507854 0.0636754 0.0640311
30 0.3282396 0.7148164 0.0636754 0.0640311
16 0.6466165 0.7148164 0.0636754 0.0640311
31 0.2645643 0.7788475 0.0636754 0.0640311
17 0.3282396 0.7788475 0.0636754 0.0640311
5 0.3919150 0.7788475 0.0636754 0.0640311
9 0.4555904 0.7788475 0.0636754 0.0640311
26 0.5192658 0.7788475 0.0636754 0.0640311
21 0.6466165 0.7788475 0.0636754 0.0640311
8 0.2645643 0.8428786 0.0636754 0.0640311
1 0.3919150 0.8428786 0.0636754 0.0640311
6 0.4555904 0.8428786 0.0636754 0.0640311
