17 0.5904343 0.9125835 0.0644896 0.0648115
11 0.6549240 0.9125835 0.0644896 0.0648115
32 0.4633518 0.7723662 0.4552210 0.4349851
9 0.3969654 0.5885258 0.0644897 0.0648115
15 0.5259447 0.5885258 0.0644897 0.0648115
25 0.5904343 0.5885258 0.0644896 0.0648115
13 0.6549240 0.5885258 0.0644896 0.0648115
19 0.2679861 0.6527141 0.0644897 0.0635652
10 0.3969654 0.6527141 0.0644897 0.0635652
4 0.5904343 0.6527141 0.0644896 0.0635652
24 0.6549240 0.6527141 0.0644896 0.0635652
26 0.2679861 0.7181488 0.0644897 0.0648116
20 0.3324757 0.7181488 0.0644896 0.0648116
1 0.3969654 0.7181488 0.0644897 0.0648116
2 0.4614551 0.7181488 0.0644896 0.0648116
8 0.5259447 0.7181488 0.0644897 0.0648116
5 0.5904343 0.7181488 0.0644896 0.0648116
31 0.6549240 0.7181488 0.0644896 0.0648116
21 0.2679861 0.7829604 0.0644897 0.0648116
14 0.3324757 0.7829604 0.0644896 0.0648116
29 0.3969654 0.7829604 0.0644897 0.0648116
7 0.4614551 0.7829604 0.0644896 0.0648116
18 0.2679861 0.8477719 0.0644897 0.0648116
27 0.3324757 0.8477719 0.0644896 0.0648116
6 0.5259447 0.8477719 0.0644897 0.0648116
22 0.5904343 0.8477719 0.0644896 0.0648116
30 0.6549240 0.8477719 0.0644896 0.0648116
3 0.2679861 0.9125835 0.0644897 0.0648115
12 0.3969654 0.9125835 0.0644897 0.0648115
28 0.4614551 0.9125835 0.0644896 0.0648115
23 0.5259447 0.9125835 0.0644897 0.0648115
