17 0.6111988 0.8663346 0.0666189 0.0665422
8 0.6778178 0.8663346 0.0666190 0.0665422
32 0.4799203 0.7223731 0.4702513 0.4466005
30 0.2781042 0.5336236 0.0666189 0.0665422
9 0.4779610 0.5336236 0.0666189 0.0665422
2 0.6111988 0.5336236 0.0666189 0.0665422
4 0.2781042 0.5995260 0.0666189 0.0652626
28 0.4113420 0.5995260 0.0666190 0.0652626
15 0.4779610 0.5995260 0.0666189 0.0652626
25 0.6778178 0.5995260 0.0666190 0.0652626
20 0.2781042 0.6667080 0.0666189 0.0665422
29 0.3447231 0.6667080 0.0666189 0.0665422
14 0.4779610 0.6667080 0.0666189 0.0665422
1 0.5445799 0.6667080 0.0666189 0.0665422
13 0.6778178 0.6667080 0.0666190 0.0665422
31 0.2781042 0.7332502 0.0666189 0.0665422
27 0.3447231 0.7332502 0.0666189 0.0665422
26 0.4113420 0.7332502 0.0666190 0.0665422
10 0.4779610 0.7332502 0.0666189 0.0665422
18 0.5445799 0.7332502 0.0666189 0.0665422
7 0.6778178 0.7332502 0.0666190 0.0665422
19 0.3447231 0.7997924 0.0666189 0.0665422
24 0.4113420 0.7997924 0.0666190 0.0665422
23 0.4779610 0.7997924 0.0666189 0.0665422
5 0.5445799 0.7997924 0.0666189 0.0665422
11 0.6111988 0.7997924 0.0666189 0.0665422
6 0.6778178 0.7997924 0.0666190 0.0665422
22 0.2781042 0.8663346 0.0666189 0.0665422
12 0.4113420 0.8663346 0.0666190 0.0665422
16 0.4779610 0.8663346 0.0666189 0.0665422
3 0.5445799 0.8663346 0.0666189 0.0665422
