18 0.5464987 0.8836949 0.0645702 0.0663772
14 0.6110689 0.8836949 0.0645702 0.0663772
32 0.4838277 0.7400903 0.4557895 0.4454932
1 0.2882180 0.5518088 0.0645702 0.0663772
15 0.4173584 0.5518088 0.0645702 0.0663772
7 0.6756390 0.5518088 0.0645702 0.0663772
28 0.2882180 0.6175478 0.0645702 0.0651007
11 0.3527882 0.6175478 0.0645702 0.0651007
29 0.4173584 0.6175478 0.0645702 0.0651007
12 0.6110689 0.6175478 0.0645702 0.0651007
20 0.2882180 0.6845633 0.0645702 0.0663772
23 0.3527882 0.6845633 0.0645702 0.0663772
21 0.4173584 0.6845633 0.0645702 0.0663772
16 0.4819286 0.6845633 0.0645702 0.0663772
31 0.6110689 0.6845633 0.0645702 0.0663772
17 0.6756390 0.6845633 0.0645702 0.0663772
8 0.2882180 0.7509404 0.0645702 0.0663772
26 0.4173584 0.7509404 0.0645702 0.0663772
30 0.5464987 0.7509404 0.0645702 0.0663772
24 0.6110689 0.7509404 0.0645702 0.0663772
13 0.6756390 0.7509404 0.0645702 0.0663772
27 0.2882180 0.8173177 0.0645702 0.0663773
6 0.3527882 0.8173177 0.0645702 0.0663773
10 0.4173584 0.8173177 0.0645702 0.0663773
9 0.5464987 0.8173177 0.0645702 0.0663773
5 0.6110689 0.8173177 0.0645702 0.0663773
19 0.6756390 0.8173177 0.0645702 0.0663773
25 0.2882180 0.8836949 0.0645702 0.0663772
2 0.3527882 0.8836949 0.0645702 0.0663772
4 0.4173584 0.8836949 0.0645702 0.0663772
3 0.4819286 0.8836949 0.0645702 0.0663772
