31 0.6129658 0.8185388 0.0633970 0.0629802
16 0.6763628 0.8185388 0.0633970 0.0629802
32 0.4880364 0.6822836 0.4475083 0.4226939
21 0.2959808 0.5036379 0.0633970 0.0629802
27 0.3593778 0.5036379 0.0633970 0.0629802
15 0.4861718 0.5036379 0.0633970 0.0629802
14 0.5495688 0.5036379 0.0633970 0.0629802
28 0.6129658 0.5036379 0.0633970 0.0629802
1 0.6763628 0.5036379 0.0633970 0.0629802
30 0.3593778 0.5660125 0.0633970 0.0617690
3 0.4861718 0.5660125 0.0633970 0.0617690
19 0.5495688 0.5660125 0.0633970 0.0617690
29 0.6129658 0.5660125 0.0633970 0.0617690
10 0.6763628 0.5660125 0.0633970 0.0617690
18 0.2959808 0.6295982 0.0633970 0.0629802
17 0.3593778 0.6295982 0.0633970 0.0629802
20 0.4227748 0.6295982 0.0633970 0.0629802
24 0.4861718 0.6295982 0.0633970 0.0629802
9 0.5495688 0.6295982 0.0633970 0.0629802
12 0.6763628 0.6295982 0.0633970 0.0629802
4 0.2959808 0.6925784 0.0633970 0.0629802
2 0.6129658 0.6925784 0.0633970 0.0629802
6 0.6763628 0.6925784 0.0633970 0.0629802
8 0.2959808 0.7555586 0.0633970 0.0629802
25 0.3593778 0.7555586 0.0633970 0.0629802
23 0.4227748 0.7555586 0.0633970 0.0629802
22 0.4861718 0.7555586 0.0633970 0.0629802
11 0.6129658 0.7555586 0.0633970 0.0629802
13 0.6763628 0.7555586 0.0633970 0.0629802
7 0.2959808 0.8185388 0.0633970 0.0629802
5 0.5495688 0.8185388 0.0633970 0.0629802
