7 0.5459312 0.8373735 0.0609194 0.0621134
5 0.6677699 0.8373735 0.0609194 0.0621134
32 0.4868036 0.7029936 0.4300191 0.4168764
2 0.3631731 0.5268066 0.0609194 0.0621134
6 0.4240924 0.5268066 0.0609193 0.0621134
4 0.4850118 0.5268066 0.0609194 0.0621134
23 0.5459312 0.5268066 0.0609194 0.0621134
18 0.6068505 0.5268066 0.0609193 0.0621134
8 0.3022537 0.5883228 0.0609194 0.0609189
24 0.4240924 0.5883228 0.0609193 0.0609189
3 0.4850118 0.5883228 0.0609194 0.0609189
30 0.5459312 0.5883228 0.0609194 0.0609189
13 0.6068505 0.5883228 0.0609193 0.0609189
27 0.3022537 0.6510334 0.0609194 0.0621134
15 0.4240924 0.6510334 0.0609193 0.0621134
26 0.4850118 0.6510334 0.0609194 0.0621134
14 0.5459312 0.6510334 0.0609194 0.0621134
25 0.3022537 0.7131468 0.0609194 0.0621134
1 0.4850118 0.7131468 0.0609194 0.0621134
10 0.5459312 0.7131468 0.0609194 0.0621134
31 0.6068505 0.7131468 0.0609193 0.0621134
9 0.6677699 0.7131468 0.0609194 0.0621134
16 0.3022537 0.7752602 0.0609194 0.0621133
12 0.4240924 0.7752602 0.0609193 0.0621133
21 0.4850118 0.7752602 0.0609194 0.0621133
17 0.5459312 0.7752602 0.0609194 0.0621133
20 0.6068505 0.7752602 0.0609193 0.0621133
29 0.6677699 0.7752602 0.0609194 0.0621133
11 0.3022537 0.8373735 0.0609194 0.0621134
22 0.3631731 0.8373735 0.0609194 0.0621134
28 0.4850118 0.8373735 0.0609194 0.0621134
