9 0.5946405 0.9033282 0.0649921 0.0671477
25 0.6596326 0.9033282 0.0649921 0.0671477
32 0.4665678 0.7580566 0.4587679 0.4506646
10 0.2696799 0.5675895 0.0649921 0.0671478
19 0.5296484 0.5675895 0.0649921 0.0671478
12 0.6596326 0.5675895 0.0649921 0.0671478
11 0.2696799 0.6340916 0.0649921 0.0658564
13 0.3346720 0.6340916 0.0649921 0.0658564
20 0.3996642 0.6340916 0.0649921 0.0658564
4 0.4646563 0.6340916 0.0649921 0.0658564
28 0.5296484 0.6340916 0.0649921 0.0658564
1 0.5946405 0.6340916 0.0649921 0.0658564
29 0.6596326 0.6340916 0.0649921 0.0658564
3 0.2696799 0.7018849 0.0649921 0.0671478
23 0.3346720 0.7018849 0.0649921 0.0671478
7 0.3996642 0.7018849 0.0649921 0.0671478
31 0.5296484 0.7018849 0.0649921 0.0671478
18 0.6596326 0.7018849 0.0649921 0.0671478
21 0.2696799 0.7690327 0.0649921 0.0671478
16 0.3996642 0.7690327 0.0649921 0.0671478
8 0.4646563 0.7690327 0.0649921 0.0671478
15 0.5296484 0.7690327 0.0649921 0.0671478
5 0.5946405 0.7690327 0.0649921 0.0671478
6 0.6596326 0.7690327 0.0649921 0.0671478
22 0.2696799 0.8361804 0.0649921 0.0671478
30 0.3996642 0.8361804 0.0649921 0.0671478
17 0.4646563 0.8361804 0.0649921 0.0671478
14 0.2696799 0.9033282 0.0649921 0.0671477
2 0.3346720 0.9033282 0.0649921 0.0671477
27 0.4646563 0.9033282 0.0649921 0.0671477
24 0.5296484 0.9033282 0.0649921 0.0671477
