2 0.5252507 0.8035182 0.0668645 0.0621571
20 0.6589798 0.8035182 0.0668645 0.0621571
32 0.4603528 0.6690437 0.4719850 0.4171696
27 0.2577925 0.4927328 0.0668645 0.0621571
30 0.3246571 0.4927328 0.0668645 0.0621571
31 0.3915216 0.4927328 0.0668645 0.0621571
29 0.5252507 0.4927328 0.0668645 0.0621571
10 0.3246571 0.5542922 0.0668645 0.0609618
12 0.3915216 0.5542922 0.0668645 0.0609618
4 0.4583862 0.5542922 0.0668645 0.0609618
9 0.5252507 0.5542922 0.0668645 0.0609618
3 0.5921152 0.5542922 0.0668645 0.0609618
13 0.6589798 0.5542922 0.0668645 0.0609618
24 0.2577925 0.6170470 0.0668645 0.0621571
8 0.3915216 0.6170470 0.0668645 0.0621571
16 0.4583862 0.6170470 0.0668645 0.0621571
25 0.5252507 0.6170470 0.0668645 0.0621571
15 0.5921152 0.6170470 0.0668645 0.0621571
21 0.6589798 0.6170470 0.0668645 0.0621571
23 0.2577925 0.6792041 0.0668645 0.0621571
14 0.3915216 0.6792041 0.0668645 0.0621571
11 0.4583862 0.6792041 0.0668645 0.0621571
5 0.5252507 0.6792041 0.0668645 0.0621571
1 0.5921152 0.6792041 0.0668645 0.0621571
18 0.6589798 0.6792041 0.0668645 0.0621571
17 0.3246571 0.7413611 0.0668645 0.0621571
26 0.4583862 0.7413611 0.0668645 0.0621571
6 0.5252507 0.7413611 0.0668645 0.0621571
22 0.5921152 0.7413611 0.0668645 0.0621571
19 0.2577925 0.8035182 0.0668645 0.0621571
28 0.4583862 0.8035182 0.0668645 0.0621571
