29 0.6025916 0.8884749 0.0614043 0.0673970
31 0.6639958 0.8884749 0.0614042 0.0673970
32 0.4815891 0.7426641 0.4334418 0.4523375
25 0.2955703 0.5514899 0.0614042 0.0673970
24 0.4797831 0.5514899 0.0614042 0.0673970
28 0.5411873 0.5514899 0.0614043 0.0673970
2 0.6025916 0.5514899 0.0614043 0.0673970
10 0.2955703 0.6182389 0.0614042 0.0661009
8 0.4183788 0.6182389 0.0614043 0.0661009
1 0.4797831 0.6182389 0.0614042 0.0661009
26 0.5411873 0.6182389 0.0614043 0.0661009
22 0.6025916 0.6182389 0.0614043 0.0661009
30 0.6639958 0.6182389 0.0614042 0.0661009
6 0.2955703 0.6862840 0.0614042 0.0673970
18 0.3569746 0.6862840 0.0614043 0.0673970
11 0.5411873 0.6862840 0.0614043 0.0673970
9 0.6025916 0.6862840 0.0614043 0.0673970
21 0.6639958 0.6862840 0.0614042 0.0673970
5 0.3569746 0.7536809 0.0614043 0.0673969
16 0.4183788 0.7536809 0.0614043 0.0673969
4 0.4797831 0.7536809 0.0614042 0.0673969
14 0.6025916 0.7536809 0.0614043 0.0673969
13 0.4183788 0.8210779 0.0614043 0.0673970
7 0.4797831 0.8210779 0.0614042 0.0673970
15 0.5411873 0.8210779 0.0614043 0.0673970
3 0.6025916 0.8210779 0.0614043 0.0673970
23 0.6639958 0.8210779 0.0614042 0.0673970
20 0.2955703 0.8884749 0.0614042 0.0673970
27 0.4183788 0.8884749 0.0614043 0.0673970
12 0.4797831 0.8884749 0.0614042 0.0673970
17 0.5411873 0.8884749 0.0614043 0.0673970
