30 0.4946644 0.8038177 0.0607207 0.0617738
18 0.5553851 0.8038177 0.0607207 0.0617738
32 0.4964503 0.6701727 0.4286166 0.4145967
5 0.3125023 0.4949492 0.0607207 0.0617737
10 0.4339437 0.4949492 0.0607207 0.0617737
16 0.4946644 0.4949492 0.0607207 0.0617737
23 0.6161058 0.4949492 0.0607207 0.0617737
20 0.6768265 0.4949492 0.0607207 0.0617737
7 0.3125023 0.5561289 0.0607207 0.0605857
4 0.3732230 0.5561289 0.0607207 0.0605857
27 0.4339437 0.5561289 0.0607207 0.0605857
19 0.5553851 0.5561289 0.0607207 0.0605857
8 0.6161058 0.5561289 0.0607207 0.0605857
2 0.6768265 0.5561289 0.0607207 0.0605857
6 0.3125023 0.6184966 0.0607207 0.0617737
1 0.3732230 0.6184966 0.0607207 0.0617737
14 0.5553851 0.6184966 0.0607207 0.0617737
21 0.6768265 0.6184966 0.0607207 0.0617737
13 0.3125023 0.6802704 0.0607207 0.0617738
3 0.3732230 0.6802704 0.0607207 0.0617738
24 0.4339437 0.6802704 0.0607207 0.0617738
25 0.4946644 0.6802704 0.0607207 0.0617738
28 0.5553851 0.6802704 0.0607207 0.0617738
26 0.6161058 0.6802704 0.0607207 0.0617738
29 0.3732230 0.7420441 0.0607207 0.0617737
12 0.4946644 0.7420441 0.0607207 0.0617737
15 0.5553851 0.7420441 0.0607207 0.0617737
17 0.6161058 0.7420441 0.0607207 0.0617737
31 0.3125023 0.8038177 0.0607207 0.0617738
22 0.3732230 0.8038177 0.0607207 0.0617738
9 0.4339437 0.8038177 0.0607207 0.0617738
