14 0.5464339 0.8580872 0.0649326 0.0661002
18 0.6762990 0.8580872 0.0649326 0.0661002
32 0.4834111 0.7150821 0.4583475 0.4436333
1 0.3516362 0.5275867 0.0649326 0.0661001
11 0.5464339 0.5275867 0.0649326 0.0661001
5 0.6113664 0.5275867 0.0649325 0.0661001
15 0.6762990 0.5275867 0.0649326 0.0661001
7 0.2867036 0.5930512 0.0649326 0.0648289
20 0.3516362 0.5930512 0.0649326 0.0648289
6 0.4165688 0.5930512 0.0649326 0.0648289
8 0.4815013 0.5930512 0.0649326 0.0648289
17 0.5464339 0.5930512 0.0649326 0.0648289
31 0.6113664 0.5930512 0.0649325 0.0648289
3 0.2867036 0.6597868 0.0649326 0.0661001
22 0.3516362 0.6597868 0.0649326 0.0661001
10 0.4165688 0.6597868 0.0649326 0.0661001
4 0.4815013 0.6597868 0.0649326 0.0661001
25 0.5464339 0.6597868 0.0649326 0.0661001
16 0.6762990 0.6597868 0.0649326 0.0661001
29 0.3516362 0.7258870 0.0649326 0.0661001
23 0.4165688 0.7258870 0.0649326 0.0661001
24 0.4815013 0.7258870 0.0649326 0.0661001
12 0.5464339 0.7258870 0.0649326 0.0661001
13 0.6113664 0.7258870 0.0649325 0.0661001
27 0.2867036 0.7919870 0.0649326 0.0661001
2 0.3516362 0.7919870 0.0649326 0.0661001
9 0.5464339 0.7919870 0.0649326 0.0661001
26 0.6113664 0.7919870 0.0649325 0.0661001
21 0.3516362 0.8580872 0.0649326 0.0661002
30 0.4165688 0.8580872 0.0649326 0.0661002
28 0.4815013 0.8580872 0.0649326 0.0661002
