4 0.6008387 0.8251502 0.0667635 0.0665005
9 0.6676022 0.8251502 0.0667636 0.0665005
32 0.4692752 0.6812788 0.4712721 0.4463213
10 0.2670210 0.4926472 0.0667636 0.0665006
11 0.3337845 0.4926472 0.0667635 0.0665006
3 0.4005480 0.4926472 0.0667636 0.0665006
20 0.4673116 0.4926472 0.0667635 0.0665006
14 0.5340752 0.4926472 0.0667636 0.0665006
27 0.6008387 0.4926472 0.0667635 0.0665006
1 0.6676022 0.4926472 0.0667636 0.0665006
17 0.4005480 0.5585085 0.0667636 0.0652217
8 0.4673116 0.5585085 0.0667635 0.0652217
28 0.2670210 0.6256485 0.0667636 0.0665006
16 0.4005480 0.6256485 0.0667636 0.0665006
5 0.6008387 0.6256485 0.0667635 0.0665006
21 0.6676022 0.6256485 0.0667636 0.0665006
15 0.2670210 0.6921490 0.0667636 0.0665005
29 0.3337845 0.6921490 0.0667635 0.0665005
12 0.4005480 0.6921490 0.0667636 0.0665005
6 0.4673116 0.6921490 0.0667635 0.0665005
2 0.6008387 0.6921490 0.0667635 0.0665005
24 0.2670210 0.7586496 0.0667636 0.0665006
23 0.3337845 0.7586496 0.0667635 0.0665006
30 0.4005480 0.7586496 0.0667636 0.0665006
25 0.4673116 0.7586496 0.0667635 0.0665006
18 0.5340752 0.7586496 0.0667636 0.0665006
31 0.6008387 0.7586496 0.0667635 0.0665006
22 0.2670210 0.8251502 0.0667636 0.0665005
26 0.3337845 0.8251502 0.0667635 0.0665005
19 0.4005480 0.8251502 0.0667636 0.0665005
13 0.5340752 0.8251502 0.0667636 0.0665005
