3 0.3720193 0.8744435 0.0635203 0.0653443
29 0.6261007 0.8744435 0.0635203 0.0653443
32 0.5009283 0.7330737 0.4483788 0.4385606
31 0.3084990 0.5477222 0.0635203 0.0653443
1 0.3720193 0.5477222 0.0635203 0.0653443
27 0.4355397 0.5477222 0.0635204 0.0653443
16 0.4990601 0.5477222 0.0635203 0.0653443
28 0.6261007 0.5477222 0.0635203 0.0653443
5 0.6896210 0.5477222 0.0635204 0.0653443
10 0.3084990 0.6124382 0.0635203 0.0640876
25 0.3720193 0.6124382 0.0635203 0.0640876
26 0.4990601 0.6124382 0.0635203 0.0640876
23 0.6261007 0.6124382 0.0635203 0.0640876
13 0.6896210 0.6124382 0.0635204 0.0640876
6 0.3084990 0.6784108 0.0635203 0.0653443
19 0.3720193 0.6784108 0.0635203 0.0653443
20 0.4355397 0.6784108 0.0635204 0.0653443
4 0.4990601 0.6784108 0.0635203 0.0653443
24 0.5625804 0.6784108 0.0635204 0.0653443
11 0.6261007 0.6784108 0.0635203 0.0653443
17 0.6896210 0.6784108 0.0635204 0.0653443
2 0.3720193 0.7437550 0.0635203 0.0653442
14 0.5625804 0.7437550 0.0635204 0.0653442
8 0.6261007 0.7437550 0.0635203 0.0653442
12 0.3084990 0.8090993 0.0635203 0.0653442
9 0.3720193 0.8090993 0.0635203 0.0653442
18 0.4355397 0.8090993 0.0635204 0.0653442
7 0.4990601 0.8090993 0.0635203 0.0653442
22 0.5625804 0.8090993 0.0635204 0.0653442
15 0.6896210 0.8090993 0.0635204 0.0653442
21 0.3084990 0.8744435 0.0635203 0.0653443
