6 0.5843088 0.8712211 0.0652137 0.0643924
27 0.6495225 0.8712211 0.0652137 0.0643924
32 0.4557994 0.7319106 0.4603323 0.4321722
5 0.3234538 0.5492590 0.0652138 0.0643924
7 0.3886676 0.5492590 0.0652137 0.0643924
25 0.5190950 0.5492590 0.0652137 0.0643924
20 0.5843088 0.5492590 0.0652137 0.0643924
15 0.3234538 0.6130322 0.0652138 0.0631541
26 0.3886676 0.6130322 0.0652137 0.0631541
11 0.4538813 0.6130322 0.0652137 0.0631541
14 0.5190950 0.6130322 0.0652137 0.0631541
2 0.3234538 0.6780438 0.0652138 0.0643924
17 0.4538813 0.6780438 0.0652137 0.0643924
24 0.5190950 0.6780438 0.0652137 0.0643924
9 0.5843088 0.6780438 0.0652137 0.0643924
30 0.3886676 0.7424362 0.0652137 0.0643925
21 0.4538813 0.7424362 0.0652137 0.0643925
22 0.5190950 0.7424362 0.0652137 0.0643925
18 0.6495225 0.7424362 0.0652137 0.0643925
10 0.2582401 0.8068287 0.0652137 0.0643924
31 0.3234538 0.8068287 0.0652138 0.0643924
1 0.3886676 0.8068287 0.0652137 0.0643924
4 0.4538813 0.8068287 0.0652137 0.0643924
3 0.5190950 0.8068287 0.0652137 0.0643924
29 0.5843088 0.8068287 0.0652137 0.0643924
19 0.6495225 0.8068287 0.0652137 0.0643924
13 0.2582401 0.8712211 0.0652137 0.0643924
12 0.3234538 0.8712211 0.0652138 0.0643924
28 0.3886676 0.8712211 0.0652137 0.0643924
16 0.4538813 0.8712211 0.0652137 0.0643924
8 0.5190950 0.8712211 0.0652137 0.0643924
