25 0.5384468 0.8555627 0.0654563 0.0617844
31 0.6693594 0.8555627 0.0654563 0.0617844
32 0.4749157 0.7218945 0.4620444 0.4146684
12 0.2766216 0.5466407 0.0654563 0.0617844
18 0.4075343 0.5466407 0.0654563 0.0617844
19 0.4729906 0.5466407 0.0654563 0.0617844
21 0.5384468 0.5466407 0.0654563 0.0617844
4 0.6039032 0.5466407 0.0654563 0.0617844
20 0.2766216 0.6078310 0.0654563 0.0605962
22 0.3420779 0.6078310 0.0654563 0.0605962
26 0.4075343 0.6078310 0.0654563 0.0605962
30 0.6039032 0.6078310 0.0654563 0.0605962
23 0.6693594 0.6078310 0.0654563 0.0605962
11 0.3420779 0.6702095 0.0654563 0.0617844
8 0.4075343 0.6702095 0.0654563 0.0617844
6 0.4729906 0.6702095 0.0654563 0.0617844
10 0.5384468 0.6702095 0.0654563 0.0617844
3 0.6693594 0.6702095 0.0654563 0.0617844
1 0.2766216 0.7319939 0.0654563 0.0617844
9 0.3420779 0.7319939 0.0654563 0.0617844
13 0.4729906 0.7319939 0.0654563 0.0617844
27 0.5384468 0.7319939 0.0654563 0.0617844
16 0.6039032 0.7319939 0.0654563 0.0617844
24 0.6693594 0.7319939 0.0654563 0.0617844
2 0.2766216 0.7937783 0.0654563 0.0617844
28 0.4075343 0.7937783 0.0654563 0.0617844
29 0.4729906 0.7937783 0.0654563 0.0617844
14 0.5384468 0.7937783 0.0654563 0.0617844
17 0.6693594 0.7937783 0.0654563 0.0617844
15 0.2766216 0.8555627 0.0654563 0.0617844
5 0.4075343 0.8555627 0.0654563 0.0617844
