2 0.6226378 0.8467583 0.0657703 0.0665696
17 0.6884081 0.8467583 0.0657703 0.0665696
32 0.4930316 0.7027374 0.4642610 0.4467845
7 0.2937862 0.5139102 0.0657703 0.0665696
9 0.3595566 0.5139102 0.0657703 0.0665696
28 0.6226378 0.5139102 0.0657703 0.0665696
4 0.6884081 0.5139102 0.0657703 0.0665696
20 0.2937862 0.5798397 0.0657703 0.0652894
27 0.3595566 0.5798397 0.0657703 0.0652894
13 0.4253268 0.5798397 0.0657703 0.0652894
26 0.4910972 0.5798397 0.0657703 0.0652894
14 0.5568675 0.5798397 0.0657703 0.0652894
3 0.6226378 0.5798397 0.0657703 0.0652894
24 0.6884081 0.5798397 0.0657703 0.0652894
29 0.2937862 0.6470494 0.0657703 0.0665696
25 0.3595566 0.6470494 0.0657703 0.0665696
1 0.4253268 0.6470494 0.0657703 0.0665696
15 0.5568675 0.6470494 0.0657703 0.0665696
12 0.6226378 0.6470494 0.0657703 0.0665696
11 0.6884081 0.6470494 0.0657703 0.0665696
30 0.2937862 0.7136191 0.0657703 0.0665696
19 0.3595566 0.7136191 0.0657703 0.0665696
16 0.4253268 0.7136191 0.0657703 0.0665696
6 0.4253268 0.7801886 0.0657703 0.0665696
23 0.4910972 0.7801886 0.0657703 0.0665696
22 0.6226378 0.7801886 0.0657703 0.0665696
21 0.6884081 0.7801886 0.0657703 0.0665696
5 0.2937862 0.8467583 0.0657703 0.0665696
18 0.3595566 0.8467583 0.0657703 0.0665696
10 0.4253268 0.8467583 0.0657703 0.0665696
8 0.5568675 0.8467583 0.0657703 0.0665696
