17 0.6077980 0.8589558 0.0645969 0.0649322
13 0.7369918 0.8589558 0.0645969 0.0649322
32 0.5451009 0.7184776 0.4559782 0.4357947
11 0.4140072 0.5342951 0.0645969 0.0649322
23 0.5432011 0.5342951 0.0645969 0.0649322
15 0.6077980 0.5342951 0.0645969 0.0649322
4 0.6723949 0.5342951 0.0645969 0.0649322
14 0.7369918 0.5342951 0.0645969 0.0649322
6 0.5432011 0.5986029 0.0645969 0.0636834
25 0.6723949 0.5986029 0.0645969 0.0636834
29 0.7369918 0.5986029 0.0645969 0.0636834
20 0.3494103 0.6641594 0.0645969 0.0649321
21 0.4140072 0.6641594 0.0645969 0.0649321
30 0.4786041 0.6641594 0.0645969 0.0649321
31 0.6077980 0.6641594 0.0645969 0.0649321
18 0.6723949 0.6641594 0.0645969 0.0649321
2 0.7369918 0.6641594 0.0645969 0.0649321
27 0.3494103 0.7290915 0.0645969 0.0649322
26 0.4140072 0.7290915 0.0645969 0.0649322
8 0.4786041 0.7290915 0.0645969 0.0649322
12 0.5432011 0.7290915 0.0645969 0.0649322
16 0.6723949 0.7290915 0.0645969 0.0649322
5 0.7369918 0.7290915 0.0645969 0.0649322
19 0.3494103 0.7940237 0.0645969 0.0649322
3 0.4140072 0.7940237 0.0645969 0.0649322
9 0.4786041 0.7940237 0.0645969 0.0649322
28 0.6723949 0.7940237 0.0645969 0.0649322
22 0.7369918 0.7940237 0.0645969 0.0649322
1 0.3494103 0.8589558 0.0645969 0.0649322
7 0.4140072 0.8589558 0.0645969 0.0649322
10 0.4786041 0.8589558 0.0645969 0.0649322
