6 0.6080639 0.8781330 0.0610963 0.0635208
12 0.6691602 0.8781330 0.0610963 0.0635208
32 0.4876682 0.7407082 0.4312682 0.4263225
1 0.3025822 0.5605289 0.0610963 0.0635208
30 0.3636786 0.5605289 0.0610963 0.0635208
27 0.4247749 0.5605289 0.0610963 0.0635208
15 0.4858712 0.5605289 0.0610963 0.0635208
21 0.6080639 0.5605289 0.0610963 0.0635208
17 0.6691602 0.5605289 0.0610963 0.0635208
8 0.3025822 0.6234389 0.0610963 0.0622993
31 0.3636786 0.6234389 0.0610963 0.0622993
19 0.5469675 0.6234389 0.0610963 0.0622993
7 0.6080639 0.6234389 0.0610963 0.0622993
13 0.6691602 0.6234389 0.0610963 0.0622993
4 0.3025822 0.6875706 0.0610963 0.0635208
20 0.4247749 0.6875706 0.0610963 0.0635208
26 0.4858712 0.6875706 0.0610963 0.0635208
29 0.5469675 0.6875706 0.0610963 0.0635208
9 0.3025822 0.7510914 0.0610963 0.0635208
5 0.4247749 0.7510914 0.0610963 0.0635208
24 0.4858712 0.7510914 0.0610963 0.0635208
23 0.6080639 0.7510914 0.0610963 0.0635208
2 0.6691602 0.7510914 0.0610963 0.0635208
10 0.3636786 0.8146122 0.0610963 0.0635208
3 0.4247749 0.8146122 0.0610963 0.0635208
25 0.4858712 0.8146122 0.0610963 0.0635208
16 0.6080639 0.8146122 0.0610963 0.0635208
18 0.6691602 0.8146122 0.0610963 0.0635208
22 0.3025822 0.8781330 0.0610963 0.0635208
28 0.4247749 0.8781330 0.0610963 0.0635208
14 0.4858712 0.8781330 0.0610963 0.0635208
