3 0.4632777 0.9039214 0.0662206 0.0669339
30 0.7281599 0.9039214 0.0662206 0.0669339
32 0.5314459 0.7591124 0.4674390 0.4492296
2 0.3308367 0.5692518 0.0662205 0.0669339
13 0.4632777 0.5692518 0.0662206 0.0669339
25 0.5294983 0.5692518 0.0662205 0.0669339
10 0.5957188 0.5692518 0.0662205 0.0669339
14 0.6619393 0.5692518 0.0662206 0.0669339
18 0.3970572 0.6355421 0.0662205 0.0656467
31 0.5957188 0.6355421 0.0662205 0.0656467
16 0.6619393 0.6355421 0.0662206 0.0656467
29 0.7281599 0.6355421 0.0662206 0.0656467
23 0.3970572 0.7031196 0.0662205 0.0669339
6 0.4632777 0.7031196 0.0662206 0.0669339
4 0.5294983 0.7031196 0.0662205 0.0669339
15 0.6619393 0.7031196 0.0662206 0.0669339
5 0.3308367 0.7700536 0.0662205 0.0669340
11 0.4632777 0.7700536 0.0662206 0.0669340
7 0.5294983 0.7700536 0.0662205 0.0669340
24 0.5957188 0.7700536 0.0662205 0.0669340
22 0.6619393 0.7700536 0.0662206 0.0669340
17 0.7281599 0.7700536 0.0662206 0.0669340
9 0.3308367 0.8369875 0.0662205 0.0669339
20 0.3970572 0.8369875 0.0662205 0.0669339
27 0.4632777 0.8369875 0.0662206 0.0669339
21 0.5294983 0.8369875 0.0662205 0.0669339
26 0.5957188 0.8369875 0.0662205 0.0669339
1 0.6619393 0.8369875 0.0662206 0.0669339
8 0.7281599 0.8369875 0.0662206 0.0669339
28 0.3308367 0.9039214 0.0662205 0.0669339
12 0.3970572 0.9039214 0.0662205 0.0669339
