4 0.6374118 0.8928212 0.0634758 0.0636265
27 0.7008876 0.8928212 0.0634758 0.0636265
32 0.5123271 0.7551677 0.4480647 0.4270316
11 0.3200327 0.5746887 0.0634758 0.0636265
24 0.3835085 0.5746887 0.0634758 0.0636265
12 0.5104601 0.5746887 0.0634758 0.0636265
19 0.7008876 0.5746887 0.0634758 0.0636265
10 0.3200327 0.6377034 0.0634758 0.0624030
6 0.3835085 0.6377034 0.0634758 0.0624030
23 0.5104601 0.6377034 0.0634758 0.0624030
22 0.7008876 0.6377034 0.0634758 0.0624030
2 0.3200327 0.7019417 0.0634758 0.0636265
25 0.4469843 0.7019417 0.0634758 0.0636265
26 0.5104601 0.7019417 0.0634758 0.0636265
21 0.5739360 0.7019417 0.0634758 0.0636265
18 0.6374118 0.7019417 0.0634758 0.0636265
7 0.7008876 0.7019417 0.0634758 0.0636265
8 0.3200327 0.7655681 0.0634758 0.0636265
31 0.3835085 0.7655681 0.0634758 0.0636265
14 0.4469843 0.7655681 0.0634758 0.0636265
1 0.5104601 0.7655681 0.0634758 0.0636265
28 0.5739360 0.7655681 0.0634758 0.0636265
13 0.6374118 0.7655681 0.0634758 0.0636265
29 0.3200327 0.8291946 0.0634758 0.0636266
5 0.4469843 0.8291946 0.0634758 0.0636266
17 0.5739360 0.8291946 0.0634758 0.0636266
16 0.6374118 0.8291946 0.0634758 0.0636266
9 0.3835085 0.8928212 0.0634758 0.0636265
3 0.4469843 0.8928212 0.0634758 0.0636265
15 0.5104601 0.8928212 0.0634758 0.0636265
