24 0.6251060 0.9051031 0.0633740 0.0643853
6 0.6884799 0.9051031 0.0633739 0.0643853
32 0.5002220 0.7658081 0.4473456 0.4321241
23 0.3082362 0.5831769 0.0633739 0.0643853
3 0.3716102 0.5831769 0.0633740 0.0643853
25 0.4983581 0.5831769 0.0633739 0.0643853
29 0.6251060 0.5831769 0.0633740 0.0643853
20 0.3716102 0.6469431 0.0633740 0.0631471
26 0.4349841 0.6469431 0.0633739 0.0631471
9 0.4983581 0.6469431 0.0633739 0.0631471
7 0.5617320 0.6469431 0.0633739 0.0631471
15 0.6251060 0.6469431 0.0633740 0.0631471
2 0.6884799 0.6469431 0.0633739 0.0631471
27 0.3082362 0.7119474 0.0633739 0.0643852
17 0.3716102 0.7119474 0.0633740 0.0643852
14 0.4349841 0.7119474 0.0633739 0.0643852
21 0.5617320 0.7119474 0.0633739 0.0643852
30 0.6884799 0.7119474 0.0633739 0.0643852
28 0.4349841 0.7763327 0.0633739 0.0643853
8 0.4983581 0.7763327 0.0633739 0.0643853
11 0.6251060 0.7763327 0.0633740 0.0643853
1 0.6884799 0.7763327 0.0633739 0.0643853
19 0.3082362 0.8407179 0.0633739 0.0643852
16 0.4349841 0.8407179 0.0633739 0.0643852
12 0.4983581 0.8407179 0.0633739 0.0643852
10 0.5617320 0.8407179 0.0633739 0.0643852
31 0.6251060 0.8407179 0.0633740 0.0643852
22 0.6884799 0.8407179 0.0633739 0.0643852
5 0.3082362 0.9051031 0.0633739 0.0643853
4 0.5617320 0.9051031 0.0633739 0.0643853
