29 0.5172513 0.8413083 0.0610515 0.0625549
26 0.5783028 0.8413083 0.0610515 0.0625549
32 0.4579955 0.7059734 0.4309518 0.4198394
13 0.2730453 0.5285340 0.0610515 0.0625549
10 0.3340968 0.5285340 0.0610515 0.0625549
11 0.3951483 0.5285340 0.0610515 0.0625549
25 0.5783028 0.5285340 0.0610515 0.0625549
3 0.6393543 0.5285340 0.0610515 0.0625549
1 0.2730453 0.5904874 0.0610515 0.0613519
5 0.5172513 0.5904874 0.0610515 0.0613519
19 0.6393543 0.5904874 0.0610515 0.0613519
7 0.2730453 0.6536438 0.0610515 0.0625549
31 0.3340968 0.6536438 0.0610515 0.0625549
2 0.3951483 0.6536438 0.0610515 0.0625549
20 0.4561998 0.6536438 0.0610515 0.0625549
8 0.5783028 0.6536438 0.0610515 0.0625549
28 0.6393543 0.6536438 0.0610515 0.0625549
14 0.2730453 0.7161986 0.0610515 0.0625549
15 0.3951483 0.7161986 0.0610515 0.0625549
22 0.4561998 0.7161986 0.0610515 0.0625549
17 0.5172513 0.7161986 0.0610515 0.0625549
6 0.6393543 0.7161986 0.0610515 0.0625549
23 0.3951483 0.7787535 0.0610515 0.0625549
21 0.4561998 0.7787535 0.0610515 0.0625549
16 0.5172513 0.7787535 0.0610515 0.0625549
18 0.5783028 0.7787535 0.0610515 0.0625549
27 0.6393543 0.7787535 0.0610515 0.0625549
24 0.2730453 0.8413083 0.0610515 0.0625549
30 0.3340968 0.8413083 0.0610515 0.0625549
9 0.3951483 0.8413083 0.0610515 0.0625549
