1 0.4573333 0.8775112 0.0629570 0.0656319
14 0.5832475 0.8775112 0.0629570 0.0656319
32 0.5221420 0.7355193 0.4444028 0.4404905
19 0.4573333 0.5493520 0.0629570 0.0656318
26 0.5832475 0.5493520 0.0629570 0.0656318
11 0.6462045 0.5493520 0.0629571 0.0656318
7 0.7091615 0.5493520 0.0629571 0.0656318
27 0.3943763 0.6143528 0.0629571 0.0643697
21 0.4573333 0.6143528 0.0629570 0.0643697
24 0.5202904 0.6143528 0.0629571 0.0643697
16 0.5832475 0.6143528 0.0629570 0.0643697
12 0.6462045 0.6143528 0.0629571 0.0643697
6 0.3314192 0.6806157 0.0629571 0.0656318
31 0.4573333 0.6806157 0.0629570 0.0656318
25 0.5202904 0.6806157 0.0629571 0.0656318
9 0.5832475 0.6806157 0.0629570 0.0656318
29 0.6462045 0.6806157 0.0629571 0.0656318
17 0.7091615 0.6806157 0.0629571 0.0656318
28 0.3314192 0.7462476 0.0629571 0.0656319
3 0.3943763 0.7462476 0.0629571 0.0656319
18 0.5202904 0.7462476 0.0629571 0.0656319
4 0.5832475 0.7462476 0.0629570 0.0656319
30 0.6462045 0.7462476 0.0629571 0.0656319
20 0.3943763 0.8118794 0.0629571 0.0656318
8 0.4573333 0.8118794 0.0629570 0.0656318
15 0.5202904 0.8118794 0.0629571 0.0656318
5 0.5832475 0.8118794 0.0629570 0.0656318
10 0.6462045 0.8118794 0.0629571 0.0656318
13 0.7091615 0.8118794 0.0629571 0.0656318
23 0.3943763 0.8775112 0.0629571 0.0656319
