24 0.6732167 0.8645264 0.0651371 0.0647321
10 0.7383538 0.8645264 0.0651372 0.0647321
32 0.5448582 0.7244807 0.4597916 0.4344526
19 0.4126681 0.5408654 0.0651371 0.0647322
5 0.5429424 0.5408654 0.0651372 0.0647322
9 0.6080795 0.5408654 0.0651371 0.0647322
17 0.6732167 0.5408654 0.0651371 0.0647322
16 0.7383538 0.5408654 0.0651372 0.0647322
26 0.3475310 0.6049751 0.0651371 0.0634873
29 0.4126681 0.6049751 0.0651371 0.0634873
23 0.5429424 0.6049751 0.0651372 0.0634873
20 0.7383538 0.6049751 0.0651372 0.0634873
1 0.4126681 0.6703297 0.0651371 0.0647322
15 0.5429424 0.6703297 0.0651372 0.0647322
8 0.6080795 0.6703297 0.0651371 0.0647322
3 0.7383538 0.6703297 0.0651372 0.0647322
18 0.3475310 0.7350620 0.0651371 0.0647322
7 0.4126681 0.7350620 0.0651371 0.0647322
31 0.4778053 0.7350620 0.0651371 0.0647322
28 0.6732167 0.7350620 0.0651371 0.0647322
14 0.3475310 0.7997942 0.0651371 0.0647322
12 0.4126681 0.7997942 0.0651371 0.0647322
27 0.5429424 0.7997942 0.0651372 0.0647322
30 0.6080795 0.7997942 0.0651371 0.0647322
21 0.6732167 0.7997942 0.0651371 0.0647322
11 0.7383538 0.7997942 0.0651372 0.0647322
6 0.3475310 0.8645264 0.0651371 0.0647321
4 0.4126681 0.8645264 0.0651371 0.0647321
2 0.4778053 0.8645264 0.0651371 0.0647321
22 0.6080795 0.8645264 0.0651371 0.0647321
