22 0.5922924 0.8845146 0.0637255 0.0618192
7 0.6560179 0.8845146 0.0637255 0.0618192
32 0.4667156 0.7507710 0.4498273 0.4149023
10 0.3373903 0.5754183 0.0637255 0.0618193
19 0.4011158 0.5754183 0.0637255 0.0618193
23 0.5285669 0.5754183 0.0637255 0.0618193
17 0.6560179 0.5754183 0.0637255 0.0618193
16 0.2736647 0.6366432 0.0637255 0.0606304
24 0.3373903 0.6366432 0.0637255 0.0606304
5 0.4011158 0.6366432 0.0637255 0.0606304
2 0.5285669 0.6366432 0.0637255 0.0606304
27 0.5922924 0.6366432 0.0637255 0.0606304
14 0.6560179 0.6366432 0.0637255 0.0606304
15 0.2736647 0.6990569 0.0637255 0.0618192
18 0.3373903 0.6990569 0.0637255 0.0618192
28 0.5922924 0.6990569 0.0637255 0.0618192
3 0.6560179 0.6990569 0.0637255 0.0618192
9 0.2736647 0.7608762 0.0637255 0.0618192
8 0.3373903 0.7608762 0.0637255 0.0618192
13 0.4648413 0.7608762 0.0637255 0.0618192
21 0.6560179 0.7608762 0.0637255 0.0618192
4 0.2736647 0.8226954 0.0637255 0.0618193
12 0.3373903 0.8226954 0.0637255 0.0618193
30 0.4011158 0.8226954 0.0637255 0.0618193
31 0.4648413 0.8226954 0.0637255 0.0618193
25 0.5285669 0.8226954 0.0637255 0.0618193
26 0.2736647 0.8845146 0.0637255 0.0618192
6 0.4011158 0.8845146 0.0637255 0.0618192
1 0.4648413 0.8845146 0.0637255 0.0618192
20 0.5285669 0.8845146 0.0637255 0.0618192
