24 0.4561343 0.8481458 0.0663693 0.0652373
27 0.5225035 0.8481458 0.0663693 0.0652373
32 0.4580863 0.7070074 0.4684893 0.4378426
14 0.3233956 0.5219594 0.0663693 0.0652373
28 0.3897649 0.5219594 0.0663693 0.0652373
6 0.4561343 0.5219594 0.0663693 0.0652373
30 0.5225035 0.5219594 0.0663693 0.0652373
4 0.5888729 0.5219594 0.0663693 0.0652373
16 0.6552422 0.5219594 0.0663693 0.0652373
1 0.2570263 0.5865694 0.0663693 0.0639827
19 0.3897649 0.5865694 0.0663693 0.0639827
23 0.4561343 0.5865694 0.0663693 0.0639827
5 0.5225035 0.5865694 0.0663693 0.0639827
26 0.5888729 0.5865694 0.0663693 0.0639827
15 0.6552422 0.5865694 0.0663693 0.0639827
10 0.2570263 0.6524339 0.0663693 0.0652373
12 0.3233956 0.6524339 0.0663693 0.0652373
3 0.4561343 0.6524339 0.0663693 0.0652373
11 0.5225035 0.6524339 0.0663693 0.0652373
7 0.5888729 0.6524339 0.0663693 0.0652373
13 0.3897649 0.7176712 0.0663693 0.0652374
21 0.5225035 0.7176712 0.0663693 0.0652374
8 0.5888729 0.7176712 0.0663693 0.0652374
18 0.2570263 0.7829086 0.0663693 0.0652373
20 0.3233956 0.7829086 0.0663693 0.0652373
29 0.4561343 0.7829086 0.0663693 0.0652373
31 0.5225035 0.7829086 0.0663693 0.0652373
2 0.6552422 0.7829086 0.0663693 0.0652373
9 0.2570263 0.8481458 0.0663693 0.0652373
25 0.3897649 0.8481458 0.0663693 0.0652373
