23 0.5851238 0.8891049 0.0622058 0.0636816
10 0.6473296 0.8891049 0.0622057 0.0636816
32 0.4625420 0.7513322 0.4390993 0.4274010
30 0.2740952 0.5706972 0.0622058 0.0636816
21 0.3363009 0.5706972 0.0622057 0.0636816
3 0.5229181 0.5706972 0.0622057 0.0636816
27 0.6473296 0.5706972 0.0622057 0.0636816
6 0.2740952 0.6337664 0.0622058 0.0624569
26 0.4607124 0.6337664 0.0622057 0.0624569
12 0.5851238 0.6337664 0.0622058 0.0624569
9 0.6473296 0.6337664 0.0622057 0.0624569
8 0.2740952 0.6980603 0.0622058 0.0636816
22 0.4607124 0.6980603 0.0622057 0.0636816
20 0.5229181 0.6980603 0.0622057 0.0636816
24 0.5851238 0.6980603 0.0622058 0.0636816
19 0.6473296 0.6980603 0.0622057 0.0636816
15 0.2740952 0.7617418 0.0622058 0.0636815
4 0.3363009 0.7617418 0.0622057 0.0636815
28 0.3985066 0.7617418 0.0622057 0.0636815
5 0.5229181 0.7617418 0.0622057 0.0636815
2 0.6473296 0.7617418 0.0622057 0.0636815
1 0.3363009 0.8254233 0.0622057 0.0636816
7 0.3985066 0.8254233 0.0622057 0.0636816
11 0.4607124 0.8254233 0.0622057 0.0636816
25 0.5851238 0.8254233 0.0622058 0.0636816
13 0.6473296 0.8254233 0.0622057 0.0636816
18 0.2740952 0.8891049 0.0622058 0.0636816
14 0.3363009 0.8891049 0.0622057 0.0636816
16 0.3985066 0.8891049 0.0622057 0.0636816
17 0.5229181 0.8891049 0.0622057 0.0636816
