9 0.6000790 0.8994162 0.0630549 0.0682049
18 0.7261887 0.8994162 0.0630548 0.0682049
32 0.5388787 0.7518576 0.4450931 0.4577595
2 0.4109144 0.5583920 0.0630549 0.0682048
3 0.4739693 0.5583920 0.0630548 0.0682048
17 0.6000790 0.5583920 0.0630549 0.0682048
8 0.6631339 0.5583920 0.0630549 0.0682048
14 0.3478596 0.6259410 0.0630548 0.0668932
24 0.4109144 0.6259410 0.0630549 0.0668932
16 0.4739693 0.6259410 0.0630548 0.0668932
23 0.5370242 0.6259410 0.0630548 0.0668932
25 0.6000790 0.6259410 0.0630549 0.0668932
28 0.6631339 0.6259410 0.0630549 0.0668932
15 0.7261887 0.6259410 0.0630548 0.0668932
12 0.3478596 0.6948016 0.0630548 0.0682049
31 0.4739693 0.6948016 0.0630548 0.0682049
6 0.5370242 0.6948016 0.0630548 0.0682049
7 0.6000790 0.6948016 0.0630549 0.0682049
5 0.7261887 0.6948016 0.0630548 0.0682049
11 0.4109144 0.7630065 0.0630549 0.0682048
21 0.4739693 0.7630065 0.0630548 0.0682048
13 0.5370242 0.7630065 0.0630548 0.0682048
30 0.6000790 0.7630065 0.0630549 0.0682048
26 0.7261887 0.7630065 0.0630548 0.0682048
27 0.3478596 0.8312114 0.0630548 0.0682049
19 0.4109144 0.8312114 0.0630549 0.0682049
29 0.4739693 0.8312114 0.0630548 0.0682049
4 0.6000790 0.8312114 0.0630549 0.0682049
20 0.3478596 0.8994162 0.0630548 0.0682049
10 0.4109144 0.8994162 0.0630549 0.0682049
