6 0.5905108 0.8705515 0.0630220 0.0670904
27 0.6535328 0.8705515 0.0630220 0.0670904
32 0.4663203 0.7254041 0.4448613 0.4502795
23 0.2754007 0.5350996 0.0630220 0.0670904
30 0.3384227 0.5350996 0.0630220 0.0670904
7 0.4014447 0.5350996 0.0630220 0.0670904
9 0.4644667 0.5350996 0.0630220 0.0670904
22 0.5905108 0.5350996 0.0630220 0.0670904
11 0.6535328 0.5350996 0.0630220 0.0670904
8 0.2754007 0.6015449 0.0630220 0.0658002
25 0.3384227 0.6015449 0.0630220 0.0658002
20 0.4644667 0.6015449 0.0630220 0.0658002
10 0.5274887 0.6015449 0.0630220 0.0658002
12 0.2754007 0.6692804 0.0630220 0.0670903
19 0.3384227 0.6692804 0.0630220 0.0670903
18 0.4644667 0.6692804 0.0630220 0.0670903
31 0.5274887 0.6692804 0.0630220 0.0670903
4 0.5905108 0.6692804 0.0630220 0.0670903
28 0.3384227 0.7363707 0.0630220 0.0670904
15 0.4014447 0.7363707 0.0630220 0.0670904
5 0.4644667 0.7363707 0.0630220 0.0670904
24 0.6535328 0.7363707 0.0630220 0.0670904
13 0.2754007 0.8034612 0.0630220 0.0670904
14 0.4014447 0.8034612 0.0630220 0.0670904
29 0.4644667 0.8034612 0.0630220 0.0670904
16 0.5905108 0.8034612 0.0630220 0.0670904
3 0.2754007 0.8705515 0.0630220 0.0670904
21 0.3384227 0.8705515 0.0630220 0.0670904
17 0.4644667 0.8705515 0.0630220 0.0670904
2 0.5274887 0.8705515 0.0630220 0.0670904
