30 0.6032077 0.8847806 0.0640436 0.0669782
12 0.7312949 0.8847806 0.0640436 0.0669782
32 0.5410478 0.7398758 0.4520724 0.4495270
10 0.3470334 0.5498895 0.0640436 0.0669783
23 0.4110770 0.5498895 0.0640436 0.0669783
11 0.4751205 0.5498895 0.0640436 0.0669783
20 0.5391641 0.5498895 0.0640436 0.0669783
18 0.6672513 0.5498895 0.0640436 0.0669783
21 0.7312949 0.5498895 0.0640436 0.0669783
2 0.4110770 0.6162237 0.0640436 0.0656902
7 0.4751205 0.6162237 0.0640436 0.0656902
6 0.5391641 0.6162237 0.0640436 0.0656902
1 0.3470334 0.6838459 0.0640436 0.0669783
31 0.4110770 0.6838459 0.0640436 0.0669783
17 0.4751205 0.6838459 0.0640436 0.0669783
19 0.5391641 0.6838459 0.0640436 0.0669783
22 0.6672513 0.6838459 0.0640436 0.0669783
26 0.7312949 0.6838459 0.0640436 0.0669783
8 0.3470334 0.7508241 0.0640436 0.0669782
14 0.4110770 0.7508241 0.0640436 0.0669782
16 0.4751205 0.7508241 0.0640436 0.0669782
15 0.5391641 0.7508241 0.0640436 0.0669782
25 0.6032077 0.7508241 0.0640436 0.0669782
28 0.7312949 0.7508241 0.0640436 0.0669782
29 0.3470334 0.8178024 0.0640436 0.0669782
5 0.4751205 0.8178024 0.0640436 0.0669782
4 0.5391641 0.8178024 0.0640436 0.0669782
27 0.7312949 0.8178024 0.0640436 0.0669782
3 0.4110770 0.8847806 0.0640436 0.0669782
24 0.5391641 0.8847806 0.0640436 0.0669782
