29 0.5424573 0.8822635 0.0623212 0.0628220
15 0.6670998 0.8822635 0.0623212 0.0628220
32 0.4819691 0.7463505 0.4399145 0.4216322
12 0.2931724 0.5681535 0.0623212 0.0628220
22 0.4178149 0.5681535 0.0623212 0.0628220
23 0.4801361 0.5681535 0.0623212 0.0628220
13 0.5424573 0.5681535 0.0623212 0.0628220
24 0.6047785 0.5681535 0.0623212 0.0628220
31 0.6670998 0.5681535 0.0623212 0.0628220
26 0.2931724 0.6303714 0.0623212 0.0616139
25 0.4801361 0.6303714 0.0623212 0.0616139
19 0.6047785 0.6303714 0.0623212 0.0616139
21 0.2931724 0.6937975 0.0623212 0.0628220
9 0.4801361 0.6937975 0.0623212 0.0628220
8 0.5424573 0.6937975 0.0623212 0.0628220
30 0.6047785 0.6937975 0.0623212 0.0628220
28 0.6670998 0.6937975 0.0623212 0.0628220
27 0.3554937 0.7566195 0.0623212 0.0628220
16 0.4178149 0.7566195 0.0623212 0.0628220
5 0.4801361 0.7566195 0.0623212 0.0628220
2 0.5424573 0.7566195 0.0623212 0.0628220
18 0.6047785 0.7566195 0.0623212 0.0628220
4 0.2931724 0.8194415 0.0623212 0.0628220
1 0.3554937 0.8194415 0.0623212 0.0628220
6 0.4801361 0.8194415 0.0623212 0.0628220
14 0.5424573 0.8194415 0.0623212 0.0628220
17 0.6047785 0.8194415 0.0623212 0.0628220
20 0.6670998 0.8194415 0.0623212 0.0628220
7 0.2931724 0.8822635 0.0623212 0.0628220
10 0.4801361 0.8822635 0.0623212 0.0628220
