5 0.4320110 0.8846364 0.0661064 0.0664091
6 0.4981174 0.8846364 0.0661064 0.0664091
32 0.5000616 0.7409630 0.4666336 0.4457070
1 0.2997981 0.5525911 0.0661064 0.0664091
10 0.3659045 0.5525911 0.0661065 0.0664091
21 0.4320110 0.5525911 0.0661064 0.0664091
27 0.4981174 0.5525911 0.0661064 0.0664091
12 0.5642238 0.5525911 0.0661065 0.0664091
14 0.6964366 0.5525911 0.0661065 0.0664091
25 0.2997981 0.6183616 0.0661064 0.0651320
7 0.4320110 0.6183616 0.0661064 0.0651320
2 0.4981174 0.6183616 0.0661064 0.0651320
17 0.6303302 0.6183616 0.0661064 0.0651320
11 0.6964366 0.6183616 0.0661065 0.0651320
26 0.3659045 0.6854092 0.0661065 0.0664090
13 0.4320110 0.6854092 0.0661064 0.0664090
24 0.4981174 0.6854092 0.0661064 0.0664090
8 0.5642238 0.6854092 0.0661065 0.0664090
19 0.2997981 0.7518182 0.0661064 0.0664091
3 0.3659045 0.7518182 0.0661065 0.0664091
29 0.4320110 0.7518182 0.0661064 0.0664091
4 0.4981174 0.7518182 0.0661064 0.0664091
9 0.5642238 0.7518182 0.0661065 0.0664091
28 0.6964366 0.7518182 0.0661065 0.0664091
22 0.2997981 0.8182274 0.0661064 0.0664091
18 0.3659045 0.8182274 0.0661065 0.0664091
16 0.4320110 0.8182274 0.0661064 0.0664091
15 0.4981174 0.8182274 0.0661064 0.0664091
31 0.5642238 0.8182274 0.0661065 0.0664091
23 0.6964366 0.8182274 0.0661065 0.0664091
