29 0.6396038 0.8958894 0.0652541 0.0646328
23 0.7048579 0.8958894 0.0652541 0.0646328
32 0.5110148 0.7560589 0.4606173 0.4337854
26 0.3785873 0.5727255 0.0652541 0.0646328
8 0.4438415 0.5727255 0.0652541 0.0646328
27 0.3133332 0.6367368 0.0652541 0.0633899
4 0.3785873 0.6367368 0.0652541 0.0633899
11 0.4438415 0.6367368 0.0652541 0.0633899
30 0.5743497 0.6367368 0.0652541 0.0633899
1 0.6396038 0.6367368 0.0652541 0.0633899
18 0.7048579 0.6367368 0.0652541 0.0633899
7 0.3133332 0.7019911 0.0652541 0.0646328
12 0.5090956 0.7019911 0.0652541 0.0646328
22 0.7048579 0.7019911 0.0652541 0.0646328
17 0.3133332 0.7666238 0.0652541 0.0646328
10 0.3785873 0.7666238 0.0652541 0.0646328
31 0.4438415 0.7666238 0.0652541 0.0646328
14 0.5090956 0.7666238 0.0652541 0.0646328
16 0.5743497 0.7666238 0.0652541 0.0646328
28 0.6396038 0.7666238 0.0652541 0.0646328
25 0.7048579 0.7666238 0.0652541 0.0646328
2 0.3133332 0.8312566 0.0652541 0.0646327
5 0.3785873 0.8312566 0.0652541 0.0646327
21 0.4438415 0.8312566 0.0652541 0.0646327
6 0.5090956 0.8312566 0.0652541 0.0646327
9 0.5743497 0.8312566 0.0652541 0.0646327
3 0.7048579 0.8312566 0.0652541 0.0646327
19 0.3133332 0.8958894 0.0652541 0.0646328
15 0.3785873 0.8958894 0.0652541 0.0646328
13 0.4438415 0.8958894 0.0652541 0.0646328
