26 0.5445415 0.8781018 0.0627036 0.0618150
15 0.6699487 0.8781018 0.0627036 0.0618150
32 0.5463858 0.7443675 0.4426136 0.4148737
2 0.4191344 0.5690269 0.0627036 0.0618150
24 0.4818379 0.5690269 0.0627036 0.0618150
4 0.5445415 0.5690269 0.0627036 0.0618150
13 0.6072451 0.5690269 0.0627036 0.0618150
19 0.3564307 0.6302475 0.0627036 0.0606262
21 0.4818379 0.6302475 0.0627036 0.0606262
14 0.5445415 0.6302475 0.0627036 0.0606262
1 0.6072451 0.6302475 0.0627036 0.0606262
27 0.6699487 0.6302475 0.0627036 0.0606262
18 0.7326523 0.6302475 0.0627036 0.0606262
5 0.3564307 0.6926569 0.0627036 0.0618150
9 0.5445415 0.6926569 0.0627036 0.0618150
3 0.6072451 0.6926569 0.0627036 0.0618150
8 0.6699487 0.6926569 0.0627036 0.0618150
29 0.7326523 0.6926569 0.0627036 0.0618150
23 0.4191344 0.7544719 0.0627036 0.0618150
17 0.6072451 0.7544719 0.0627036 0.0618150
31 0.6699487 0.7544719 0.0627036 0.0618150
10 0.7326523 0.7544719 0.0627036 0.0618150
7 0.3564307 0.8162868 0.0627036 0.0618150
11 0.4191344 0.8162868 0.0627036 0.0618150
28 0.5445415 0.8162868 0.0627036 0.0618150
12 0.6072451 0.8162868 0.0627036 0.0618150
22 0.7326523 0.8162868 0.0627036 0.0618150
30 0.3564307 0.8781018 0.0627036 0.0618150
20 0.4191344 0.8781018 0.0627036 0.0618150
25 0.4818379 0.8781018 0.0627036 0.0618150
