5 0.6154638 0.9125025 0.0648927 0.0676556
3 0.6803564 0.9125025 0.0648927 0.0676556
32 0.4875870 0.7661321 0.4580659 0.4540735
4 0.2910004 0.5742242 0.0648927 0.0676557
19 0.4207858 0.5742242 0.0648927 0.0676557
13 0.5505711 0.5742242 0.0648927 0.0676557
29 0.6154638 0.5742242 0.0648927 0.0676557
17 0.6803564 0.5742242 0.0648927 0.0676557
27 0.3558931 0.6412294 0.0648927 0.0663546
7 0.4856784 0.6412294 0.0648927 0.0663546
6 0.6154638 0.6412294 0.0648927 0.0663546
12 0.6803564 0.6412294 0.0648927 0.0663546
24 0.3558931 0.7095356 0.0648927 0.0676556
9 0.4207858 0.7095356 0.0648927 0.0676556
14 0.4856784 0.7095356 0.0648927 0.0676556
2 0.5505711 0.7095356 0.0648927 0.0676556
15 0.2910004 0.7771912 0.0648927 0.0676556
23 0.3558931 0.7771912 0.0648927 0.0676556
20 0.4856784 0.7771912 0.0648927 0.0676556
22 0.5505711 0.7771912 0.0648927 0.0676556
10 0.6154638 0.7771912 0.0648927 0.0676556
31 0.2910004 0.8448469 0.0648927 0.0676556
26 0.3558931 0.8448469 0.0648927 0.0676556
21 0.4207858 0.8448469 0.0648927 0.0676556
30 0.5505711 0.8448469 0.0648927 0.0676556
18 0.6154638 0.8448469 0.0648927 0.0676556
16 0.2910004 0.9125025 0.0648927 0.0676556
28 0.3558931 0.9125025 0.0648927 0.0676556
1 0.4207858 0.9125025 0.0648927 0.0676556
25 0.5505711 0.9125025 0.0648927 0.0676556
