22 0.5320263 0.8675856 0.0652634 0.0645247
14 0.5972897 0.8675856 0.0652634 0.0645247
32 0.4686824 0.7279889 0.4606826 0.4330600
28 0.2709728 0.5449621 0.0652634 0.0645247
13 0.5972897 0.5449621 0.0652634 0.0645247
20 0.2709728 0.6088663 0.0652634 0.0632838
25 0.3362362 0.6088663 0.0652633 0.0632838
1 0.4667629 0.6088663 0.0652634 0.0632838
15 0.5320263 0.6088663 0.0652634 0.0632838
11 0.5972897 0.6088663 0.0652634 0.0632838
19 0.2709728 0.6740115 0.0652634 0.0645247
26 0.3362362 0.6740115 0.0652633 0.0645247
5 0.4014995 0.6740115 0.0652634 0.0645247
12 0.4667629 0.6740115 0.0652634 0.0645247
23 0.5320263 0.6740115 0.0652634 0.0645247
2 0.5972897 0.6740115 0.0652634 0.0645247
21 0.6625530 0.6740115 0.0652634 0.0645247
31 0.2709728 0.7385362 0.0652634 0.0645247
7 0.3362362 0.7385362 0.0652633 0.0645247
18 0.4014995 0.7385362 0.0652634 0.0645247
8 0.4667629 0.7385362 0.0652634 0.0645247
3 0.5320263 0.7385362 0.0652634 0.0645247
16 0.6625530 0.7385362 0.0652634 0.0645247
30 0.2709728 0.8030609 0.0652634 0.0645247
9 0.3362362 0.8030609 0.0652633 0.0645247
6 0.4667629 0.8030609 0.0652634 0.0645247
17 0.5320263 0.8030609 0.0652634 0.0645247
24 0.6625530 0.8030609 0.0652634 0.0645247
27 0.4014995 0.8675856 0.0652634 0.0645247
29 0.4667629 0.8675856 0.0652634 0.0645247
