11 0.6068710 0.8516887 0.0625025 0.0617525
2 0.6693735 0.8516887 0.0625025 0.0617525
32 0.4837043 0.7180896 0.4411944 0.4144540
28 0.4193634 0.5429264 0.0625025 0.0617525
19 0.6693735 0.5429264 0.0625025 0.0617525
23 0.2943584 0.6040851 0.0625025 0.0605649
31 0.4193634 0.6040851 0.0625025 0.0605649
26 0.4818659 0.6040851 0.0625026 0.0605649
1 0.5443685 0.6040851 0.0625025 0.0605649
22 0.6068710 0.6040851 0.0625025 0.0605649
13 0.2943584 0.6664313 0.0625025 0.0617524
21 0.4193634 0.6664313 0.0625025 0.0617524
25 0.4818659 0.6664313 0.0625026 0.0617524
10 0.5443685 0.6664313 0.0625025 0.0617524
15 0.6068710 0.6664313 0.0625025 0.0617524
27 0.6693735 0.6664313 0.0625025 0.0617524
14 0.3568609 0.7281837 0.0625025 0.0617525
5 0.4193634 0.7281837 0.0625025 0.0617525
12 0.4818659 0.7281837 0.0625026 0.0617525
16 0.5443685 0.7281837 0.0625025 0.0617525
7 0.6068710 0.7281837 0.0625025 0.0617525
3 0.6693735 0.7281837 0.0625025 0.0617525
17 0.2943584 0.7899362 0.0625025 0.0617525
18 0.4193634 0.7899362 0.0625025 0.0617525
6 0.4818659 0.7899362 0.0625026 0.0617525
9 0.5443685 0.7899362 0.0625025 0.0617525
8 0.6693735 0.7899362 0.0625025 0.0617525
30 0.3568609 0.8516887 0.0625025 0.0617525
29 0.4818659 0.8516887 0.0625026 0.0617525
4 0.5443685 0.8516887 0.0625025 0.0617525
