8 0.6612769 0.8350970 0.0629319 0.0661941
3 0.7242088 0.8350970 0.0629318 0.0661941
32 0.5372642 0.6918887 0.4442249 0.4442643
15 0.3466177 0.5041266 0.0629319 0.0661941
25 0.4095495 0.5041266 0.0629319 0.0661941
7 0.4724814 0.5041266 0.0629319 0.0661941
22 0.5354132 0.5041266 0.0629318 0.0661941
26 0.5983450 0.5041266 0.0629319 0.0661941
30 0.6612769 0.5041266 0.0629319 0.0661941
16 0.4724814 0.5696842 0.0629319 0.0649211
14 0.5354132 0.5696842 0.0629318 0.0649211
10 0.5983450 0.5696842 0.0629319 0.0649211
9 0.7242088 0.5696842 0.0629318 0.0649211
13 0.3466177 0.6365147 0.0629319 0.0661941
11 0.4095495 0.6365147 0.0629319 0.0661941
21 0.4724814 0.6365147 0.0629319 0.0661941
24 0.5354132 0.6365147 0.0629318 0.0661941
18 0.5983450 0.6365147 0.0629319 0.0661941
19 0.6612769 0.6365147 0.0629319 0.0661941
29 0.7242088 0.6365147 0.0629318 0.0661941
28 0.4724814 0.7027089 0.0629319 0.0661941
27 0.6612769 0.7027089 0.0629319 0.0661941
6 0.4724814 0.7689030 0.0629319 0.0661942
23 0.5354132 0.7689030 0.0629318 0.0661942
1 0.5983450 0.7689030 0.0629319 0.0661942
17 0.6612769 0.7689030 0.0629319 0.0661942
31 0.3466177 0.8350970 0.0629319 0.0661941
20 0.4095495 0.8350970 0.0629319 0.0661941
4 0.4724814 0.8350970 0.0629319 0.0661941
2 0.5983450 0.8350970 0.0629319 0.0661941
