3 0.4740474 0.8933906 0.0621623 0.0674516
2 0.6605344 0.8933906 0.0621623 0.0674516
32 0.5380380 0.7474615 0.4387929 0.4527043
9 0.3497227 0.5561324 0.0621623 0.0674517
27 0.4118851 0.5561324 0.0621623 0.0674517
24 0.5362097 0.5561324 0.0621623 0.0674517
22 0.5983720 0.5561324 0.0621623 0.0674517
7 0.7226967 0.5561324 0.0621623 0.0674517
20 0.4118851 0.6229354 0.0621623 0.0661544
30 0.6605344 0.6229354 0.0621623 0.0661544
10 0.7226967 0.6229354 0.0621623 0.0661544
6 0.4740474 0.6910356 0.0621623 0.0674517
11 0.5362097 0.6910356 0.0621623 0.0674517
29 0.6605344 0.6910356 0.0621623 0.0674517
28 0.7226967 0.6910356 0.0621623 0.0674517
26 0.3497227 0.7584873 0.0621623 0.0674516
23 0.4118851 0.7584873 0.0621623 0.0674516
19 0.4740474 0.7584873 0.0621623 0.0674516
21 0.5362097 0.7584873 0.0621623 0.0674516
4 0.5983720 0.7584873 0.0621623 0.0674516
8 0.6605344 0.7584873 0.0621623 0.0674516
25 0.7226967 0.7584873 0.0621623 0.0674516
17 0.3497227 0.8259389 0.0621623 0.0674516
13 0.4118851 0.8259389 0.0621623 0.0674516
12 0.5362097 0.8259389 0.0621623 0.0674516
1 0.5983720 0.8259389 0.0621623 0.0674516
18 0.6605344 0.8259389 0.0621623 0.0674516
16 0.7226967 0.8259389 0.0621623 0.0674516
5 0.3497227 0.8933906 0.0621623 0.0674516
31 0.4118851 0.8933906 0.0621623 0.0674516
