17 0.5781084 0.8274056 0.0660136 0.0642389
8 0.7101357 0.8274056 0.0660136 0.0642389
32 0.5140364 0.6884273 0.4659785 0.4311416
3 0.3140540 0.5062113 0.0660136 0.0642389
22 0.3800676 0.5062113 0.0660136 0.0642389
10 0.4460812 0.5062113 0.0660136 0.0642389
29 0.5120948 0.5062113 0.0660136 0.0642389
18 0.6441221 0.5062113 0.0660136 0.0642389
19 0.7101357 0.5062113 0.0660136 0.0642389
7 0.3140540 0.5698325 0.0660136 0.0630035
24 0.3800676 0.5698325 0.0660136 0.0630035
28 0.4460812 0.5698325 0.0660136 0.0630035
11 0.5120948 0.5698325 0.0660136 0.0630035
6 0.5781084 0.5698325 0.0660136 0.0630035
2 0.6441221 0.5698325 0.0660136 0.0630035
5 0.7101357 0.5698325 0.0660136 0.0630035
9 0.4460812 0.6346890 0.0660136 0.0642389
26 0.5781084 0.6346890 0.0660136 0.0642389
25 0.6441221 0.6346890 0.0660136 0.0642389
4 0.3800676 0.6989279 0.0660136 0.0642389
12 0.4460812 0.6989279 0.0660136 0.0642389
16 0.6441221 0.6989279 0.0660136 0.0642389
1 0.7101357 0.6989279 0.0660136 0.0642389
31 0.3140540 0.7631668 0.0660136 0.0642388
27 0.3800676 0.7631668 0.0660136 0.0642388
13 0.4460812 0.7631668 0.0660136 0.0642388
20 0.3140540 0.8274056 0.0660136 0.0642389
23 0.3800676 0.8274056 0.0660136 0.0642389
15 0.4460812 0.8274056 0.0660136 0.0642389
14 0.5120948 0.8274056 0.0660136 0.0642389
