28 0.5677640 0.8508585 0.0624588 0.0665540
31 0.6926816 0.8508585 0.0624589 0.0665540
32 0.5071422 0.7068716 0.4408857 0.4466794
30 0.3179288 0.5180887 0.0624588 0.0665540
18 0.3803876 0.5180887 0.0624588 0.0665540
8 0.4428464 0.5180887 0.0624588 0.0665540
22 0.5053052 0.5180887 0.0624588 0.0665540
6 0.5677640 0.5180887 0.0624588 0.0665540
25 0.6926816 0.5180887 0.0624589 0.0665540
21 0.3179288 0.5840027 0.0624588 0.0652740
19 0.5053052 0.5840027 0.0624588 0.0652740
13 0.6302228 0.5840027 0.0624588 0.0652740
27 0.6926816 0.5840027 0.0624589 0.0652740
11 0.3179288 0.6511966 0.0624588 0.0665539
14 0.3803876 0.6511966 0.0624588 0.0665539
29 0.4428464 0.6511966 0.0624588 0.0665539
3 0.5053052 0.6511966 0.0624588 0.0665539
20 0.5677640 0.6511966 0.0624588 0.0665539
9 0.6302228 0.6511966 0.0624588 0.0665539
5 0.3179288 0.7177505 0.0624588 0.0665540
17 0.3803876 0.7177505 0.0624588 0.0665540
4 0.5677640 0.7177505 0.0624588 0.0665540
23 0.3179288 0.7843045 0.0624588 0.0665540
2 0.3803876 0.7843045 0.0624588 0.0665540
16 0.4428464 0.7843045 0.0624588 0.0665540
15 0.5677640 0.7843045 0.0624588 0.0665540
26 0.6302228 0.7843045 0.0624588 0.0665540
24 0.6926816 0.7843045 0.0624589 0.0665540
12 0.3179288 0.8508585 0.0624588 0.0665540
1 0.4428464 0.8508585 0.0624588 0.0665540
