12 0.5589025 0.8918629 0.0631592 0.0682481
9 0.6220618 0.8918629 0.0631592 0.0682481
32 0.4976010 0.7442108 0.4458297 0.4580496
3 0.3694249 0.5506226 0.0631592 0.0682481
4 0.4325842 0.5506226 0.0631592 0.0682481
23 0.4957433 0.5506226 0.0631592 0.0682481
27 0.5589025 0.5506226 0.0631592 0.0682481
31 0.6220618 0.5506226 0.0631592 0.0682481
6 0.6852209 0.5506226 0.0631592 0.0682481
24 0.3062658 0.6182144 0.0631592 0.0669356
5 0.3694249 0.6182144 0.0631592 0.0669356
11 0.4325842 0.6182144 0.0631592 0.0669356
25 0.4957433 0.6182144 0.0631592 0.0669356
22 0.6220618 0.6182144 0.0631592 0.0669356
26 0.6852209 0.6182144 0.0631592 0.0669356
10 0.3062658 0.6871187 0.0631592 0.0682481
15 0.3694249 0.6871187 0.0631592 0.0682481
1 0.4957433 0.6871187 0.0631592 0.0682481
21 0.5589025 0.6871187 0.0631592 0.0682481
8 0.6220618 0.6871187 0.0631592 0.0682481
7 0.6852209 0.6871187 0.0631592 0.0682481
28 0.4325842 0.7553668 0.0631592 0.0682481
29 0.4957433 0.7553668 0.0631592 0.0682481
18 0.5589025 0.7553668 0.0631592 0.0682481
20 0.6220618 0.7553668 0.0631592 0.0682481
2 0.4325842 0.8236148 0.0631592 0.0682481
19 0.4957433 0.8236148 0.0631592 0.0682481
16 0.6852209 0.8236148 0.0631592 0.0682481
14 0.3062658 0.8918629 0.0631592 0.0682481
17 0.3694249 0.8918629 0.0631592 0.0682481
