15 0.5247353 0.8317744 0.0657187 0.0655274
22 0.6561726 0.8317744 0.0657187 0.0655274
32 0.4609496 0.6900084 0.4638963 0.4397901
3 0.2618607 0.5041372 0.0657187 0.0655275
31 0.3275793 0.5041372 0.0657187 0.0655275
9 0.3932980 0.5041372 0.0657187 0.0655275
23 0.6561726 0.5041372 0.0657187 0.0655275
6 0.3275793 0.5690346 0.0657187 0.0642673
14 0.3932980 0.5690346 0.0657187 0.0642673
27 0.5247353 0.5690346 0.0657187 0.0642673
8 0.5904539 0.5690346 0.0657187 0.0642673
17 0.2618607 0.6351921 0.0657187 0.0655275
13 0.3275793 0.6351921 0.0657187 0.0655275
30 0.3932980 0.6351921 0.0657187 0.0655275
29 0.4590166 0.6351921 0.0657186 0.0655275
11 0.5247353 0.6351921 0.0657187 0.0655275
12 0.5904539 0.6351921 0.0657187 0.0655275
16 0.6561726 0.6351921 0.0657187 0.0655275
20 0.2618607 0.7007196 0.0657187 0.0655274
26 0.3275793 0.7007196 0.0657187 0.0655274
10 0.3932980 0.7007196 0.0657187 0.0655274
19 0.4590166 0.7007196 0.0657186 0.0655274
4 0.5904539 0.7007196 0.0657187 0.0655274
5 0.3932980 0.7662470 0.0657187 0.0655275
7 0.4590166 0.7662470 0.0657186 0.0655275
28 0.5247353 0.7662470 0.0657187 0.0655275
2 0.5904539 0.7662470 0.0657187 0.0655275
25 0.6561726 0.7662470 0.0657187 0.0655275
24 0.2618607 0.8317744 0.0657187 0.0655274
1 0.3932980 0.8317744 0.0657187 0.0655274
