28 0.5503085 0.8530064 0.0630796 0.0652338
2 0.6764677 0.8530064 0.0630796 0.0652338
32 0.4890842 0.7118755 0.4452678 0.4378193
22 0.2979900 0.5268373 0.0630796 0.0652338
4 0.3610696 0.5268373 0.0630796 0.0652338
6 0.4241492 0.5268373 0.0630796 0.0652338
19 0.5503085 0.5268373 0.0630796 0.0652338
18 0.6133881 0.5268373 0.0630796 0.0652338
24 0.6764677 0.5268373 0.0630796 0.0652338
25 0.2979900 0.5914439 0.0630796 0.0639793
10 0.3610696 0.5914439 0.0630796 0.0639793
1 0.6133881 0.5914439 0.0630796 0.0639793
14 0.4241492 0.6573050 0.0630796 0.0652338
13 0.4872289 0.6573050 0.0630796 0.0652338
11 0.5503085 0.6573050 0.0630796 0.0652338
31 0.6764677 0.6573050 0.0630796 0.0652338
7 0.2979900 0.7225388 0.0630796 0.0652338
26 0.4241492 0.7225388 0.0630796 0.0652338
5 0.4872289 0.7225388 0.0630796 0.0652338
30 0.5503085 0.7225388 0.0630796 0.0652338
16 0.6764677 0.7225388 0.0630796 0.0652338
9 0.2979900 0.7877727 0.0630796 0.0652338
15 0.3610696 0.7877727 0.0630796 0.0652338
21 0.4241492 0.7877727 0.0630796 0.0652338
23 0.4872289 0.7877727 0.0630796 0.0652338
29 0.5503085 0.7877727 0.0630796 0.0652338
17 0.6133881 0.7877727 0.0630796 0.0652338
12 0.2979900 0.8530064 0.0630796 0.0652338
27 0.3610696 0.8530064 0.0630796 0.0652338
8 0.4241492 0.8530064 0.0630796 0.0652338
