14 0.6563351 0.8209656 0.0625806 0.0637853
24 0.7189157 0.8209656 0.0625806 0.0637853
32 0.5330144 0.6829684 0.4417455 0.4280977
30 0.3434320 0.5020389 0.0625806 0.0637853
5 0.5311738 0.5020389 0.0625806 0.0637853
25 0.6563351 0.5020389 0.0625806 0.0637853
15 0.7189157 0.5020389 0.0625806 0.0637853
23 0.3434320 0.5652109 0.0625806 0.0625587
28 0.4060126 0.5652109 0.0625806 0.0625587
26 0.4685932 0.5652109 0.0625806 0.0625587
16 0.5311738 0.5652109 0.0625806 0.0625587
9 0.6563351 0.5652109 0.0625806 0.0625587
13 0.3434320 0.6296096 0.0625806 0.0637853
2 0.4060126 0.6296096 0.0625806 0.0637853
21 0.5311738 0.6296096 0.0625806 0.0637853
18 0.6563351 0.6296096 0.0625806 0.0637853
7 0.7189157 0.6296096 0.0625806 0.0637853
1 0.4060126 0.6933949 0.0625806 0.0637853
19 0.4685932 0.6933949 0.0625806 0.0637853
8 0.5311738 0.6933949 0.0625806 0.0637853
4 0.5937544 0.6933949 0.0625806 0.0637853
12 0.6563351 0.6933949 0.0625806 0.0637853
10 0.3434320 0.7571802 0.0625806 0.0637853
20 0.4060126 0.7571802 0.0625806 0.0637853
29 0.5311738 0.7571802 0.0625806 0.0637853
27 0.3434320 0.8209656 0.0625806 0.0637853
3 0.4060126 0.8209656 0.0625806 0.0637853
31 0.4685932 0.8209656 0.0625806 0.0637853
22 0.5311738 0.8209656 0.0625806 0.0637853
6 0.5937544 0.8209656 0.0625806 0.0637853
