1 0.6750818 0.8687566 0.0660725 0.0654767
30 0.7411543 0.8687566 0.0660725 0.0654767
32 0.5448801 0.7271004 0.4663940 0.4394491
21 0.4107919 0.5413734 0.0660725 0.0654766
17 0.5429368 0.5413734 0.0660725 0.0654766
2 0.6090093 0.5413734 0.0660725 0.0654766
29 0.7411543 0.5413734 0.0660725 0.0654766
19 0.3447194 0.6062204 0.0660725 0.0642175
12 0.4107919 0.6062204 0.0660725 0.0642175
9 0.4768643 0.6062204 0.0660725 0.0642175
8 0.5429368 0.6062204 0.0660725 0.0642175
15 0.6090093 0.6062204 0.0660725 0.0642175
26 0.6750818 0.6062204 0.0660725 0.0642175
11 0.7411543 0.6062204 0.0660725 0.0642175
7 0.3447194 0.6723267 0.0660725 0.0654767
16 0.6750818 0.6723267 0.0660725 0.0654767
28 0.3447194 0.7378033 0.0660725 0.0654766
20 0.4107919 0.7378033 0.0660725 0.0654766
4 0.4768643 0.7378033 0.0660725 0.0654766
3 0.5429368 0.7378033 0.0660725 0.0654766
24 0.6090093 0.7378033 0.0660725 0.0654766
23 0.6750818 0.7378033 0.0660725 0.0654766
22 0.7411543 0.7378033 0.0660725 0.0654766
25 0.3447194 0.8032800 0.0660725 0.0654767
14 0.4107919 0.8032800 0.0660725 0.0654767
5 0.5429368 0.8032800 0.0660725 0.0654767
6 0.6750818 0.8032800 0.0660725 0.0654767
10 0.4768643 0.8687566 0.0660725 0.0654767
18 0.5429368 0.8687566 0.0660725 0.0654767
27 0.6090093 0.8687566 0.0660725 0.0654767
