31 0.4980843 0.8689452 0.0668636 0.0648473
19 0.6318116 0.8689452 0.0668636 0.0648473
32 0.5000509 0.7286507 0.4719786 0.4352249
17 0.2974934 0.5447089 0.0668636 0.0648473
26 0.3643570 0.5447089 0.0668636 0.0648473
28 0.4980843 0.5447089 0.0668636 0.0648473
30 0.5649479 0.5447089 0.0668637 0.0648473
4 0.6986752 0.5447089 0.0668636 0.0648473
16 0.4312206 0.6089326 0.0668636 0.0636002
20 0.4980843 0.6089326 0.0668636 0.0636002
2 0.5649479 0.6089326 0.0668637 0.0636002
14 0.6318116 0.6089326 0.0668636 0.0636002
15 0.6986752 0.6089326 0.0668636 0.0636002
1 0.2974934 0.6744035 0.0668636 0.0648473
5 0.4312206 0.6744035 0.0668636 0.0648473
21 0.5649479 0.6744035 0.0668637 0.0648473
3 0.6318116 0.6744035 0.0668636 0.0648473
27 0.6986752 0.6744035 0.0668636 0.0648473
9 0.2974934 0.7392507 0.0668636 0.0648473
13 0.4312206 0.7392507 0.0668636 0.0648473
24 0.5649479 0.7392507 0.0668637 0.0648473
18 0.6318116 0.7392507 0.0668636 0.0648473
29 0.6986752 0.7392507 0.0668636 0.0648473
10 0.2974934 0.8040980 0.0668636 0.0648473
25 0.3643570 0.8040980 0.0668636 0.0648473
22 0.4980843 0.8040980 0.0668636 0.0648473
11 0.6986752 0.8040980 0.0668636 0.0648473
7 0.2974934 0.8689452 0.0668636 0.0648473
6 0.3643570 0.8689452 0.0668636 0.0648473
8 0.4312206 0.8689452 0.0668636 0.0648473
