30 0.6100667 0.8611104 0.0611128 0.0671803
27 0.6711795 0.8611104 0.0611128 0.0671803
32 0.4896385 0.7157685 0.4313847 0.4508829
12 0.3045026 0.5252091 0.0611128 0.0671803
25 0.3656154 0.5252091 0.0611128 0.0671803
10 0.4267282 0.5252091 0.0611128 0.0671803
29 0.4878410 0.5252091 0.0611128 0.0671803
21 0.5489539 0.5252091 0.0611128 0.0671803
31 0.6100667 0.5252091 0.0611128 0.0671803
5 0.3656154 0.5917434 0.0611128 0.0658883
13 0.5489539 0.5917434 0.0611128 0.0658883
18 0.6100667 0.5917434 0.0611128 0.0658883
26 0.6711795 0.5917434 0.0611128 0.0658883
24 0.3045026 0.6595696 0.0611128 0.0671803
19 0.3656154 0.6595696 0.0611128 0.0671803
17 0.4878410 0.6595696 0.0611128 0.0671803
14 0.6100667 0.6595696 0.0611128 0.0671803
7 0.6711795 0.6595696 0.0611128 0.0671803
11 0.3045026 0.7267499 0.0611128 0.0671803
28 0.4267282 0.7267499 0.0611128 0.0671803
1 0.6100667 0.7267499 0.0611128 0.0671803
15 0.6711795 0.7267499 0.0611128 0.0671803
9 0.3656154 0.7939302 0.0611128 0.0671803
16 0.4878410 0.7939302 0.0611128 0.0671803
2 0.5489539 0.7939302 0.0611128 0.0671803
3 0.6100667 0.7939302 0.0611128 0.0671803
23 0.6711795 0.7939302 0.0611128 0.0671803
22 0.3656154 0.8611104 0.0611128 0.0671803
20 0.4878410 0.8611104 0.0611128 0.0671803
6 0.5489539 0.8611104 0.0611128 0.0671803
