19 0.6535806 0.8853995 0.0668993 0.0628738
16 0.7204799 0.8853995 0.0668993 0.0628738
32 0.5217495 0.7493742 0.4722306 0.4219804
25 0.3859832 0.5710300 0.0668993 0.0628739
28 0.4528826 0.5710300 0.0668993 0.0628739
24 0.6535806 0.5710300 0.0668993 0.0628739
10 0.7204799 0.5710300 0.0668993 0.0628739
11 0.3190839 0.6332994 0.0668993 0.0616648
31 0.3859832 0.6332994 0.0668993 0.0616648
2 0.4528826 0.6332994 0.0668993 0.0616648
20 0.5197819 0.6332994 0.0668993 0.0616648
8 0.5866813 0.6332994 0.0668993 0.0616648
22 0.6535806 0.6332994 0.0668993 0.0616648
14 0.7204799 0.6332994 0.0668993 0.0616648
18 0.3859832 0.6967778 0.0668993 0.0628739
27 0.4528826 0.6967778 0.0668993 0.0628739
9 0.5866813 0.6967778 0.0668993 0.0628739
21 0.6535806 0.6967778 0.0668993 0.0628739
12 0.7204799 0.6967778 0.0668993 0.0628739
13 0.3190839 0.7596517 0.0668993 0.0628738
6 0.3859832 0.7596517 0.0668993 0.0628738
5 0.5866813 0.7596517 0.0668993 0.0628738
7 0.7204799 0.7596517 0.0668993 0.0628738
30 0.3859832 0.8225256 0.0668993 0.0628739
23 0.5197819 0.8225256 0.0668993 0.0628739
1 0.7204799 0.8225256 0.0668993 0.0628739
17 0.3190839 0.8853995 0.0668993 0.0628738
29 0.4528826 0.8853995 0.0668993 0.0628738
15 0.5197819 0.8853995 0.0668993 0.0628738
4 0.5866813 0.8853995 0.0668993 0.0628738
