19 0.5981401 0.8883281 0.0620676 0.0639265
17 0.6602077 0.8883281 0.0620677 0.0639265
32 0.4758303 0.7500257 0.4381247 0.4290450
6 0.2878018 0.5686958 0.0620677 0.0639265
30 0.3498695 0.5686958 0.0620677 0.0639265
7 0.5360725 0.5686958 0.0620677 0.0639265
21 0.6602077 0.5686958 0.0620677 0.0639265
23 0.2878018 0.6320076 0.0620677 0.0626971
3 0.3498695 0.6320076 0.0620677 0.0626971
27 0.4119371 0.6320076 0.0620677 0.0626971
20 0.4740048 0.6320076 0.0620676 0.0626971
29 0.5360725 0.6320076 0.0620677 0.0626971
13 0.5981401 0.6320076 0.0620676 0.0626971
18 0.6602077 0.6320076 0.0620677 0.0626971
11 0.2878018 0.6965488 0.0620677 0.0639265
28 0.3498695 0.6965488 0.0620677 0.0639265
9 0.4119371 0.6965488 0.0620677 0.0639265
24 0.6602077 0.6965488 0.0620677 0.0639265
4 0.3498695 0.7604752 0.0620677 0.0639265
16 0.4740048 0.7604752 0.0620676 0.0639265
14 0.6602077 0.7604752 0.0620677 0.0639265
10 0.2878018 0.8244017 0.0620677 0.0639265
5 0.3498695 0.8244017 0.0620677 0.0639265
25 0.4119371 0.8244017 0.0620677 0.0639265
8 0.4740048 0.8244017 0.0620676 0.0639265
12 0.5981401 0.8244017 0.0620676 0.0639265
31 0.6602077 0.8244017 0.0620677 0.0639265
2 0.2878018 0.8883281 0.0620677 0.0639265
22 0.4119371 0.8883281 0.0620677 0.0639265
1 0.5360725 0.8883281 0.0620677 0.0639265
