27 0.6111513 0.8739323 0.0653811 0.0647510
10 0.6765324 0.8739323 0.0653812 0.0647510
32 0.4823120 0.7338462 0.4615140 0.4345782
19 0.2842456 0.5501778 0.0653811 0.0647509
16 0.3496267 0.5501778 0.0653811 0.0647509
11 0.5457702 0.5501778 0.0653811 0.0647509
24 0.6111513 0.5501778 0.0653811 0.0647509
22 0.2842456 0.6143060 0.0653811 0.0635057
15 0.3496267 0.6143060 0.0653811 0.0635057
31 0.4803890 0.6143060 0.0653812 0.0635057
17 0.5457702 0.6143060 0.0653811 0.0635057
28 0.6111513 0.6143060 0.0653811 0.0635057
12 0.6765324 0.6143060 0.0653812 0.0635057
18 0.2842456 0.6796796 0.0653811 0.0647509
13 0.3496267 0.6796796 0.0653811 0.0647509
20 0.4803890 0.6796796 0.0653812 0.0647509
5 0.5457702 0.6796796 0.0653811 0.0647509
14 0.6111513 0.6796796 0.0653811 0.0647509
6 0.2842456 0.7444305 0.0653811 0.0647509
2 0.3496267 0.7444305 0.0653811 0.0647509
4 0.4150079 0.7444305 0.0653811 0.0647509
9 0.3496267 0.8091814 0.0653811 0.0647509
30 0.4803890 0.8091814 0.0653812 0.0647509
1 0.5457702 0.8091814 0.0653811 0.0647509
29 0.6111513 0.8091814 0.0653811 0.0647509
25 0.2842456 0.8739323 0.0653811 0.0647510
7 0.3496267 0.8739323 0.0653811 0.0647510
3 0.4150079 0.8739323 0.0653811 0.0647510
26 0.4803890 0.8739323 0.0653812 0.0647510
8 0.5457702 0.8739323 0.0653811 0.0647510
