16 0.5334295 0.9050020 0.0662899 0.0640624
26 0.7322990 0.9050020 0.0662898 0.0640624
32 0.5353792 0.7664053 0.4679285 0.4299575
8 0.4008497 0.5846898 0.0662899 0.0640625
5 0.4671396 0.5846898 0.0662899 0.0640625
4 0.5334295 0.5846898 0.0662899 0.0640625
25 0.5997193 0.5846898 0.0662899 0.0640625
22 0.7322990 0.5846898 0.0662898 0.0640625
24 0.3345599 0.6481363 0.0662899 0.0628304
18 0.6660092 0.6481363 0.0662899 0.0628304
20 0.7322990 0.6481363 0.0662898 0.0628304
14 0.3345599 0.7128146 0.0662899 0.0640624
17 0.4008497 0.7128146 0.0662899 0.0640624
30 0.4671396 0.7128146 0.0662899 0.0640624
13 0.5334295 0.7128146 0.0662899 0.0640624
27 0.6660092 0.7128146 0.0662899 0.0640624
19 0.3345599 0.7768771 0.0662899 0.0640625
7 0.4008497 0.7768771 0.0662899 0.0640625
29 0.5334295 0.7768771 0.0662899 0.0640625
15 0.5997193 0.7768771 0.0662899 0.0640625
11 0.6660092 0.7768771 0.0662899 0.0640625
21 0.7322990 0.7768771 0.0662898 0.0640625
1 0.4008497 0.8409396 0.0662899 0.0640624
28 0.4671396 0.8409396 0.0662899 0.0640624
31 0.5334295 0.8409396 0.0662899 0.0640624
23 0.5997193 0.8409396 0.0662899 0.0640624
3 0.7322990 0.8409396 0.0662898 0.0640624
12 0.3345599 0.9050020 0.0662899 0.0640624
10 0.4008497 0.9050020 0.0662899 0.0640624
6 0.4671396 0.9050020 0.0662899 0.0640624
