23 0.6485777 0.8835246 0.0630288 0.0679149
4 0.7116064 0.8835246 0.0630287 0.0679149
32 0.5243740 0.7365934 0.4449087 0.4558131
8 0.3334340 0.5439503 0.0630287 0.0679148
29 0.4594915 0.5439503 0.0630287 0.0679148
7 0.5855489 0.5439503 0.0630287 0.0679148
26 0.7116064 0.5439503 0.0630287 0.0679148
6 0.3334340 0.6112121 0.0630287 0.0666088
15 0.3964627 0.6112121 0.0630287 0.0666088
2 0.4594915 0.6112121 0.0630287 0.0666088
24 0.5225202 0.6112121 0.0630287 0.0666088
18 0.5855489 0.6112121 0.0630287 0.0666088
1 0.6485777 0.6112121 0.0630288 0.0666088
5 0.7116064 0.6112121 0.0630287 0.0666088
25 0.3334340 0.6797800 0.0630287 0.0679148
19 0.3964627 0.6797800 0.0630287 0.0679148
20 0.4594915 0.6797800 0.0630287 0.0679148
9 0.5225202 0.6797800 0.0630287 0.0679148
11 0.7116064 0.6797800 0.0630287 0.0679148
30 0.3334340 0.7476949 0.0630287 0.0679149
10 0.3964627 0.7476949 0.0630287 0.0679149
31 0.4594915 0.7476949 0.0630287 0.0679149
28 0.7116064 0.7476949 0.0630287 0.0679149
22 0.3964627 0.8156097 0.0630287 0.0679148
13 0.4594915 0.8156097 0.0630287 0.0679148
14 0.5855489 0.8156097 0.0630287 0.0679148
3 0.6485777 0.8156097 0.0630288 0.0679148
12 0.3334340 0.8835246 0.0630287 0.0679149
21 0.3964627 0.8835246 0.0630287 0.0679149
17 0.5225202 0.8835246 0.0630287 0.0679149
