8 0.5785667 0.8341386 0.0635609 0.0617686
30 0.6421276 0.8341386 0.0635609 0.0617686
32 0.4533144 0.7005046 0.4486650 0.4145624
18 0.2607624 0.5252956 0.0635609 0.0617686
14 0.3243233 0.5252956 0.0635609 0.0617686
10 0.3878841 0.5252956 0.0635609 0.0617686
13 0.5150059 0.5252956 0.0635609 0.0617686
11 0.6421276 0.5252956 0.0635609 0.0617686
15 0.2607624 0.5864702 0.0635609 0.0605807
22 0.3243233 0.5864702 0.0635609 0.0605807
3 0.3878841 0.5864702 0.0635609 0.0605807
16 0.5150059 0.5864702 0.0635609 0.0605807
28 0.5785667 0.5864702 0.0635609 0.0605807
1 0.2607624 0.6488327 0.0635609 0.0617686
6 0.3243233 0.6488327 0.0635609 0.0617686
23 0.4514450 0.6488327 0.0635609 0.0617686
19 0.2607624 0.7106013 0.0635609 0.0617686
4 0.3243233 0.7106013 0.0635609 0.0617686
2 0.3878841 0.7106013 0.0635609 0.0617686
12 0.6421276 0.7106013 0.0635609 0.0617686
26 0.2607624 0.7723700 0.0635609 0.0617686
27 0.3243233 0.7723700 0.0635609 0.0617686
9 0.4514450 0.7723700 0.0635609 0.0617686
21 0.5150059 0.7723700 0.0635609 0.0617686
29 0.5785667 0.7723700 0.0635609 0.0617686
20 0.2607624 0.8341386 0.0635609 0.0617686
5 0.3243233 0.8341386 0.0635609 0.0617686
24 0.3878841 0.8341386 0.0635609 0.0617686
7 0.4514450 0.8341386 0.0635609 0.0617686
25 0.5150059 0.8341386 0.0635609 0.0617686
