27 0.5784798 0.8275192 0.0632640 0.0620452
28 0.7050079 0.8275192 0.0632641 0.0620452
32 0.5170765 0.6932869 0.4465697 0.4164186
14 0.5784798 0.5172933 0.0632640 0.0620452
3 0.6417439 0.5172933 0.0632640 0.0620452
7 0.3254236 0.5787419 0.0632640 0.0608520
20 0.4519517 0.5787419 0.0632640 0.0608520
30 0.5152158 0.5787419 0.0632640 0.0608520
22 0.5784798 0.5787419 0.0632640 0.0608520
31 0.6417439 0.5787419 0.0632640 0.0608520
2 0.7050079 0.5787419 0.0632641 0.0608520
9 0.3254236 0.6413837 0.0632640 0.0620452
5 0.3886877 0.6413837 0.0632640 0.0620452
29 0.4519517 0.6413837 0.0632640 0.0620452
21 0.5152158 0.6413837 0.0632640 0.0620452
16 0.5784798 0.6413837 0.0632640 0.0620452
17 0.6417439 0.6413837 0.0632640 0.0620452
12 0.7050079 0.6413837 0.0632641 0.0620452
4 0.3254236 0.7034289 0.0632640 0.0620451
19 0.3886877 0.7034289 0.0632640 0.0620451
18 0.4519517 0.7034289 0.0632640 0.0620451
13 0.5152158 0.7034289 0.0632640 0.0620451
1 0.6417439 0.7034289 0.0632640 0.0620451
15 0.3254236 0.7654741 0.0632640 0.0620452
8 0.3886877 0.7654741 0.0632640 0.0620452
11 0.4519517 0.7654741 0.0632640 0.0620452
6 0.5152158 0.7654741 0.0632640 0.0620452
25 0.6417439 0.7654741 0.0632640 0.0620452
23 0.7050079 0.7654741 0.0632641 0.0620452
26 0.3254236 0.8275192 0.0632640 0.0620452
