14 0.6311404 0.8899155 0.0620312 0.0668719
15 0.6931717 0.8899155 0.0620312 0.0668719
32 0.5089025 0.7452406 0.4378673 0.4488133
26 0.5070781 0.5555560 0.0620312 0.0668719
8 0.6311404 0.5555560 0.0620312 0.0668719
20 0.6931717 0.5555560 0.0620312 0.0668719
11 0.3209845 0.6217848 0.0620312 0.0655859
1 0.3830157 0.6217848 0.0620312 0.0655859
16 0.5070781 0.6217848 0.0620312 0.0655859
7 0.5691093 0.6217848 0.0620312 0.0655859
31 0.6931717 0.6217848 0.0620312 0.0655859
13 0.3209845 0.6892998 0.0620312 0.0668719
22 0.3830157 0.6892998 0.0620312 0.0668719
27 0.5070781 0.6892998 0.0620312 0.0668719
2 0.5691093 0.6892998 0.0620312 0.0668719
5 0.6311404 0.6892998 0.0620312 0.0668719
12 0.6931717 0.6892998 0.0620312 0.0668719
3 0.3209845 0.7561716 0.0620312 0.0668719
6 0.3830157 0.7561716 0.0620312 0.0668719
9 0.4450469 0.7561716 0.0620312 0.0668719
25 0.5070781 0.7561716 0.0620312 0.0668719
10 0.6311404 0.7561716 0.0620312 0.0668719
28 0.3209845 0.8230435 0.0620312 0.0668719
18 0.3830157 0.8230435 0.0620312 0.0668719
17 0.4450469 0.8230435 0.0620312 0.0668719
30 0.5691093 0.8230435 0.0620312 0.0668719
29 0.6311404 0.8230435 0.0620312 0.0668719
24 0.3209845 0.8899155 0.0620312 0.0668719
4 0.3830157 0.8899155 0.0620312 0.0668719
23 0.4450469 0.8899155 0.0620312 0.0668719
