6 0.5915169 0.8994412 0.0619368 0.0653623
23 0.6534538 0.8994412 0.0619368 0.0653623
32 0.4694650 0.7580324 0.4372010 0.4386818
28 0.2818329 0.5726296 0.0619368 0.0653623
5 0.4057065 0.5726296 0.0619368 0.0653623
2 0.4676433 0.5726296 0.0619368 0.0653623
9 0.5295801 0.5726296 0.0619368 0.0653623
22 0.5915169 0.5726296 0.0619368 0.0653623
18 0.6534538 0.5726296 0.0619368 0.0653623
16 0.2818329 0.6373634 0.0619368 0.0641054
3 0.4057065 0.6373634 0.0619368 0.0641054
29 0.4676433 0.6373634 0.0619368 0.0641054
10 0.5295801 0.6373634 0.0619368 0.0641054
7 0.5915169 0.6373634 0.0619368 0.0641054
12 0.6534538 0.6373634 0.0619368 0.0641054
19 0.2818329 0.7033542 0.0619368 0.0653623
11 0.4057065 0.7033542 0.0619368 0.0653623
21 0.4676433 0.7033542 0.0619368 0.0653623
27 0.5295801 0.7033542 0.0619368 0.0653623
17 0.6534538 0.7033542 0.0619368 0.0653623
20 0.2818329 0.7687166 0.0619368 0.0653623
8 0.3437697 0.7687166 0.0619368 0.0653623
25 0.4676433 0.7687166 0.0619368 0.0653623
4 0.6534538 0.7687166 0.0619368 0.0653623
31 0.2818329 0.8340789 0.0619368 0.0653624
26 0.3437697 0.8340789 0.0619368 0.0653624
24 0.5915169 0.8340789 0.0619368 0.0653624
15 0.2818329 0.8994412 0.0619368 0.0653623
30 0.3437697 0.8994412 0.0619368 0.0653623
14 0.4676433 0.8994412 0.0619368 0.0653623
