15 0.6393161 0.8646959 0.0622628 0.0662009
11 0.7015788 0.8646959 0.0622628 0.0662009
32 0.5166217 0.7214728 0.4395020 0.4443096
22 0.3902649 0.5336916 0.0622628 0.0662009
14 0.4525277 0.5336916 0.0622628 0.0662009
4 0.5147905 0.5336916 0.0622628 0.0662009
18 0.5770533 0.5336916 0.0622628 0.0662009
2 0.6393161 0.5336916 0.0622628 0.0662009
7 0.7015788 0.5336916 0.0622628 0.0662009
6 0.3280021 0.5992559 0.0622628 0.0649277
28 0.3902649 0.5992559 0.0622628 0.0649277
19 0.5770533 0.5992559 0.0622628 0.0649277
17 0.7015788 0.5992559 0.0622628 0.0649277
16 0.3280021 0.6660933 0.0622628 0.0662009
24 0.3902649 0.6660933 0.0622628 0.0662009
20 0.4525277 0.6660933 0.0622628 0.0662009
26 0.5147905 0.6660933 0.0622628 0.0662009
25 0.6393161 0.6660933 0.0622628 0.0662009
3 0.7015788 0.6660933 0.0622628 0.0662009
13 0.3280021 0.7322942 0.0622628 0.0662009
21 0.3902649 0.7322942 0.0622628 0.0662009
5 0.5147905 0.7322942 0.0622628 0.0662009
12 0.6393161 0.7322942 0.0622628 0.0662009
10 0.3902649 0.7984950 0.0622628 0.0662009
9 0.5147905 0.7984950 0.0622628 0.0662009
29 0.7015788 0.7984950 0.0622628 0.0662009
27 0.3902649 0.8646959 0.0622628 0.0662009
8 0.4525277 0.8646959 0.0622628 0.0662009
23 0.5147905 0.8646959 0.0622628 0.0662009
1 0.5770533 0.8646959 0.0622628 0.0662009
