13 0.5834274 0.8355362 0.0608136 0.0672148
12 0.6442411 0.8355362 0.0608136 0.0672148
32 0.4635888 0.6901196 0.4292727 0.4511144
7 0.3401729 0.4994624 0.0608136 0.0672147
23 0.4009866 0.4994624 0.0608136 0.0672147
30 0.4618002 0.4994624 0.0608136 0.0672147
8 0.5226138 0.4994624 0.0608136 0.0672147
16 0.5834274 0.4994624 0.0608136 0.0672147
25 0.6442411 0.4994624 0.0608136 0.0672147
26 0.2793593 0.5660309 0.0608136 0.0659222
29 0.4009866 0.5660309 0.0608136 0.0659222
11 0.5834274 0.5660309 0.0608136 0.0659222
9 0.6442411 0.5660309 0.0608136 0.0659222
5 0.3401729 0.6338919 0.0608136 0.0672148
10 0.4009866 0.6338919 0.0608136 0.0672148
6 0.5834274 0.6338919 0.0608136 0.0672148
2 0.2793593 0.7011067 0.0608136 0.0672147
27 0.3401729 0.7011067 0.0608136 0.0672147
22 0.4009866 0.7011067 0.0608136 0.0672147
21 0.4618002 0.7011067 0.0608136 0.0672147
15 0.5226138 0.7011067 0.0608136 0.0672147
14 0.5834274 0.7011067 0.0608136 0.0672147
1 0.2793593 0.7683214 0.0608136 0.0672147
24 0.3401729 0.7683214 0.0608136 0.0672147
17 0.4009866 0.7683214 0.0608136 0.0672147
4 0.5834274 0.7683214 0.0608136 0.0672147
3 0.6442411 0.7683214 0.0608136 0.0672147
19 0.2793593 0.8355362 0.0608136 0.0672148
20 0.4618002 0.8355362 0.0608136 0.0672148
28 0.5226138 0.8355362 0.0608136 0.0672148
