19 0.6427448 0.9038026 0.0644514 0.0647092
15 0.7071962 0.9038026 0.0644514 0.0647092
32 0.5157377 0.7638068 0.4549511 0.4342981
11 0.3204878 0.5802567 0.0644514 0.0647092
26 0.3849393 0.5802567 0.0644514 0.0647092
10 0.5782935 0.5802567 0.0644514 0.0647092
14 0.6427448 0.5802567 0.0644514 0.0647092
27 0.7071962 0.5802567 0.0644514 0.0647092
20 0.3204878 0.6443437 0.0644514 0.0634648
6 0.4493906 0.6443437 0.0644514 0.0634648
18 0.5138420 0.6443437 0.0644514 0.0634648
17 0.5782935 0.6443437 0.0644514 0.0634648
29 0.6427448 0.6443437 0.0644514 0.0634648
13 0.7071962 0.6443437 0.0644514 0.0634648
31 0.3849393 0.7096751 0.0644514 0.0647092
30 0.4493906 0.7096751 0.0644514 0.0647092
24 0.5138420 0.7096751 0.0644514 0.0647092
9 0.6427448 0.7096751 0.0644514 0.0647092
22 0.7071962 0.7096751 0.0644514 0.0647092
3 0.3204878 0.7743843 0.0644514 0.0647092
16 0.5782935 0.7743843 0.0644514 0.0647092
2 0.6427448 0.7743843 0.0644514 0.0647092
23 0.3204878 0.8390935 0.0644514 0.0647092
4 0.3849393 0.8390935 0.0644514 0.0647092
12 0.4493906 0.8390935 0.0644514 0.0647092
8 0.5782935 0.8390935 0.0644514 0.0647092
7 0.7071962 0.8390935 0.0644514 0.0647092
1 0.3204878 0.9038026 0.0644514 0.0647092
5 0.5138420 0.9038026 0.0644514 0.0647092
