27 0.5760271 0.8981992 0.0609150 0.0667839
10 0.6978571 0.8981992 0.0609150 0.0667839
32 0.5169038 0.7537149 0.4299881 0.4482226
4 0.3323672 0.5642798 0.0609150 0.0667839
28 0.3932822 0.5642798 0.0609150 0.0667839
8 0.4541972 0.5642798 0.0609150 0.0667839
16 0.5151122 0.5642798 0.0609150 0.0667839
25 0.5760271 0.5642798 0.0609150 0.0667839
11 0.6369421 0.5642798 0.0609150 0.0667839
9 0.6978571 0.5642798 0.0609150 0.0667839
22 0.3323672 0.6304215 0.0609150 0.0654995
5 0.4541972 0.6304215 0.0609150 0.0654995
13 0.5151122 0.6304215 0.0609150 0.0654995
31 0.5760271 0.6304215 0.0609150 0.0654995
30 0.3323672 0.6978476 0.0609150 0.0667839
7 0.4541972 0.6978476 0.0609150 0.0667839
29 0.6369421 0.6978476 0.0609150 0.0667839
3 0.6978571 0.6978476 0.0609150 0.0667839
15 0.3932822 0.7646315 0.0609150 0.0667839
1 0.5760271 0.7646315 0.0609150 0.0667839
20 0.3932822 0.8314154 0.0609150 0.0667838
26 0.5151122 0.8314154 0.0609150 0.0667838
24 0.5760271 0.8314154 0.0609150 0.0667838
18 0.6369421 0.8314154 0.0609150 0.0667838
14 0.6978571 0.8314154 0.0609150 0.0667838
17 0.3323672 0.8981992 0.0609150 0.0667839
2 0.3932822 0.8981992 0.0609150 0.0667839
21 0.4541972 0.8981992 0.0609150 0.0667839
6 0.5151122 0.8981992 0.0609150 0.0667839
