20 0.5213871 0.8306111 0.0652380 0.0644296
21 0.5866251 0.8306111 0.0652380 0.0644296
32 0.5233059 0.6912203 0.4605037 0.4324212
11 0.3256731 0.5084635 0.0652380 0.0644295
25 0.5213871 0.5084635 0.0652380 0.0644295
8 0.6518632 0.5084635 0.0652380 0.0644295
12 0.7171012 0.5084635 0.0652380 0.0644295
27 0.3909111 0.5722735 0.0652380 0.0631905
9 0.5213871 0.5722735 0.0652380 0.0631905
19 0.5866251 0.5722735 0.0652380 0.0631905
17 0.6518632 0.5722735 0.0652380 0.0631905
2 0.7171012 0.5722735 0.0652380 0.0631905
10 0.3909111 0.6373225 0.0652380 0.0644295
23 0.4561491 0.6373225 0.0652380 0.0644295
15 0.5213871 0.6373225 0.0652380 0.0644295
14 0.3909111 0.7017520 0.0652380 0.0644296
5 0.4561491 0.7017520 0.0652380 0.0644296
22 0.5213871 0.7017520 0.0652380 0.0644296
4 0.5866251 0.7017520 0.0652380 0.0644296
24 0.6518632 0.7017520 0.0652380 0.0644296
7 0.7171012 0.7017520 0.0652380 0.0644296
26 0.3256731 0.7661816 0.0652380 0.0644295
13 0.4561491 0.7661816 0.0652380 0.0644295
28 0.5213871 0.7661816 0.0652380 0.0644295
6 0.5866251 0.7661816 0.0652380 0.0644295
1 0.6518632 0.7661816 0.0652380 0.0644295
3 0.7171012 0.7661816 0.0652380 0.0644295
31 0.3256731 0.8306111 0.0652380 0.0644296
16 0.4561491 0.8306111 0.0652380 0.0644296
