2 0.6069951 0.8480882 0.0638576 0.0676250
22 0.7347104 0.8480882 0.0638577 0.0676250
32 0.5450156 0.7017842 0.4507597 0.4538673
18 0.4154222 0.5099635 0.0638576 0.0676249
21 0.4792799 0.5099635 0.0638577 0.0676249
3 0.6069951 0.5099635 0.0638576 0.0676249
10 0.7347104 0.5099635 0.0638577 0.0676249
30 0.3515646 0.5769382 0.0638576 0.0663245
9 0.4154222 0.5769382 0.0638576 0.0663245
12 0.4792799 0.5769382 0.0638577 0.0663245
17 0.6069951 0.5769382 0.0638576 0.0663245
5 0.6708527 0.5769382 0.0638576 0.0663245
4 0.3515646 0.6452133 0.0638576 0.0676249
11 0.4154222 0.6452133 0.0638576 0.0676249
19 0.4792799 0.6452133 0.0638577 0.0676249
14 0.5431375 0.6452133 0.0638576 0.0676249
25 0.6069951 0.6452133 0.0638576 0.0676249
29 0.6708527 0.6452133 0.0638576 0.0676249
20 0.3515646 0.7128383 0.0638576 0.0676250
24 0.4154222 0.7128383 0.0638576 0.0676250
23 0.6069951 0.7128383 0.0638576 0.0676250
13 0.7347104 0.7128383 0.0638577 0.0676250
28 0.4154222 0.7804633 0.0638576 0.0676249
6 0.5431375 0.7804633 0.0638576 0.0676249
1 0.6069951 0.7804633 0.0638576 0.0676249
8 0.6708527 0.7804633 0.0638576 0.0676249
31 0.7347104 0.7804633 0.0638577 0.0676249
15 0.3515646 0.8480882 0.0638576 0.0676250
7 0.5431375 0.8480882 0.0638576 0.0676250
