30 0.6074957 0.8983476 0.0608514 0.0662494
20 0.6683470 0.8983476 0.0608514 0.0662494
32 0.5484340 0.7550197 0.4295393 0.4446352
2 0.4249415 0.5671008 0.0608514 0.0662494
23 0.4857928 0.5671008 0.0608514 0.0662494
29 0.6074957 0.5671008 0.0608514 0.0662494
1 0.7291985 0.5671008 0.0608514 0.0662494
27 0.3640900 0.6327131 0.0608514 0.0649754
6 0.4249415 0.6327131 0.0608514 0.0649754
17 0.4857928 0.6327131 0.0608514 0.0649754
14 0.6683470 0.6327131 0.0608514 0.0649754
9 0.7291985 0.6327131 0.0608514 0.0649754
18 0.3640900 0.6995995 0.0608514 0.0662494
5 0.4249415 0.6995995 0.0608514 0.0662494
3 0.4857928 0.6995995 0.0608514 0.0662494
8 0.6074957 0.6995995 0.0608514 0.0662494
19 0.6683470 0.6995995 0.0608514 0.0662494
26 0.7291985 0.6995995 0.0608514 0.0662494
7 0.3640900 0.7658488 0.0608514 0.0662493
13 0.4249415 0.7658488 0.0608514 0.0662493
11 0.4857928 0.7658488 0.0608514 0.0662493
4 0.5466443 0.7658488 0.0608514 0.0662493
31 0.3640900 0.8320982 0.0608514 0.0662494
25 0.4249415 0.8320982 0.0608514 0.0662494
16 0.6074957 0.8320982 0.0608514 0.0662494
12 0.7291985 0.8320982 0.0608514 0.0662494
28 0.3640900 0.8983476 0.0608514 0.0662494
10 0.4249415 0.8983476 0.0608514 0.0662494
15 0.4857928 0.8983476 0.0608514 0.0662494
