24 0.6639836 0.8928249 0.0660655 0.0658819
30 0.7300491 0.8928249 0.0660655 0.0658819
32 0.5337957 0.7502921 0.4663448 0.4421686
13 0.3336561 0.5634156 0.0660655 0.0658818
10 0.3997216 0.5634156 0.0660655 0.0658818
7 0.5318526 0.5634156 0.0660655 0.0658818
14 0.6639836 0.5634156 0.0660655 0.0658818
27 0.7300491 0.5634156 0.0660655 0.0658818
8 0.3336561 0.6286640 0.0660655 0.0646149
15 0.3997216 0.6286640 0.0660655 0.0646149
22 0.5318526 0.6286640 0.0660655 0.0646149
25 0.3336561 0.6951793 0.0660655 0.0658819
20 0.3997216 0.6951793 0.0660655 0.0658819
9 0.5318526 0.6951793 0.0660655 0.0658819
4 0.5979181 0.6951793 0.0660655 0.0658819
11 0.6639836 0.6951793 0.0660655 0.0658819
6 0.7300491 0.6951793 0.0660655 0.0658819
19 0.3336561 0.7610612 0.0660655 0.0658818
5 0.5318526 0.7610612 0.0660655 0.0658818
2 0.5979181 0.7610612 0.0660655 0.0658818
31 0.6639836 0.7610612 0.0660655 0.0658818
17 0.7300491 0.7610612 0.0660655 0.0658818
1 0.3997216 0.8269431 0.0660655 0.0658819
12 0.4657871 0.8269431 0.0660655 0.0658819
3 0.5979181 0.8269431 0.0660655 0.0658819
26 0.6639836 0.8269431 0.0660655 0.0658819
18 0.3997216 0.8928249 0.0660655 0.0658819
16 0.5318526 0.8928249 0.0660655 0.0658819
21 0.5979181 0.8928249 0.0660655 0.0658819
