16 0.6541467 0.9104132 0.0628066 0.0676218
11 0.7169533 0.9104132 0.0628066 0.0676218
32 0.5303807 0.7641160 0.4433408 0.4538465
9 0.4657269 0.5723041 0.0628066 0.0676218
6 0.5285334 0.5723041 0.0628066 0.0676218
4 0.6541467 0.5723041 0.0628066 0.0676218
17 0.3401136 0.6392757 0.0628066 0.0663214
30 0.4029202 0.6392757 0.0628066 0.0663214
26 0.4657269 0.6392757 0.0628066 0.0663214
25 0.5285334 0.6392757 0.0628066 0.0663214
21 0.7169533 0.6392757 0.0628066 0.0663214
12 0.3401136 0.7075478 0.0628066 0.0676218
14 0.4029202 0.7075478 0.0628066 0.0676218
5 0.5913400 0.7075478 0.0628066 0.0676218
27 0.7169533 0.7075478 0.0628066 0.0676218
29 0.3401136 0.7751695 0.0628066 0.0676218
24 0.4657269 0.7751695 0.0628066 0.0676218
8 0.5285334 0.7751695 0.0628066 0.0676218
10 0.6541467 0.7751695 0.0628066 0.0676218
22 0.4029202 0.8427914 0.0628066 0.0676218
28 0.4657269 0.8427914 0.0628066 0.0676218
3 0.5285334 0.8427914 0.0628066 0.0676218
1 0.5913400 0.8427914 0.0628066 0.0676218
20 0.6541467 0.8427914 0.0628066 0.0676218
2 0.7169533 0.8427914 0.0628066 0.0676218
31 0.3401136 0.9104132 0.0628066 0.0676218
18 0.4029202 0.9104132 0.0628066 0.0676218
15 0.4657269 0.9104132 0.0628066 0.0676218
19 0.5913400 0.9104132 0.0628066 0.0676218
