1 0.6563196 0.8712871 0.0667377 0.0665367
17 0.7230574 0.8712871 0.0667378 0.0665367
32 0.5248069 0.7273375 0.4710902 0.4465636
19 0.5228441 0.5386036 0.0667378 0.0665367
6 0.5895818 0.5386036 0.0667378 0.0665367
14 0.7230574 0.5386036 0.0667378 0.0665367
21 0.3226307 0.6045005 0.0667378 0.0652571
10 0.3893685 0.6045005 0.0667378 0.0652571
3 0.5895818 0.6045005 0.0667378 0.0652571
5 0.6563196 0.6045005 0.0667377 0.0652571
7 0.7230574 0.6045005 0.0667378 0.0652571
13 0.3226307 0.6716769 0.0667378 0.0665367
22 0.3893685 0.6716769 0.0667378 0.0665367
15 0.4561063 0.6716769 0.0667378 0.0665367
25 0.5228441 0.6716769 0.0667378 0.0665367
20 0.5895818 0.6716769 0.0667378 0.0665367
16 0.6563196 0.6716769 0.0667377 0.0665367
28 0.3226307 0.7382137 0.0667378 0.0665367
31 0.5228441 0.7382137 0.0667378 0.0665367
11 0.6563196 0.7382137 0.0667377 0.0665367
29 0.7230574 0.7382137 0.0667378 0.0665367
12 0.3226307 0.8047504 0.0667378 0.0665367
24 0.5228441 0.8047504 0.0667378 0.0665367
23 0.5895818 0.8047504 0.0667378 0.0665367
27 0.3226307 0.8712871 0.0667378 0.0665367
2 0.3893685 0.8712871 0.0667378 0.0665367
8 0.4561063 0.8712871 0.0667378 0.0665367
18 0.5228441 0.8712871 0.0667378 0.0665367
4 0.5895818 0.8712871 0.0667378 0.0665367
