3 0.5289870 0.8354393 0.0622948 0.0661262
18 0.6535765 0.8354393 0.0622948 0.0661262
32 0.5308192 0.6923779 0.4397278 0.4438083
8 0.4666922 0.5048085 0.0622948 0.0661262
29 0.5912817 0.5048085 0.0622948 0.0661262
13 0.7158713 0.5048085 0.0622948 0.0661262
31 0.3421026 0.5702988 0.0622948 0.0648545
20 0.4666922 0.5702988 0.0622948 0.0648545
30 0.5289870 0.5702988 0.0622948 0.0648545
6 0.5912817 0.5702988 0.0622948 0.0648545
28 0.7158713 0.5702988 0.0622948 0.0648545
15 0.3421026 0.6370609 0.0622948 0.0661261
1 0.4043974 0.6370609 0.0622948 0.0661261
9 0.4666922 0.6370609 0.0622948 0.0661261
14 0.5289870 0.6370609 0.0622948 0.0661261
11 0.6535765 0.6370609 0.0622948 0.0661261
7 0.7158713 0.6370609 0.0622948 0.0661261
16 0.3421026 0.7031870 0.0622948 0.0661262
23 0.4666922 0.7031870 0.0622948 0.0661262
26 0.5289870 0.7031870 0.0622948 0.0661262
19 0.5912817 0.7031870 0.0622948 0.0661262
24 0.3421026 0.7693132 0.0622948 0.0661262
27 0.4043974 0.7693132 0.0622948 0.0661262
10 0.5289870 0.7693132 0.0622948 0.0661262
4 0.5912817 0.7693132 0.0622948 0.0661262
12 0.6535765 0.7693132 0.0622948 0.0661262
25 0.7158713 0.7693132 0.0622948 0.0661262
22 0.4043974 0.8354393 0.0622948 0.0661262
17 0.4666922 0.8354393 0.0622948 0.0661262
