30 0.5195094 0.8672038 0.0663339 0.0646442
19 0.5858434 0.8672038 0.0663340 0.0646442
32 0.4551265 0.7273484 0.4682397 0.4338626
21 0.2541736 0.5439825 0.0663340 0.0646443
1 0.3205075 0.5439825 0.0663339 0.0646443
3 0.3868415 0.5439825 0.0663340 0.0646443
5 0.4531754 0.5439825 0.0663340 0.0646443
22 0.5195094 0.5439825 0.0663339 0.0646443
20 0.5858434 0.5439825 0.0663340 0.0646443
12 0.6521773 0.5439825 0.0663340 0.0646443
15 0.2541736 0.6080051 0.0663340 0.0634011
13 0.3205075 0.6080051 0.0663339 0.0634011
24 0.5858434 0.6080051 0.0663340 0.0634011
9 0.6521773 0.6080051 0.0663340 0.0634011
23 0.2541736 0.6732710 0.0663340 0.0646443
26 0.3205075 0.6732710 0.0663339 0.0646443
27 0.3868415 0.6732710 0.0663340 0.0646443
28 0.4531754 0.6732710 0.0663340 0.0646443
25 0.6521773 0.6732710 0.0663340 0.0646443
4 0.2541736 0.7379153 0.0663340 0.0646442
14 0.3868415 0.7379153 0.0663340 0.0646442
7 0.4531754 0.7379153 0.0663340 0.0646442
17 0.5858434 0.7379153 0.0663340 0.0646442
8 0.3205075 0.8025596 0.0663339 0.0646443
11 0.3868415 0.8025596 0.0663340 0.0646443
10 0.5195094 0.8025596 0.0663339 0.0646443
29 0.2541736 0.8672038 0.0663340 0.0646442
6 0.3205075 0.8672038 0.0663339 0.0646442
16 0.3868415 0.8672038 0.0663340 0.0646442
