27 0.6266866 0.8244849 0.0666237 0.0628842
6 0.6933103 0.8244849 0.0666237 0.0628842
32 0.4953987 0.6884373 0.4702850 0.4220496
12 0.3601918 0.5100639 0.0666237 0.0628842
3 0.4268155 0.5100639 0.0666237 0.0628842
19 0.5600629 0.5100639 0.0666237 0.0628842
11 0.6266866 0.5100639 0.0666237 0.0628842
17 0.6933103 0.5100639 0.0666237 0.0628842
31 0.2935681 0.5723434 0.0666237 0.0616749
2 0.3601918 0.5723434 0.0666237 0.0616749
13 0.4268155 0.5723434 0.0666237 0.0616749
15 0.5600629 0.5723434 0.0666237 0.0616749
21 0.6266866 0.5723434 0.0666237 0.0616749
8 0.6933103 0.5723434 0.0666237 0.0616749
22 0.3601918 0.6358323 0.0666237 0.0628842
4 0.5600629 0.6358323 0.0666237 0.0628842
5 0.6266866 0.6358323 0.0666237 0.0628842
29 0.6933103 0.6358323 0.0666237 0.0628842
1 0.4268155 0.6987164 0.0666237 0.0628841
23 0.5600629 0.6987164 0.0666237 0.0628841
18 0.6933103 0.6987164 0.0666237 0.0628841
28 0.2935681 0.7616006 0.0666237 0.0628842
7 0.3601918 0.7616006 0.0666237 0.0628842
16 0.5600629 0.7616006 0.0666237 0.0628842
9 0.6933103 0.7616006 0.0666237 0.0628842
30 0.3601918 0.8244849 0.0666237 0.0628842
25 0.4268155 0.8244849 0.0666237 0.0628842
14 0.4934392 0.8244849 0.0666237 0.0628842
20 0.5600629 0.8244849 0.0666237 0.0628842
