17 0.4797799 0.8465978 0.0605723 0.0661340
9 0.6009246 0.8465978 0.0605724 0.0661340
32 0.5421338 0.7035193 0.4275695 0.4438614
2 0.3586352 0.5159275 0.0605724 0.0661341
4 0.4192076 0.5159275 0.0605724 0.0661341
12 0.4797799 0.5159275 0.0605723 0.0661341
14 0.6614970 0.5159275 0.0605724 0.0661341
25 0.7220693 0.5159275 0.0605724 0.0661341
8 0.3586352 0.5814256 0.0605724 0.0648623
19 0.4192076 0.5814256 0.0605724 0.0648623
7 0.4797799 0.5814256 0.0605723 0.0648623
24 0.5403522 0.5814256 0.0605724 0.0648623
6 0.6009246 0.5814256 0.0605724 0.0648623
15 0.6614970 0.5814256 0.0605724 0.0648623
10 0.3586352 0.6481956 0.0605724 0.0661341
1 0.4192076 0.6481956 0.0605724 0.0661341
13 0.5403522 0.6481956 0.0605724 0.0661341
27 0.6614970 0.6481956 0.0605724 0.0661341
31 0.3586352 0.7143297 0.0605724 0.0661340
16 0.4192076 0.7143297 0.0605724 0.0661340
30 0.6009246 0.7143297 0.0605724 0.0661340
26 0.6614970 0.7143297 0.0605724 0.0661340
28 0.7220693 0.7143297 0.0605724 0.0661340
11 0.4192076 0.7804637 0.0605724 0.0661341
22 0.5403522 0.7804637 0.0605724 0.0661341
18 0.6614970 0.7804637 0.0605724 0.0661341
3 0.7220693 0.7804637 0.0605724 0.0661341
29 0.3586352 0.8465978 0.0605724 0.0661340
5 0.4192076 0.8465978 0.0605724 0.0661340
