3 0.5599196 0.8542379 0.0608556 0.0668782
12 0.6207752 0.8542379 0.0608556 0.0668782
32 0.5008539 0.7095495 0.4295691 0.4488556
11 0.3164971 0.5198470 0.0608556 0.0668782
1 0.3773527 0.5198470 0.0608556 0.0668782
19 0.5599196 0.5198470 0.0608556 0.0668782
27 0.6816309 0.5198470 0.0608556 0.0668782
21 0.3164971 0.5860821 0.0608556 0.0655921
16 0.3773527 0.5860821 0.0608556 0.0655921
7 0.4382084 0.5860821 0.0608556 0.0655921
9 0.6816309 0.5860821 0.0608556 0.0655921
31 0.3164971 0.6536034 0.0608556 0.0668782
18 0.3773527 0.6536034 0.0608556 0.0668782
29 0.4382084 0.6536034 0.0608556 0.0668782
5 0.4990639 0.6536034 0.0608556 0.0668782
28 0.5599196 0.6536034 0.0608556 0.0668782
6 0.6207752 0.6536034 0.0608556 0.0668782
25 0.3164971 0.7204816 0.0608556 0.0668781
22 0.3773527 0.7204816 0.0608556 0.0668781
2 0.4382084 0.7204816 0.0608556 0.0668781
26 0.4990639 0.7204816 0.0608556 0.0668781
4 0.5599196 0.7204816 0.0608556 0.0668781
20 0.6207752 0.7204816 0.0608556 0.0668781
17 0.6816309 0.7204816 0.0608556 0.0668781
13 0.3164971 0.7873597 0.0608556 0.0668782
24 0.4990639 0.7873597 0.0608556 0.0668782
14 0.6207752 0.7873597 0.0608556 0.0668782
30 0.3164971 0.8542379 0.0608556 0.0668782
8 0.3773527 0.8542379 0.0608556 0.0668782
