28 0.5276479 0.9014384 0.0646894 0.0628178
22 0.5923374 0.9014384 0.0646895 0.0628178
32 0.4648611 0.7655344 0.4566315 0.4216042
31 0.4629585 0.5873493 0.0646895 0.0628178
27 0.5276479 0.5873493 0.0646894 0.0628178
19 0.6570268 0.5873493 0.0646894 0.0628178
3 0.2688901 0.6495631 0.0646895 0.0616098
15 0.3982690 0.6495631 0.0646894 0.0616098
11 0.4629585 0.6495631 0.0646895 0.0616098
6 0.5276479 0.6495631 0.0646894 0.0616098
13 0.5923374 0.6495631 0.0646895 0.0616098
8 0.6570268 0.6495631 0.0646894 0.0616098
14 0.2688901 0.7129849 0.0646895 0.0628178
10 0.3335795 0.7129849 0.0646895 0.0628178
20 0.3982690 0.7129849 0.0646894 0.0628178
2 0.4629585 0.7129849 0.0646895 0.0628178
5 0.5923374 0.7129849 0.0646895 0.0628178
29 0.2688901 0.7758028 0.0646895 0.0628178
4 0.3335795 0.7758028 0.0646895 0.0628178
24 0.4629585 0.7758028 0.0646895 0.0628178
25 0.5276479 0.7758028 0.0646894 0.0628178
30 0.5923374 0.7758028 0.0646895 0.0628178
23 0.4629585 0.8386205 0.0646895 0.0628178
16 0.5276479 0.8386205 0.0646894 0.0628178
1 0.5923374 0.8386205 0.0646895 0.0628178
9 0.6570268 0.8386205 0.0646894 0.0628178
12 0.2688901 0.9014384 0.0646895 0.0628178
21 0.3982690 0.9014384 0.0646894 0.0628178
26 0.4629585 0.9014384 0.0646895 0.0628178
