26 0.6319083 0.8421994 0.0628945 0.0630477
16 0.6948028 0.8421994 0.0628944 0.0630477
32 0.5079692 0.7057981 0.4439610 0.4231471
2 0.3174360 0.5269609 0.0628945 0.0630477
13 0.3803304 0.5269609 0.0628945 0.0630477
7 0.4432249 0.5269609 0.0628944 0.0630477
1 0.5061194 0.5269609 0.0628945 0.0630477
14 0.5690138 0.5269609 0.0628945 0.0630477
25 0.6319083 0.5269609 0.0628945 0.0630477
17 0.6948028 0.5269609 0.0628944 0.0630477
23 0.3174360 0.5894024 0.0628945 0.0618353
19 0.3803304 0.5894024 0.0628945 0.0618353
11 0.4432249 0.5894024 0.0628944 0.0618353
22 0.6948028 0.5894024 0.0628944 0.0618353
20 0.3174360 0.6530563 0.0628945 0.0630477
21 0.3803304 0.6530563 0.0628945 0.0630477
3 0.6319083 0.6530563 0.0628945 0.0630477
6 0.3174360 0.7161040 0.0628945 0.0630477
10 0.3803304 0.7161040 0.0628945 0.0630477
9 0.5061194 0.7161040 0.0628945 0.0630477
4 0.6319083 0.7161040 0.0628945 0.0630477
8 0.3803304 0.7791518 0.0628945 0.0630477
27 0.4432249 0.7791518 0.0628944 0.0630477
28 0.5061194 0.7791518 0.0628945 0.0630477
24 0.5690138 0.7791518 0.0628945 0.0630477
15 0.6319083 0.7791518 0.0628945 0.0630477
29 0.3174360 0.8421994 0.0628945 0.0630477
31 0.3803304 0.8421994 0.0628945 0.0630477
18 0.5061194 0.8421994 0.0628945 0.0630477
