30 0.6278186 0.8422400 0.0637640 0.0672717
26 0.6915826 0.8422400 0.0637640 0.0672717
32 0.5021661 0.6967004 0.4500987 0.4514963
4 0.3089987 0.5058818 0.0637640 0.0672717
6 0.4365267 0.5058818 0.0637640 0.0672717
2 0.5640546 0.5058818 0.0637640 0.0672717
5 0.6278186 0.5058818 0.0637640 0.0672717
31 0.3089987 0.5725066 0.0637640 0.0659780
15 0.4365267 0.5725066 0.0637640 0.0659780
8 0.5002907 0.5725066 0.0637640 0.0659780
16 0.5640546 0.5725066 0.0637640 0.0659780
18 0.6278186 0.5725066 0.0637640 0.0659780
25 0.6915826 0.5725066 0.0637640 0.0659780
12 0.3089987 0.6404251 0.0637640 0.0672716
24 0.3727627 0.6404251 0.0637640 0.0672716
11 0.6278186 0.6404251 0.0637640 0.0672716
20 0.3089987 0.7076967 0.0637640 0.0672717
7 0.3727627 0.7076967 0.0637640 0.0672717
9 0.4365267 0.7076967 0.0637640 0.0672717
27 0.5002907 0.7076967 0.0637640 0.0672717
19 0.6278186 0.7076967 0.0637640 0.0672717
21 0.6915826 0.7076967 0.0637640 0.0672717
10 0.3089987 0.7749684 0.0637640 0.0672717
23 0.5640546 0.7749684 0.0637640 0.0672717
3 0.6278186 0.7749684 0.0637640 0.0672717
22 0.6915826 0.7749684 0.0637640 0.0672717
17 0.3089987 0.8422400 0.0637640 0.0672717
28 0.5002907 0.8422400 0.0637640 0.0672717
14 0.5640546 0.8422400 0.0637640 0.0672717
