5 0.6090031 0.8415846 0.0612228 0.0675930
22 0.6702260 0.8415846 0.0612228 0.0675930
32 0.5495811 0.6953499 0.4321608 0.4536528
16 0.3641120 0.5036198 0.0612228 0.0675930
31 0.4253348 0.5036198 0.0612228 0.0675930
24 0.7314487 0.5036198 0.0612228 0.0675930
6 0.4865576 0.5705629 0.0612228 0.0662931
14 0.5477804 0.5705629 0.0612228 0.0662931
8 0.6090031 0.5705629 0.0612228 0.0662931
20 0.6702260 0.5705629 0.0612228 0.0662931
26 0.3641120 0.6388058 0.0612228 0.0675930
25 0.4865576 0.6388058 0.0612228 0.0675930
4 0.5477804 0.6388058 0.0612228 0.0675930
18 0.6090031 0.6388058 0.0612228 0.0675930
28 0.6702260 0.6388058 0.0612228 0.0675930
23 0.7314487 0.6388058 0.0612228 0.0675930
19 0.3641120 0.7063988 0.0612228 0.0675929
30 0.5477804 0.7063988 0.0612228 0.0675929
17 0.6090031 0.7063988 0.0612228 0.0675929
3 0.7314487 0.7063988 0.0612228 0.0675929
9 0.3641120 0.7739917 0.0612228 0.0675929
2 0.4253348 0.7739917 0.0612228 0.0675929
27 0.5477804 0.7739917 0.0612228 0.0675929
1 0.6090031 0.7739917 0.0612228 0.0675929
13 0.6702260 0.7739917 0.0612228 0.0675929
15 0.3641120 0.8415846 0.0612228 0.0675930
21 0.4253348 0.8415846 0.0612228 0.0675930
29 0.4865576 0.8415846 0.0612228 0.0675930
10 0.5477804 0.8415846 0.0612228 0.0675930
