28 0.5814877 0.9147800 0.0631559 0.0671889
13 0.6446436 0.9147800 0.0631559 0.0671889
32 0.4570335 0.7694196 0.4458062 0.4509405
2 0.2657083 0.5788358 0.0631559 0.0671888
31 0.3288642 0.5788358 0.0631559 0.0671888
4 0.3920200 0.5788358 0.0631559 0.0671888
11 0.5183318 0.5788358 0.0631559 0.0671888
26 0.2657083 0.6453786 0.0631559 0.0658967
22 0.3288642 0.6453786 0.0631559 0.0658967
18 0.4551759 0.6453786 0.0631559 0.0658967
29 0.2657083 0.7132135 0.0631559 0.0671888
15 0.3288642 0.7132135 0.0631559 0.0671888
27 0.3920200 0.7132135 0.0631559 0.0671888
7 0.5814877 0.7132135 0.0631559 0.0671888
3 0.3288642 0.7804023 0.0631559 0.0671889
21 0.3920200 0.7804023 0.0631559 0.0671889
16 0.4551759 0.7804023 0.0631559 0.0671889
17 0.5183318 0.7804023 0.0631559 0.0671889
25 0.5814877 0.7804023 0.0631559 0.0671889
9 0.6446436 0.7804023 0.0631559 0.0671889
1 0.2657083 0.8475911 0.0631559 0.0671888
12 0.3288642 0.8475911 0.0631559 0.0671888
6 0.3920200 0.8475911 0.0631559 0.0671888
19 0.4551759 0.8475911 0.0631559 0.0671888
24 0.5183318 0.8475911 0.0631559 0.0671888
10 0.6446436 0.8475911 0.0631559 0.0671888
20 0.2657083 0.9147800 0.0631559 0.0671889
8 0.3288642 0.9147800 0.0631559 0.0671889
23 0.3920200 0.9147800 0.0631559 0.0671889
