15 0.5716848 0.8697744 0.0610893 0.0679240
29 0.6938634 0.8697744 0.0610893 0.0679240
32 0.5123922 0.7228234 0.4312188 0.4558746
19 0.3884168 0.5301543 0.0610893 0.0679240
26 0.4495061 0.5301543 0.0610893 0.0679240
10 0.5716848 0.5301543 0.0610893 0.0679240
23 0.6327740 0.5301543 0.0610893 0.0679240
21 0.3884168 0.5974252 0.0610893 0.0666178
27 0.5105954 0.5974252 0.0610893 0.0666178
18 0.6327740 0.5974252 0.0610893 0.0666178
14 0.6938634 0.5974252 0.0610893 0.0666178
28 0.3273275 0.6660023 0.0610893 0.0679240
17 0.4495061 0.6660023 0.0610893 0.0679240
24 0.6327740 0.6660023 0.0610893 0.0679240
6 0.6938634 0.6660023 0.0610893 0.0679240
31 0.3273275 0.7339264 0.0610893 0.0679240
7 0.3884168 0.7339264 0.0610893 0.0679240
16 0.4495061 0.7339264 0.0610893 0.0679240
4 0.5716848 0.7339264 0.0610893 0.0679240
20 0.6327740 0.7339264 0.0610893 0.0679240
8 0.6938634 0.7339264 0.0610893 0.0679240
5 0.3273275 0.8018504 0.0610893 0.0679240
25 0.4495061 0.8018504 0.0610893 0.0679240
30 0.5105954 0.8018504 0.0610893 0.0679240
9 0.6327740 0.8018504 0.0610893 0.0679240
12 0.6938634 0.8018504 0.0610893 0.0679240
1 0.3884168 0.8697744 0.0610893 0.0679240
22 0.4495061 0.8697744 0.0610893 0.0679240
3 0.5105954 0.8697744 0.0610893 0.0679240
