19 0.6474645 0.8373145 0.0616262 0.0653414
31 0.7090907 0.8373145 0.0616261 0.0653414
32 0.5260248 0.6959509 0.4350081 0.4385411
14 0.3393338 0.5106076 0.0616261 0.0653414
8 0.4009599 0.5106076 0.0616261 0.0653414
3 0.4625861 0.5106076 0.0616262 0.0653414
30 0.5242122 0.5106076 0.0616261 0.0653414
29 0.5858384 0.5106076 0.0616261 0.0653414
16 0.3393338 0.5753207 0.0616261 0.0640848
10 0.5242122 0.5753207 0.0616261 0.0640848
17 0.6474645 0.5753207 0.0616262 0.0640848
15 0.7090907 0.5753207 0.0616261 0.0640848
7 0.3393338 0.6412904 0.0616261 0.0653413
27 0.4009599 0.6412904 0.0616261 0.0653413
6 0.5242122 0.6412904 0.0616261 0.0653413
12 0.5858384 0.6412904 0.0616261 0.0653413
24 0.7090907 0.6412904 0.0616261 0.0653413
9 0.4625861 0.7066318 0.0616262 0.0653414
2 0.5242122 0.7066318 0.0616261 0.0653414
4 0.5858384 0.7066318 0.0616261 0.0653414
1 0.6474645 0.7066318 0.0616262 0.0653414
21 0.4009599 0.7719731 0.0616261 0.0653413
23 0.4625861 0.7719731 0.0616262 0.0653413
28 0.5242122 0.7719731 0.0616261 0.0653413
20 0.5858384 0.7719731 0.0616261 0.0653413
25 0.7090907 0.7719731 0.0616261 0.0653413
18 0.4009599 0.8373145 0.0616261 0.0653414
26 0.4625861 0.8373145 0.0616262 0.0653414
22 0.5242122 0.8373145 0.0616261 0.0653414
