13 0.5301356 0.8235328 0.0658559 0.0619812
16 0.5959914 0.8235328 0.0658559 0.0619812
32 0.4662167 0.6894388 0.4648650 0.4159892
10 0.4642797 0.5136268 0.0658559 0.0619812
3 0.5301356 0.5136268 0.0658559 0.0619812
20 0.5959914 0.5136268 0.0658559 0.0619812
9 0.3325680 0.5750120 0.0658558 0.0607893
30 0.3984238 0.5750120 0.0658559 0.0607893
17 0.4642797 0.5750120 0.0658559 0.0607893
7 0.5959914 0.5750120 0.0658559 0.0607893
24 0.6618473 0.5750120 0.0658559 0.0607893
15 0.3325680 0.6375892 0.0658558 0.0619812
4 0.3984238 0.6375892 0.0658559 0.0619812
29 0.4642797 0.6375892 0.0658559 0.0619812
21 0.5301356 0.6375892 0.0658559 0.0619812
28 0.6618473 0.6375892 0.0658559 0.0619812
19 0.2667121 0.6995704 0.0658559 0.0619812
14 0.3325680 0.6995704 0.0658558 0.0619812
23 0.5301356 0.6995704 0.0658559 0.0619812
6 0.5959914 0.6995704 0.0658559 0.0619812
12 0.6618473 0.6995704 0.0658559 0.0619812
1 0.2667121 0.7615516 0.0658559 0.0619812
27 0.3325680 0.7615516 0.0658558 0.0619812
31 0.5301356 0.7615516 0.0658559 0.0619812
26 0.5959914 0.7615516 0.0658559 0.0619812
5 0.6618473 0.7615516 0.0658559 0.0619812
22 0.2667121 0.8235328 0.0658559 0.0619812
18 0.3325680 0.8235328 0.0658558 0.0619812
8 0.3984238 0.8235328 0.0658559 0.0619812
