6 0.6601433 0.8729381 0.0625557 0.0630799
30 0.7226990 0.8729381 0.0625557 0.0630799
32 0.5368719 0.7364671 0.4415694 0.4233633
9 0.3473650 0.5575385 0.0625557 0.0630799
4 0.4099207 0.5575385 0.0625557 0.0630799
19 0.4724763 0.5575385 0.0625557 0.0630799
18 0.5975876 0.5575385 0.0625557 0.0630799
31 0.6601433 0.5575385 0.0625557 0.0630799
24 0.3473650 0.6200118 0.0625557 0.0618669
12 0.4099207 0.6200118 0.0625557 0.0618669
17 0.4724763 0.6200118 0.0625557 0.0618669
10 0.5975876 0.6200118 0.0625557 0.0618669
2 0.7226990 0.6200118 0.0625557 0.0618669
26 0.3473650 0.6836983 0.0625557 0.0630799
25 0.4099207 0.6836983 0.0625557 0.0630799
1 0.4724763 0.6836983 0.0625557 0.0630799
16 0.5350320 0.6836983 0.0625557 0.0630799
22 0.6601433 0.6836983 0.0625557 0.0630799
13 0.3473650 0.7467783 0.0625557 0.0630799
14 0.4099207 0.7467783 0.0625557 0.0630799
28 0.4724763 0.7467783 0.0625557 0.0630799
3 0.5350320 0.7467783 0.0625557 0.0630799
27 0.5975876 0.7467783 0.0625557 0.0630799
7 0.6601433 0.7467783 0.0625557 0.0630799
20 0.7226990 0.7467783 0.0625557 0.0630799
21 0.6601433 0.8098581 0.0625557 0.0630799
11 0.7226990 0.8098581 0.0625557 0.0630799
5 0.4099207 0.8729381 0.0625557 0.0630799
8 0.4724763 0.8729381 0.0625557 0.0630799
