28 0.6568575 0.8679218 0.0615342 0.0636298
23 0.7183917 0.8679218 0.0615343 0.0636298
32 0.5355988 0.7302610 0.4343593 0.4270542
25 0.3491862 0.5497725 0.0615342 0.0636298
24 0.4107205 0.5497725 0.0615342 0.0636298
13 0.4722547 0.5497725 0.0615342 0.0636298
20 0.5337890 0.5497725 0.0615343 0.0636298
2 0.5953233 0.5497725 0.0615342 0.0636298
16 0.4107205 0.6127905 0.0615342 0.0624062
14 0.5337890 0.6127905 0.0615343 0.0624062
6 0.5953233 0.6127905 0.0615342 0.0624062
8 0.3491862 0.6770322 0.0615342 0.0636299
17 0.4722547 0.6770322 0.0615342 0.0636299
21 0.5953233 0.6770322 0.0615342 0.0636299
3 0.6568575 0.6770322 0.0615342 0.0636299
10 0.7183917 0.6770322 0.0615343 0.0636299
5 0.4107205 0.7406621 0.0615342 0.0636298
26 0.4722547 0.7406621 0.0615342 0.0636298
19 0.5337890 0.7406621 0.0615343 0.0636298
27 0.5953233 0.7406621 0.0615342 0.0636298
4 0.6568575 0.7406621 0.0615342 0.0636298
12 0.7183917 0.7406621 0.0615343 0.0636298
22 0.4722547 0.8042918 0.0615342 0.0636298
7 0.5337890 0.8042918 0.0615343 0.0636298
9 0.6568575 0.8042918 0.0615342 0.0636298
31 0.3491862 0.8679218 0.0615342 0.0636298
1 0.4722547 0.8679218 0.0615342 0.0636298
18 0.5337890 0.8679218 0.0615343 0.0636298
15 0.5953233 0.8679218 0.0615342 0.0636298
