23 0.6273579 0.8124832 0.0619876 0.0636190
1 0.6893456 0.8124832 0.0619875 0.0636190
32 0.5052061 0.6748460 0.4375591 0.4269814
19 0.3174203 0.4943882 0.0619875 0.0636190
7 0.4413954 0.4943882 0.0619875 0.0636190
5 0.5653704 0.4943882 0.0619875 0.0636190
31 0.6893456 0.4943882 0.0619875 0.0636190
30 0.3794078 0.5573955 0.0619875 0.0623956
4 0.4413954 0.5573955 0.0619875 0.0623956
22 0.5033829 0.5573955 0.0619875 0.0623956
18 0.5653704 0.5573955 0.0619875 0.0623956
26 0.6273579 0.5573955 0.0619876 0.0623956
3 0.6893456 0.5573955 0.0619875 0.0623956
13 0.3174203 0.6216262 0.0619875 0.0636190
21 0.3794078 0.6216262 0.0619875 0.0636190
29 0.4413954 0.6216262 0.0619875 0.0636190
8 0.5033829 0.6216262 0.0619875 0.0636190
15 0.6273579 0.6216262 0.0619876 0.0636190
20 0.6893456 0.6216262 0.0619875 0.0636190
2 0.3174203 0.6852452 0.0619875 0.0636190
24 0.3174203 0.7488643 0.0619875 0.0636190
16 0.4413954 0.7488643 0.0619875 0.0636190
25 0.5033829 0.7488643 0.0619875 0.0636190
14 0.6273579 0.7488643 0.0619876 0.0636190
11 0.6893456 0.7488643 0.0619875 0.0636190
27 0.3174203 0.8124832 0.0619875 0.0636190
6 0.4413954 0.8124832 0.0619875 0.0636190
17 0.5033829 0.8124832 0.0619875 0.0636190
12 0.5653704 0.8124832 0.0619875 0.0636190
