26 0.5562104 0.8014206 0.0629990 0.0618664
19 0.6192094 0.8014206 0.0629989 0.0618664
32 0.4950644 0.6675750 0.4446986 0.4152187
15 0.3042146 0.4920886 0.0629990 0.0618664
20 0.4302125 0.4920886 0.0629990 0.0618664
25 0.6192094 0.4920886 0.0629989 0.0618664
18 0.4302125 0.5533601 0.0629990 0.0606767
13 0.4932115 0.5533601 0.0629990 0.0606767
21 0.5562104 0.5533601 0.0629990 0.0606767
1 0.6822083 0.5533601 0.0629990 0.0606767
14 0.3042146 0.6158214 0.0629990 0.0618664
8 0.3672135 0.6158214 0.0629990 0.0618664
12 0.4302125 0.6158214 0.0629990 0.0618664
31 0.4932115 0.6158214 0.0629990 0.0618664
30 0.5562104 0.6158214 0.0629990 0.0618664
5 0.6822083 0.6158214 0.0629990 0.0618664
3 0.4302125 0.6776878 0.0629990 0.0618664
6 0.4932115 0.6776878 0.0629990 0.0618664
4 0.5562104 0.6776878 0.0629990 0.0618664
23 0.6192094 0.6776878 0.0629989 0.0618664
2 0.3042146 0.7395541 0.0629990 0.0618664
7 0.3672135 0.7395541 0.0629990 0.0618664
10 0.4302125 0.7395541 0.0629990 0.0618664
9 0.4932115 0.7395541 0.0629990 0.0618664
16 0.6192094 0.7395541 0.0629989 0.0618664
22 0.6822083 0.7395541 0.0629990 0.0618664
27 0.3672135 0.8014206 0.0629990 0.0618664
29 0.4302125 0.8014206 0.0629990 0.0618664
11 0.4932115 0.8014206 0.0629990 0.0618664
