24 0.5470338 0.8919938 0.0649095 0.0653526
22 0.6119434 0.8919938 0.0649095 0.0653526
32 0.5489429 0.7506059 0.4581848 0.4386167
21 0.4172148 0.5652307 0.0649095 0.0653526
9 0.4821243 0.5652307 0.0649095 0.0653526
4 0.5470338 0.5652307 0.0649095 0.0653526
30 0.6119434 0.5652307 0.0649095 0.0653526
19 0.7417624 0.5652307 0.0649095 0.0653526
8 0.3523053 0.6299549 0.0649095 0.0640958
1 0.4821243 0.6299549 0.0649095 0.0640958
28 0.5470338 0.6299549 0.0649095 0.0640958
27 0.6768529 0.6299549 0.0649095 0.0640958
6 0.4172148 0.6959359 0.0649095 0.0653526
13 0.6119434 0.6959359 0.0649095 0.0653526
17 0.3523053 0.7612885 0.0649095 0.0653526
7 0.4172148 0.7612885 0.0649095 0.0653526
2 0.4821243 0.7612885 0.0649095 0.0653526
16 0.5470338 0.7612885 0.0649095 0.0653526
15 0.6119434 0.7612885 0.0649095 0.0653526
12 0.6768529 0.7612885 0.0649095 0.0653526
11 0.7417624 0.7612885 0.0649095 0.0653526
25 0.3523053 0.8266412 0.0649095 0.0653526
18 0.4821243 0.8266412 0.0649095 0.0653526
5 0.5470338 0.8266412 0.0649095 0.0653526
10 0.6119434 0.8266412 0.0649095 0.0653526
20 0.6768529 0.8266412 0.0649095 0.0653526
3 0.3523053 0.8919938 0.0649095 0.0653526
29 0.4172148 0.8919938 0.0649095 0.0653526
14 0.4821243 0.8919938 0.0649095 0.0653526
