20 0.6129654 0.8620949 0.0666961 0.0622572
21 0.6796614 0.8620949 0.0666961 0.0622572
32 0.5482309 0.7274039 0.4707958 0.4178414
11 0.4128771 0.5508090 0.0666961 0.0622572
19 0.5462693 0.5508090 0.0666961 0.0622572
23 0.7463576 0.5508090 0.0666961 0.0622572
5 0.4128771 0.6124676 0.0666961 0.0610599
13 0.4795732 0.6124676 0.0666961 0.0610599
17 0.6129654 0.6124676 0.0666961 0.0610599
10 0.7463576 0.6124676 0.0666961 0.0610599
9 0.4795732 0.6753233 0.0666961 0.0622572
6 0.5462693 0.6753233 0.0666961 0.0622572
14 0.6129654 0.6753233 0.0666961 0.0622572
18 0.6796614 0.6753233 0.0666961 0.0622572
25 0.4795732 0.7375805 0.0666961 0.0622572
7 0.6129654 0.7375805 0.0666961 0.0622572
30 0.6796614 0.7375805 0.0666961 0.0622572
31 0.7463576 0.7375805 0.0666961 0.0622572
15 0.3461811 0.7998376 0.0666961 0.0622572
4 0.4128771 0.7998376 0.0666961 0.0622572
27 0.4795732 0.7998376 0.0666961 0.0622572
28 0.5462693 0.7998376 0.0666961 0.0622572
12 0.6129654 0.7998376 0.0666961 0.0622572
2 0.6796614 0.7998376 0.0666961 0.0622572
26 0.7463576 0.7998376 0.0666961 0.0622572
1 0.3461811 0.8620949 0.0666961 0.0622572
24 0.4128771 0.8620949 0.0666961 0.0622572
16 0.4795732 0.8620949 0.0666961 0.0622572
22 0.5462693 0.8620949 0.0666961 0.0622572
