12 0.6477579 0.8722818 0.0643270 0.0666875
20 0.7120849 0.8722818 0.0643269 0.0666875
32 0.5209959 0.7280058 0.4540727 0.4475758
17 0.3261230 0.5388441 0.0643270 0.0666875
25 0.3904501 0.5388441 0.0643270 0.0666875
1 0.4547770 0.5388441 0.0643270 0.0666875
31 0.5191040 0.5388441 0.0643269 0.0666875
6 0.5834309 0.5388441 0.0643270 0.0666875
28 0.7120849 0.5388441 0.0643269 0.0666875
10 0.3261230 0.6048904 0.0643270 0.0654051
5 0.5834309 0.6048904 0.0643270 0.0654051
13 0.6477579 0.6048904 0.0643270 0.0654051
8 0.7120849 0.6048904 0.0643269 0.0654051
3 0.3261230 0.6722192 0.0643270 0.0666875
30 0.4547770 0.6722192 0.0643270 0.0666875
15 0.5834309 0.6722192 0.0643270 0.0666875
2 0.3904501 0.7389067 0.0643270 0.0666875
26 0.4547770 0.7389067 0.0643270 0.0666875
18 0.5834309 0.7389067 0.0643270 0.0666875
29 0.6477579 0.7389067 0.0643270 0.0666875
21 0.3261230 0.8055942 0.0643270 0.0666875
14 0.4547770 0.8055942 0.0643270 0.0666875
4 0.5191040 0.8055942 0.0643269 0.0666875
23 0.5834309 0.8055942 0.0643270 0.0666875
22 0.6477579 0.8055942 0.0643270 0.0666875
16 0.7120849 0.8055942 0.0643269 0.0666875
11 0.3904501 0.8722818 0.0643270 0.0666875
7 0.4547770 0.8722818 0.0643270 0.0666875
27 0.5834309 0.8722818 0.0643270 0.0666875
