26 0.5978053 0.8419073 0.0635461 0.0670833
9 0.6613513 0.8419073 0.0635460 0.0670833
32 0.4725822 0.6967752 0.4485602 0.4502319
27 0.2800751 0.5064910 0.0635460 0.0670832
31 0.3436211 0.5064910 0.0635460 0.0670832
6 0.5978053 0.5064910 0.0635461 0.0670832
1 0.6613513 0.5064910 0.0635460 0.0670832
19 0.2800751 0.5729292 0.0635460 0.0657932
28 0.3436211 0.5729292 0.0635460 0.0657932
13 0.4707132 0.5729292 0.0635460 0.0657932
21 0.5342593 0.5729292 0.0635460 0.0657932
7 0.5978053 0.5729292 0.0635461 0.0657932
30 0.6613513 0.5729292 0.0635460 0.0657932
16 0.2800751 0.6406575 0.0635460 0.0670832
11 0.3436211 0.6406575 0.0635460 0.0670832
22 0.5342593 0.6406575 0.0635460 0.0670832
25 0.5978053 0.6406575 0.0635461 0.0670832
10 0.6613513 0.6406575 0.0635460 0.0670832
15 0.2800751 0.7077408 0.0635460 0.0670833
8 0.4071672 0.7077408 0.0635460 0.0670833
5 0.5342593 0.7077408 0.0635460 0.0670833
20 0.6613513 0.7077408 0.0635460 0.0670833
29 0.3436211 0.7748241 0.0635460 0.0670832
24 0.4071672 0.7748241 0.0635460 0.0670832
12 0.4707132 0.7748241 0.0635460 0.0670832
2 0.5978053 0.7748241 0.0635461 0.0670832
23 0.2800751 0.8419073 0.0635460 0.0670833
4 0.4707132 0.8419073 0.0635460 0.0670833
3 0.5342593 0.8419073 0.0635460 0.0670833
