5 0.6023991 0.8433782 0.0665062 0.0657385
13 0.6689053 0.8433782 0.0665062 0.0657385
32 0.4713429 0.7011554 0.4694553 0.4412066
18 0.2698683 0.5146856 0.0665062 0.0657385
26 0.4693868 0.5146856 0.0665062 0.0657385
28 0.6023991 0.5146856 0.0665062 0.0657385
7 0.6689053 0.5146856 0.0665062 0.0657385
12 0.2698683 0.5797920 0.0665062 0.0644743
29 0.3363745 0.5797920 0.0665062 0.0644743
25 0.4028806 0.5797920 0.0665062 0.0644743
21 0.4693868 0.5797920 0.0665062 0.0644743
1 0.6023991 0.5797920 0.0665062 0.0644743
6 0.6689053 0.5797920 0.0665062 0.0644743
27 0.3363745 0.6461626 0.0665062 0.0657386
2 0.4028806 0.6461626 0.0665062 0.0657386
20 0.4693868 0.6461626 0.0665062 0.0657386
8 0.5358930 0.6461626 0.0665062 0.0657386
24 0.6023991 0.6461626 0.0665062 0.0657386
19 0.2698683 0.7119012 0.0665062 0.0657385
17 0.3363745 0.7119012 0.0665062 0.0657385
16 0.4693868 0.7119012 0.0665062 0.0657385
30 0.5358930 0.7119012 0.0665062 0.0657385
10 0.6023991 0.7119012 0.0665062 0.0657385
3 0.6689053 0.7119012 0.0665062 0.0657385
14 0.5358930 0.7776397 0.0665062 0.0657385
22 0.6023991 0.7776397 0.0665062 0.0657385
23 0.3363745 0.8433782 0.0665062 0.0657385
15 0.4028806 0.8433782 0.0665062 0.0657385
9 0.5358930 0.8433782 0.0665062 0.0657385
