6 0.6423548 0.8921426 0.0610091 0.0627595
25 0.7033640 0.8921426 0.0610091 0.0627595
32 0.5221310 0.7563650 0.4306524 0.4212127
3 0.3373094 0.5783453 0.0610091 0.0627595
4 0.5203366 0.5783453 0.0610091 0.0627595
8 0.5813457 0.5783453 0.0610091 0.0627595
11 0.3373094 0.6405013 0.0610091 0.0615525
2 0.4593275 0.6405013 0.0610091 0.0615525
22 0.5813457 0.6405013 0.0610091 0.0615525
20 0.7033640 0.6405013 0.0610091 0.0615525
16 0.3373094 0.7038643 0.0610091 0.0627595
19 0.3983185 0.7038643 0.0610091 0.0627595
21 0.4593275 0.7038643 0.0610091 0.0627595
30 0.5203366 0.7038643 0.0610091 0.0627595
7 0.6423548 0.7038643 0.0610091 0.0627595
10 0.7033640 0.7038643 0.0610091 0.0627595
23 0.3373094 0.7666237 0.0610091 0.0627595
15 0.4593275 0.7666237 0.0610091 0.0627595
26 0.7033640 0.7666237 0.0610091 0.0627595
24 0.3373094 0.8293832 0.0610091 0.0627595
5 0.4593275 0.8293832 0.0610091 0.0627595
12 0.5203366 0.8293832 0.0610091 0.0627595
29 0.5813457 0.8293832 0.0610091 0.0627595
9 0.7033640 0.8293832 0.0610091 0.0627595
17 0.3373094 0.8921426 0.0610091 0.0627595
18 0.3983185 0.8921426 0.0610091 0.0627595
14 0.4593275 0.8921426 0.0610091 0.0627595
31 0.5203366 0.8921426 0.0610091 0.0627595
27 0.5813457 0.8921426 0.0610091 0.0627595
