12 0.4800230 0.8860588 0.0636280 0.0626231
11 0.6072790 0.8860588 0.0636280 0.0626231
32 0.4818944 0.7505762 0.4491389 0.4202969
18 0.3527670 0.5729436 0.0636280 0.0626231
16 0.4163950 0.5729436 0.0636280 0.0626231
15 0.4800230 0.5729436 0.0636280 0.0626231
5 0.2891389 0.6349644 0.0636280 0.0614187
7 0.3527670 0.6349644 0.0636280 0.0614187
24 0.4163950 0.6349644 0.0636280 0.0614187
8 0.4800230 0.6349644 0.0636280 0.0614187
3 0.5436510 0.6349644 0.0636280 0.0614187
13 0.6072790 0.6349644 0.0636280 0.0614187
17 0.6709070 0.6349644 0.0636280 0.0614187
29 0.2891389 0.6981897 0.0636280 0.0626231
21 0.4163950 0.6981897 0.0636280 0.0626231
26 0.6072790 0.6981897 0.0636280 0.0626231
25 0.6709070 0.6981897 0.0636280 0.0626231
9 0.2891389 0.7608127 0.0636280 0.0626231
30 0.4163950 0.7608127 0.0636280 0.0626231
4 0.4800230 0.7608127 0.0636280 0.0626231
6 0.5436510 0.7608127 0.0636280 0.0626231
23 0.6709070 0.7608127 0.0636280 0.0626231
22 0.3527670 0.8234357 0.0636280 0.0626230
28 0.4163950 0.8234357 0.0636280 0.0626230
2 0.4800230 0.8234357 0.0636280 0.0626230
10 0.5436510 0.8234357 0.0636280 0.0626230
19 0.6072790 0.8234357 0.0636280 0.0626230
14 0.2891389 0.8860588 0.0636280 0.0626231
1 0.3527670 0.8860588 0.0636280 0.0626231
