17 0.5659250 0.8700375 0.0639100 0.0677384
11 0.6298349 0.8700375 0.0639100 0.0677384
32 0.5038947 0.7234880 0.4511291 0.4546291
30 0.3741951 0.5313453 0.0639100 0.0677385
2 0.4381050 0.5313453 0.0639100 0.0677385
29 0.5020150 0.5313453 0.0639100 0.0677385
3 0.5659250 0.5313453 0.0639100 0.0677385
25 0.6298349 0.5313453 0.0639100 0.0677385
9 0.6937449 0.5313453 0.0639099 0.0677385
12 0.3102851 0.5984324 0.0639100 0.0664358
21 0.4381050 0.5984324 0.0639100 0.0664358
27 0.5020150 0.5984324 0.0639100 0.0664358
23 0.6298349 0.5984324 0.0639100 0.0664358
15 0.6937449 0.5984324 0.0639099 0.0664358
13 0.3102851 0.6668221 0.0639100 0.0677385
28 0.3741951 0.6668221 0.0639100 0.0677385
4 0.4381050 0.6668221 0.0639100 0.0677385
18 0.6298349 0.6668221 0.0639100 0.0677385
19 0.3102851 0.7345605 0.0639100 0.0677384
1 0.3741951 0.7345605 0.0639100 0.0677384
8 0.4381050 0.7345605 0.0639100 0.0677384
31 0.5020150 0.7345605 0.0639100 0.0677384
5 0.6937449 0.7345605 0.0639099 0.0677384
16 0.3741951 0.8022990 0.0639100 0.0677385
7 0.4381050 0.8022990 0.0639100 0.0677385
10 0.5659250 0.8022990 0.0639100 0.0677385
24 0.3102851 0.8700375 0.0639100 0.0677384
22 0.3741951 0.8700375 0.0639100 0.0677384
20 0.5020150 0.8700375 0.0639100 0.0677384
