25 0.4377965 0.8613968 0.0637724 0.0638098
31 0.5653412 0.8613968 0.0637724 0.0638098
32 0.5034445 0.7233467 0.4501579 0.4282621
13 0.3102518 0.5423476 0.0637724 0.0638098
1 0.3740241 0.5423476 0.0637724 0.0638098
17 0.4377965 0.5423476 0.0637724 0.0638098
3 0.5015688 0.5423476 0.0637724 0.0638098
5 0.6291136 0.5423476 0.0637724 0.0638098
19 0.6928859 0.5423476 0.0637724 0.0638098
23 0.3102518 0.6055439 0.0637724 0.0625827
16 0.3740241 0.6055439 0.0637724 0.0625827
24 0.5015688 0.6055439 0.0637724 0.0625827
27 0.5653412 0.6055439 0.0637724 0.0625827
2 0.3740241 0.6699673 0.0637724 0.0638098
9 0.5015688 0.6699673 0.0637724 0.0638098
7 0.6291136 0.6699673 0.0637724 0.0638098
15 0.3102518 0.7337772 0.0637724 0.0638099
30 0.3740241 0.7337772 0.0637724 0.0638099
20 0.5015688 0.7337772 0.0637724 0.0638099
26 0.5653412 0.7337772 0.0637724 0.0638099
10 0.6291136 0.7337772 0.0637724 0.0638099
12 0.3102518 0.7975870 0.0637724 0.0638098
8 0.3740241 0.7975870 0.0637724 0.0638098
18 0.4377965 0.7975870 0.0637724 0.0638098
4 0.5015688 0.7975870 0.0637724 0.0638098
11 0.5653412 0.7975870 0.0637724 0.0638098
14 0.6291136 0.7975870 0.0637724 0.0638098
28 0.6928859 0.7975870 0.0637724 0.0638098
21 0.3102518 0.8613968 0.0637724 0.0638098
