24 0.5867465 0.8216212 0.0611253 0.0658022
20 0.6478719 0.8216212 0.0611253 0.0658022
32 0.5274190 0.6792607 0.4314731 0.4416337
8 0.3422451 0.4926104 0.0611254 0.0658022
12 0.4033704 0.4926104 0.0611253 0.0658022
31 0.5256212 0.4926104 0.0611254 0.0658022
11 0.3422451 0.5577798 0.0611254 0.0645367
18 0.4033704 0.5577798 0.0611253 0.0645367
1 0.4644958 0.5577798 0.0611254 0.0645367
4 0.5256212 0.5577798 0.0611254 0.0645367
19 0.5867465 0.5577798 0.0611253 0.0645367
22 0.6478719 0.5577798 0.0611253 0.0645367
26 0.7089972 0.5577798 0.0611254 0.0645367
3 0.5256212 0.6242147 0.0611254 0.0658022
9 0.5867465 0.6242147 0.0611253 0.0658022
28 0.6478719 0.6242147 0.0611253 0.0658022
16 0.7089972 0.6242147 0.0611254 0.0658022
14 0.4033704 0.6900169 0.0611253 0.0658022
13 0.5867465 0.6900169 0.0611253 0.0658022
6 0.6478719 0.6900169 0.0611253 0.0658022
30 0.4033704 0.7558190 0.0611253 0.0658022
15 0.5256212 0.7558190 0.0611254 0.0658022
10 0.5867465 0.7558190 0.0611253 0.0658022
25 0.6478719 0.7558190 0.0611253 0.0658022
17 0.7089972 0.7558190 0.0611254 0.0658022
27 0.3422451 0.8216212 0.0611254 0.0658022
2 0.4033704 0.8216212 0.0611253 0.0658022
29 0.4644958 0.8216212 0.0611254 0.0658022
21 0.5256212 0.8216212 0.0611254 0.0658022
