1 0.5827580 0.8544432 0.0637482 0.0621027
10 0.6465062 0.8544432 0.0637482 0.0621027
32 0.4571365 0.7200864 0.4499872 0.4168048
28 0.2640170 0.5439296 0.0637482 0.0621027
6 0.3277652 0.5439296 0.0637482 0.0621027
3 0.4552616 0.5439296 0.0637482 0.0621027
15 0.5190098 0.5439296 0.0637482 0.0621027
2 0.6465062 0.5439296 0.0637482 0.0621027
12 0.3277652 0.6054352 0.0637482 0.0609085
21 0.4552616 0.6054352 0.0637482 0.0609085
13 0.5827580 0.6054352 0.0637482 0.0609085
30 0.2640170 0.6681351 0.0637482 0.0621027
8 0.3915134 0.6681351 0.0637482 0.0621027
4 0.5827580 0.6681351 0.0637482 0.0621027
27 0.2640170 0.7302377 0.0637482 0.0621027
31 0.3277652 0.7302377 0.0637482 0.0621027
18 0.3915134 0.7302377 0.0637482 0.0621027
23 0.5190098 0.7302377 0.0637482 0.0621027
29 0.5827580 0.7302377 0.0637482 0.0621027
17 0.6465062 0.7302377 0.0637482 0.0621027
20 0.2640170 0.7923405 0.0637482 0.0621027
22 0.3277652 0.7923405 0.0637482 0.0621027
26 0.3915134 0.7923405 0.0637482 0.0621027
5 0.4552616 0.7923405 0.0637482 0.0621027
24 0.5190098 0.7923405 0.0637482 0.0621027
7 0.5827580 0.7923405 0.0637482 0.0621027
19 0.3277652 0.8544432 0.0637482 0.0621027
14 0.3915134 0.8544432 0.0637482 0.0621027
16 0.4552616 0.8544432 0.0637482 0.0621027
