28 0.5682376 0.8951622 0.0634631 0.0629976
3 0.6951640 0.8951622 0.0634631 0.0629976
32 0.5066411 0.7588692 0.4479752 0.4228109
11 0.3143851 0.5801741 0.0634631 0.0629976
29 0.3778482 0.5801741 0.0634632 0.0629976
2 0.5047745 0.5801741 0.0634631 0.0629976
13 0.5682376 0.5801741 0.0634631 0.0629976
1 0.6951640 0.5801741 0.0634631 0.0629976
7 0.3778482 0.6425659 0.0634632 0.0617861
10 0.5047745 0.6425659 0.0634631 0.0617861
26 0.5682376 0.6425659 0.0634631 0.0617861
27 0.6317008 0.6425659 0.0634632 0.0617861
15 0.4413114 0.7061693 0.0634631 0.0629977
8 0.5682376 0.7061693 0.0634631 0.0629977
31 0.3143851 0.7691669 0.0634631 0.0629976
12 0.3778482 0.7691669 0.0634632 0.0629976
6 0.5047745 0.7691669 0.0634631 0.0629976
22 0.5682376 0.7691669 0.0634631 0.0629976
20 0.6317008 0.7691669 0.0634632 0.0629976
9 0.6951640 0.7691669 0.0634631 0.0629976
18 0.3143851 0.8321646 0.0634631 0.0629977
24 0.3778482 0.8321646 0.0634632 0.0629977
19 0.5047745 0.8321646 0.0634631 0.0629977
21 0.5682376 0.8321646 0.0634631 0.0629977
5 0.6317008 0.8321646 0.0634632 0.0629977
17 0.3143851 0.8951622 0.0634631 0.0629976
16 0.3778482 0.8951622 0.0634632 0.0629976
4 0.4413114 0.8951622 0.0634631 0.0629976
23 0.5047745 0.8951622 0.0634631 0.0629976
