28 0.5880092 0.8254846 0.0611697 0.0623316
21 0.6491789 0.8254846 0.0611697 0.0623316
32 0.4674690 0.6906327 0.4317858 0.4183406
9 0.2821609 0.5138269 0.0611697 0.0623315
3 0.4045002 0.5138269 0.0611697 0.0623315
6 0.5268396 0.5138269 0.0611697 0.0623315
22 0.5880092 0.5138269 0.0611697 0.0623315
18 0.6491789 0.5138269 0.0611697 0.0623315
29 0.3433306 0.5755591 0.0611697 0.0611329
11 0.5268396 0.5755591 0.0611697 0.0611329
25 0.5880092 0.5755591 0.0611697 0.0611329
2 0.2821609 0.6384900 0.0611697 0.0623315
16 0.4045002 0.6384900 0.0611697 0.0623315
14 0.4656699 0.6384900 0.0611697 0.0623315
30 0.5268396 0.6384900 0.0611697 0.0623315
24 0.5880092 0.6384900 0.0611697 0.0623315
31 0.6491789 0.6384900 0.0611697 0.0623315
19 0.3433306 0.7008215 0.0611697 0.0623315
20 0.4656699 0.7008215 0.0611697 0.0623315
27 0.5880092 0.7008215 0.0611697 0.0623315
8 0.6491789 0.7008215 0.0611697 0.0623315
5 0.2821609 0.7631531 0.0611697 0.0623315
10 0.4045002 0.7631531 0.0611697 0.0623315
12 0.4656699 0.7631531 0.0611697 0.0623315
1 0.5268396 0.7631531 0.0611697 0.0623315
26 0.5880092 0.7631531 0.0611697 0.0623315
4 0.3433306 0.8254846 0.0611697 0.0623316
7 0.4045002 0.8254846 0.0611697 0.0623316
17 0.5268396 0.8254846 0.0611697 0.0623316
