14 0.3716399 0.9003503 0.0659483 0.0665485
7 0.5694846 0.9003503 0.0659483 0.0665485
32 0.5054760 0.7563751 0.4655170 0.4466427
11 0.3056916 0.5676078 0.0659483 0.0665485
27 0.3716399 0.5676078 0.0659483 0.0665485
1 0.4375881 0.5676078 0.0659482 0.0665485
10 0.5035364 0.5676078 0.0659483 0.0665485
8 0.5694846 0.5676078 0.0659483 0.0665485
4 0.6354329 0.5676078 0.0659482 0.0665485
24 0.7013811 0.5676078 0.0659483 0.0665485
6 0.3056916 0.6335164 0.0659483 0.0652687
5 0.3716399 0.6335164 0.0659483 0.0652687
29 0.5035364 0.6335164 0.0659483 0.0652687
25 0.5694846 0.6335164 0.0659483 0.0652687
2 0.6354329 0.6335164 0.0659482 0.0652687
13 0.3716399 0.7007048 0.0659483 0.0665485
21 0.4375881 0.7007048 0.0659482 0.0665485
22 0.6354329 0.7007048 0.0659482 0.0665485
17 0.4375881 0.7672533 0.0659482 0.0665485
20 0.5035364 0.7672533 0.0659483 0.0665485
30 0.6354329 0.7672533 0.0659482 0.0665485
18 0.7013811 0.7672533 0.0659483 0.0665485
3 0.3056916 0.8338017 0.0659483 0.0665485
23 0.4375881 0.8338017 0.0659482 0.0665485
9 0.5035364 0.8338017 0.0659483 0.0665485
16 0.5694846 0.8338017 0.0659483 0.0665485
31 0.6354329 0.8338017 0.0659482 0.0665485
12 0.7013811 0.8338017 0.0659483 0.0665485
19 0.3056916 0.9003503 0.0659483 0.0665485
