14 0.5765808 0.8950735 0.0627045 0.0665373
31 0.6392853 0.8950735 0.0627044 0.0665373
32 0.4530162 0.7511225 0.4426197 0.4465681
3 0.3257630 0.5623867 0.0627044 0.0665374
30 0.3884675 0.5623867 0.0627045 0.0665374
7 0.4511720 0.5623867 0.0627045 0.0665374
21 0.6392853 0.5623867 0.0627044 0.0665374
18 0.3257630 0.6282843 0.0627044 0.0652578
27 0.4511720 0.6282843 0.0627045 0.0652578
9 0.5138764 0.6282843 0.0627044 0.0652578
4 0.5765808 0.6282843 0.0627045 0.0652578
11 0.6392853 0.6282843 0.0627044 0.0652578
6 0.2630586 0.6954614 0.0627044 0.0665374
28 0.3257630 0.6954614 0.0627044 0.0665374
17 0.5138764 0.6954614 0.0627044 0.0665374
5 0.5765808 0.6954614 0.0627045 0.0665374
15 0.6392853 0.6954614 0.0627044 0.0665374
24 0.2630586 0.7619988 0.0627044 0.0665373
25 0.3257630 0.7619988 0.0627044 0.0665373
10 0.3884675 0.7619988 0.0627045 0.0665373
1 0.4511720 0.7619988 0.0627045 0.0665373
2 0.5765808 0.7619988 0.0627045 0.0665373
26 0.6392853 0.7619988 0.0627044 0.0665373
29 0.2630586 0.8285362 0.0627044 0.0665374
8 0.3257630 0.8285362 0.0627044 0.0665374
20 0.3884675 0.8285362 0.0627045 0.0665374
16 0.5138764 0.8285362 0.0627044 0.0665374
19 0.5765808 0.8285362 0.0627045 0.0665374
13 0.5138764 0.8950735 0.0627044 0.0665373
