12 0.6264312 0.8879955 0.0645811 0.0636576
16 0.6910123 0.8879955 0.0645811 0.0636576
32 0.4991684 0.7502747 0.4558665 0.4272405
31 0.3035257 0.5697074 0.0645811 0.0636576
3 0.4972690 0.5697074 0.0645811 0.0636576
28 0.5618501 0.5697074 0.0645811 0.0636576
7 0.6264312 0.5697074 0.0645811 0.0636576
19 0.6910123 0.5697074 0.0645811 0.0636576
20 0.3035257 0.6327529 0.0645811 0.0624335
23 0.3681068 0.6327529 0.0645811 0.0624335
4 0.4326879 0.6327529 0.0645811 0.0624335
18 0.4972690 0.6327529 0.0645811 0.0624335
29 0.6910123 0.6327529 0.0645811 0.0624335
14 0.3035257 0.6970226 0.0645811 0.0636576
26 0.3681068 0.6970226 0.0645811 0.0636576
21 0.4326879 0.6970226 0.0645811 0.0636576
25 0.4972690 0.6970226 0.0645811 0.0636576
5 0.5618501 0.6970226 0.0645811 0.0636576
8 0.3035257 0.7606802 0.0645811 0.0636576
6 0.5618501 0.7606802 0.0645811 0.0636576
13 0.6264312 0.7606802 0.0645811 0.0636576
1 0.6910123 0.7606802 0.0645811 0.0636576
24 0.4326879 0.8243378 0.0645811 0.0636576
15 0.5618501 0.8243378 0.0645811 0.0636576
22 0.6264312 0.8243378 0.0645811 0.0636576
30 0.3035257 0.8879955 0.0645811 0.0636576
17 0.3681068 0.8879955 0.0645811 0.0636576
27 0.4326879 0.8879955 0.0645811 0.0636576
9 0.4972690 0.8879955 0.0645811 0.0636576
