8 0.6455505 0.8245547 0.0634997 0.0650603
26 0.7090501 0.8245547 0.0634996 0.0650603
32 0.5204188 0.6837992 0.4482328 0.4366548
2 0.3280522 0.4992532 0.0634996 0.0650603
24 0.3915519 0.4992532 0.0634996 0.0650603
31 0.4550515 0.4992532 0.0634997 0.0650603
16 0.5820509 0.4992532 0.0634996 0.0650603
4 0.6455505 0.4992532 0.0634997 0.0650603
21 0.7090501 0.4992532 0.0634996 0.0650603
7 0.4550515 0.5636879 0.0634997 0.0638091
19 0.5820509 0.5636879 0.0634996 0.0638091
5 0.3280522 0.6293738 0.0634996 0.0650603
14 0.3915519 0.6293738 0.0634996 0.0650603
22 0.4550515 0.6293738 0.0634997 0.0650603
27 0.5820509 0.6293738 0.0634996 0.0650603
30 0.7090501 0.6293738 0.0634996 0.0650603
3 0.3280522 0.6944341 0.0634996 0.0650603
13 0.3915519 0.6944341 0.0634996 0.0650603
12 0.4550515 0.6944341 0.0634997 0.0650603
1 0.5820509 0.6944341 0.0634996 0.0650603
25 0.3280522 0.7594944 0.0634996 0.0650603
11 0.3915519 0.7594944 0.0634996 0.0650603
23 0.4550515 0.7594944 0.0634997 0.0650603
28 0.5185512 0.7594944 0.0634996 0.0650603
10 0.5820509 0.7594944 0.0634996 0.0650603
18 0.6455505 0.7594944 0.0634997 0.0650603
17 0.7090501 0.7594944 0.0634996 0.0650603
20 0.3915519 0.8245547 0.0634996 0.0650603
15 0.4550515 0.8245547 0.0634997 0.0650603
