7 0.5477463 0.8746758 0.0645029 0.0642573
4 0.6767522 0.8746758 0.0645029 0.0642573
32 0.5496434 0.7356577 0.4553149 0.4312651
11 0.3542374 0.5533895 0.0645029 0.0642573
12 0.4832433 0.5533895 0.0645029 0.0642573
19 0.6122492 0.5533895 0.0645030 0.0642573
31 0.7412552 0.5533895 0.0645029 0.0642573
10 0.5477463 0.6170289 0.0645029 0.0630215
28 0.6122492 0.6170289 0.0645030 0.0630215
18 0.6767522 0.6170289 0.0645029 0.0630215
9 0.3542374 0.6819040 0.0645029 0.0642572
23 0.4832433 0.6819040 0.0645029 0.0642572
13 0.5477463 0.6819040 0.0645029 0.0642572
14 0.6122492 0.6819040 0.0645030 0.0642572
1 0.7412552 0.6819040 0.0645029 0.0642572
24 0.3542374 0.7461612 0.0645029 0.0642573
3 0.4187404 0.7461612 0.0645029 0.0642573
2 0.5477463 0.7461612 0.0645029 0.0642573
25 0.6122492 0.7461612 0.0645030 0.0642573
17 0.3542374 0.8104185 0.0645029 0.0642573
20 0.4187404 0.8104185 0.0645029 0.0642573
5 0.4832433 0.8104185 0.0645029 0.0642573
8 0.5477463 0.8104185 0.0645029 0.0642573
30 0.6122492 0.8104185 0.0645030 0.0642573
6 0.6767522 0.8104185 0.0645029 0.0642573
15 0.7412552 0.8104185 0.0645029 0.0642573
16 0.3542374 0.8746758 0.0645029 0.0642573
22 0.4187404 0.8746758 0.0645029 0.0642573
26 0.4832433 0.8746758 0.0645029 0.0642573
