21 0.6655258 0.9030511 0.0666508 0.0680129
3 0.7321767 0.9030511 0.0666508 0.0680129
32 0.5341846 0.7559079 0.4704762 0.4564709
11 0.3989227 0.5629868 0.0666508 0.0680128
30 0.4655734 0.5629868 0.0666508 0.0680128
31 0.5322242 0.5629868 0.0666508 0.0680128
9 0.5988750 0.5629868 0.0666508 0.0680128
18 0.6655258 0.5629868 0.0666508 0.0680128
6 0.3322719 0.6303457 0.0666508 0.0667049
22 0.3989227 0.6303457 0.0666508 0.0667049
5 0.4655734 0.6303457 0.0666508 0.0667049
27 0.5988750 0.6303457 0.0666508 0.0667049
20 0.7321767 0.6303457 0.0666508 0.0667049
24 0.3989227 0.6990125 0.0666508 0.0680128
1 0.4655734 0.6990125 0.0666508 0.0680128
29 0.5322242 0.6990125 0.0666508 0.0680128
4 0.7321767 0.6990125 0.0666508 0.0680128
10 0.3322719 0.7670254 0.0666508 0.0680128
25 0.3989227 0.7670254 0.0666508 0.0680128
23 0.4655734 0.7670254 0.0666508 0.0680128
26 0.6655258 0.7670254 0.0666508 0.0680128
14 0.7321767 0.7670254 0.0666508 0.0680128
8 0.3322719 0.8350382 0.0666508 0.0680128
19 0.5322242 0.8350382 0.0666508 0.0680128
7 0.5988750 0.8350382 0.0666508 0.0680128
12 0.7321767 0.8350382 0.0666508 0.0680128
15 0.3989227 0.9030511 0.0666508 0.0680129
28 0.5322242 0.9030511 0.0666508 0.0680129
16 0.5988750 0.9030511 0.0666508 0.0680129
