17 0.5987927 0.8824101 0.0617761 0.0646812
15 0.6605688 0.8824101 0.0617761 0.0646812
32 0.4770574 0.7424747 0.4360666 0.4341105
11 0.3516883 0.5590040 0.0617761 0.0646812
13 0.4134644 0.5590040 0.0617761 0.0646812
21 0.4752405 0.5590040 0.0617761 0.0646812
25 0.5370166 0.5590040 0.0617761 0.0646812
26 0.6605688 0.5590040 0.0617761 0.0646812
18 0.2899122 0.6230633 0.0617761 0.0634373
20 0.3516883 0.6230633 0.0617761 0.0634373
29 0.4134644 0.6230633 0.0617761 0.0634373
23 0.4752405 0.6230633 0.0617761 0.0634373
4 0.5370166 0.6230633 0.0617761 0.0634373
8 0.6605688 0.6230633 0.0617761 0.0634373
22 0.3516883 0.6883665 0.0617761 0.0646812
3 0.4134644 0.6883665 0.0617761 0.0646812
2 0.5370166 0.6883665 0.0617761 0.0646812
30 0.5987927 0.6883665 0.0617761 0.0646812
12 0.2899122 0.7530476 0.0617761 0.0646812
19 0.4134644 0.7530476 0.0617761 0.0646812
24 0.4752405 0.7530476 0.0617761 0.0646812
16 0.5987927 0.7530476 0.0617761 0.0646812
27 0.6605688 0.7530476 0.0617761 0.0646812
1 0.2899122 0.8177289 0.0617761 0.0646812
9 0.3516883 0.8177289 0.0617761 0.0646812
7 0.4752405 0.8177289 0.0617761 0.0646812
31 0.3516883 0.8824101 0.0617761 0.0646812
14 0.4752405 0.8824101 0.0617761 0.0646812
6 0.5370166 0.8824101 0.0617761 0.0646812
