4 0.6075507 0.8814037 0.0653142 0.0678917
21 0.7381791 0.8814037 0.0653142 0.0678917
32 0.5441574 0.7345227 0.4610415 0.4556574
10 0.3462938 0.5419455 0.0653142 0.0678917
28 0.4116080 0.5419455 0.0653142 0.0678917
15 0.5422365 0.5419455 0.0653142 0.0678917
18 0.6728648 0.5419455 0.0653143 0.0678917
1 0.3462938 0.6091843 0.0653142 0.0665860
26 0.4116080 0.6091843 0.0653142 0.0665860
16 0.4769222 0.6091843 0.0653142 0.0665860
22 0.5422365 0.6091843 0.0653142 0.0665860
17 0.6075507 0.6091843 0.0653142 0.0665860
13 0.6728648 0.6091843 0.0653143 0.0665860
30 0.4769222 0.6777287 0.0653142 0.0678916
20 0.5422365 0.6777287 0.0653142 0.0678916
25 0.6075507 0.6777287 0.0653142 0.0678916
23 0.7381791 0.6777287 0.0653142 0.0678916
27 0.4116080 0.7456204 0.0653142 0.0678917
6 0.4769222 0.7456204 0.0653142 0.0678917
11 0.5422365 0.7456204 0.0653142 0.0678917
5 0.6728648 0.7456204 0.0653143 0.0678917
7 0.3462938 0.8135121 0.0653142 0.0678916
9 0.4116080 0.8135121 0.0653142 0.0678916
31 0.4769222 0.8135121 0.0653142 0.0678916
12 0.5422365 0.8135121 0.0653142 0.0678916
14 0.7381791 0.8135121 0.0653142 0.0678916
3 0.4116080 0.8814037 0.0653142 0.0678917
29 0.4769222 0.8814037 0.0653142 0.0678917
8 0.5422365 0.8814037 0.0653142 0.0678917
