9 0.6218505 0.8431276 0.0624743 0.0678175
13 0.6843248 0.8431276 0.0624744 0.0678175
32 0.4987394 0.6964071 0.4409951 0.4551596
2 0.3094790 0.5040403 0.0624743 0.0678175
14 0.3719533 0.5040403 0.0624743 0.0678175
6 0.4344276 0.5040403 0.0624743 0.0678175
12 0.4969019 0.5040403 0.0624743 0.0678175
5 0.6218505 0.5040403 0.0624743 0.0678175
24 0.6843248 0.5040403 0.0624744 0.0678175
15 0.3094790 0.5712056 0.0624743 0.0665133
31 0.4344276 0.5712056 0.0624743 0.0665133
7 0.4969019 0.5712056 0.0624743 0.0665133
29 0.6218505 0.5712056 0.0624743 0.0665133
18 0.6843248 0.5712056 0.0624744 0.0665133
21 0.3719533 0.6396752 0.0624743 0.0678175
8 0.4344276 0.6396752 0.0624743 0.0678175
30 0.5593762 0.6396752 0.0624743 0.0678175
25 0.6218505 0.6396752 0.0624743 0.0678175
3 0.6843248 0.6396752 0.0624744 0.0678175
17 0.4344276 0.7074927 0.0624743 0.0678175
11 0.4969019 0.7074927 0.0624743 0.0678175
20 0.5593762 0.7074927 0.0624743 0.0678175
28 0.3094790 0.7753101 0.0624743 0.0678175
27 0.3719533 0.7753101 0.0624743 0.0678175
16 0.4344276 0.7753101 0.0624743 0.0678175
26 0.4969019 0.7753101 0.0624743 0.0678175
4 0.3094790 0.8431276 0.0624743 0.0678175
23 0.4344276 0.8431276 0.0624743 0.0678175
19 0.5593762 0.8431276 0.0624743 0.0678175
