4 0.6619894 0.8274150 0.0661632 0.0631742
17 0.7281526 0.8274150 0.0661633 0.0631742
32 0.5316088 0.6907401 0.4670348 0.4239959
13 0.3311731 0.5115441 0.0661633 0.0631742
14 0.4634996 0.5115441 0.0661633 0.0631742
15 0.5958261 0.5115441 0.0661633 0.0631742
21 0.7281526 0.5115441 0.0661633 0.0631742
19 0.3311731 0.5741109 0.0661633 0.0619593
16 0.4634996 0.5741109 0.0661633 0.0619593
7 0.5296629 0.5741109 0.0661633 0.0619593
28 0.5958261 0.5741109 0.0661633 0.0619593
11 0.3311731 0.6378925 0.0661633 0.0631742
10 0.3973363 0.6378925 0.0661633 0.0631742
30 0.4634996 0.6378925 0.0661633 0.0631742
22 0.5958261 0.6378925 0.0661633 0.0631742
25 0.3973363 0.7010667 0.0661633 0.0631741
23 0.4634996 0.7010667 0.0661633 0.0631741
18 0.5958261 0.7010667 0.0661633 0.0631741
1 0.6619894 0.7010667 0.0661632 0.0631741
20 0.3973363 0.7642408 0.0661633 0.0631741
24 0.4634996 0.7642408 0.0661633 0.0631741
31 0.5296629 0.7642408 0.0661633 0.0631741
26 0.5958261 0.7642408 0.0661633 0.0631741
6 0.6619894 0.7642408 0.0661632 0.0631741
3 0.7281526 0.7642408 0.0661633 0.0631741
29 0.3311731 0.8274150 0.0661633 0.0631742
8 0.4634996 0.8274150 0.0661633 0.0631742
5 0.5296629 0.8274150 0.0661633 0.0631742
27 0.5958261 0.8274150 0.0661633 0.0631742
