7 0.6340818 0.8644736 0.0613823 0.0667186
1 0.6954641 0.8644736 0.0613823 0.0667186
32 0.5131225 0.7201306 0.4332870 0.4477843
31 0.5726994 0.5308808 0.0613823 0.0667186
29 0.6340818 0.5308808 0.0613823 0.0667186
16 0.3271702 0.5969579 0.0613823 0.0654355
14 0.3885525 0.5969579 0.0613823 0.0654355
10 0.4499348 0.5969579 0.0613823 0.0654355
18 0.5113171 0.5969579 0.0613823 0.0654355
3 0.5726994 0.5969579 0.0613823 0.0654355
19 0.6954641 0.5969579 0.0613823 0.0654355
28 0.3271702 0.6643179 0.0613823 0.0667186
2 0.3885525 0.6643179 0.0613823 0.0667186
13 0.4499348 0.6643179 0.0613823 0.0667186
22 0.5113171 0.6643179 0.0613823 0.0667186
23 0.6340818 0.6643179 0.0613823 0.0667186
6 0.6954641 0.6643179 0.0613823 0.0667186
17 0.3271702 0.7310365 0.0613823 0.0667186
25 0.4499348 0.7310365 0.0613823 0.0667186
27 0.5113171 0.7310365 0.0613823 0.0667186
21 0.5726994 0.7310365 0.0613823 0.0667186
24 0.6954641 0.7310365 0.0613823 0.0667186
11 0.3271702 0.7977551 0.0613823 0.0667185
9 0.5113171 0.7977551 0.0613823 0.0667185
12 0.5726994 0.7977551 0.0613823 0.0667185
4 0.3271702 0.8644736 0.0613823 0.0667186
5 0.4499348 0.8644736 0.0613823 0.0667186
30 0.5113171 0.8644736 0.0613823 0.0667186
26 0.5726994 0.8644736 0.0613823 0.0667186
