8 0.5852726 0.9001219 0.0656903 0.0626931
16 0.7166533 0.9001219 0.0656904 0.0626931
32 0.5215144 0.7644878 0.4636964 0.4207672
13 0.3225114 0.5866563 0.0656903 0.0626931
1 0.4538920 0.5866563 0.0656903 0.0626931
10 0.5195823 0.5866563 0.0656903 0.0626931
28 0.5852726 0.5866563 0.0656903 0.0626931
23 0.7166533 0.5866563 0.0656904 0.0626931
7 0.3882017 0.6487466 0.0656903 0.0614874
6 0.4538920 0.6487466 0.0656903 0.0614874
17 0.5195823 0.6487466 0.0656903 0.0614874
5 0.5852726 0.6487466 0.0656903 0.0614874
26 0.6509629 0.6487466 0.0656903 0.0614874
9 0.7166533 0.6487466 0.0656904 0.0614874
14 0.3225114 0.7120425 0.0656903 0.0626931
19 0.4538920 0.7120425 0.0656903 0.0626931
22 0.5195823 0.7120425 0.0656903 0.0626931
31 0.5852726 0.7120425 0.0656903 0.0626931
2 0.7166533 0.7120425 0.0656904 0.0626931
18 0.3225114 0.7747357 0.0656903 0.0626931
25 0.3882017 0.7747357 0.0656903 0.0626931
27 0.4538920 0.7747357 0.0656903 0.0626931
12 0.7166533 0.7747357 0.0656904 0.0626931
3 0.3882017 0.8374288 0.0656903 0.0626932
15 0.4538920 0.8374288 0.0656903 0.0626932
30 0.5852726 0.8374288 0.0656903 0.0626932
4 0.6509629 0.8374288 0.0656903 0.0626932
11 0.3882017 0.9001219 0.0656903 0.0626931
21 0.4538920 0.9001219 0.0656903 0.0626931
