24 0.4313040 0.8860316 0.0614309 0.0640327
18 0.4927349 0.8860316 0.0614309 0.0640327
32 0.4945417 0.7474995 0.4336300 0.4297577
29 0.3084422 0.5658684 0.0614309 0.0640327
22 0.3698731 0.5658684 0.0614309 0.0640327
27 0.4313040 0.5658684 0.0614309 0.0640327
13 0.4927349 0.5658684 0.0614309 0.0640327
21 0.5541658 0.5658684 0.0614309 0.0640327
7 0.6155967 0.5658684 0.0614309 0.0640327
8 0.6770276 0.5658684 0.0614309 0.0640327
9 0.3698731 0.6292854 0.0614309 0.0628012
23 0.4313040 0.6292854 0.0614309 0.0628012
6 0.4927349 0.6292854 0.0614309 0.0628012
19 0.6770276 0.6292854 0.0614309 0.0628012
1 0.3698731 0.6939337 0.0614309 0.0640326
30 0.4313040 0.6939337 0.0614309 0.0640326
26 0.5541658 0.6939337 0.0614309 0.0640326
15 0.6155967 0.6939337 0.0614309 0.0640326
16 0.3084422 0.7579663 0.0614309 0.0640327
2 0.3698731 0.7579663 0.0614309 0.0640327
11 0.4313040 0.7579663 0.0614309 0.0640327
10 0.6770276 0.7579663 0.0614309 0.0640327
25 0.3084422 0.8219991 0.0614309 0.0640327
20 0.3698731 0.8219991 0.0614309 0.0640327
3 0.4313040 0.8219991 0.0614309 0.0640327
4 0.4927349 0.8219991 0.0614309 0.0640327
28 0.6770276 0.8219991 0.0614309 0.0640327
5 0.3084422 0.8860316 0.0614309 0.0640327
31 0.3698731 0.8860316 0.0614309 0.0640327
