31 0.5775340 0.9039312 0.0609021 0.0661269
13 0.6384361 0.9039312 0.0609021 0.0661269
32 0.5184231 0.7608682 0.4298971 0.4438132
21 0.3948277 0.5732967 0.0609021 0.0661269
28 0.4557298 0.5732967 0.0609021 0.0661269
18 0.5166319 0.5732967 0.0609021 0.0661269
2 0.6384361 0.5732967 0.0609021 0.0661269
26 0.4557298 0.6387878 0.0609021 0.0648552
20 0.5166319 0.6387878 0.0609021 0.0648552
11 0.5775340 0.6387878 0.0609021 0.0648552
27 0.6384361 0.6387878 0.0609021 0.0648552
22 0.6993382 0.6387878 0.0609021 0.0648552
8 0.3339256 0.7055505 0.0609021 0.0661269
10 0.3948277 0.7055505 0.0609021 0.0661269
5 0.5166319 0.7055505 0.0609021 0.0661269
14 0.5775340 0.7055505 0.0609021 0.0661269
19 0.3339256 0.7716774 0.0609021 0.0661269
7 0.4557298 0.7716774 0.0609021 0.0661269
17 0.5166319 0.7716774 0.0609021 0.0661269
30 0.5775340 0.7716774 0.0609021 0.0661269
25 0.6384361 0.7716774 0.0609021 0.0661269
1 0.3339256 0.8378043 0.0609021 0.0661269
4 0.3948277 0.8378043 0.0609021 0.0661269
6 0.5166319 0.8378043 0.0609021 0.0661269
16 0.5775340 0.8378043 0.0609021 0.0661269
23 0.6993382 0.8378043 0.0609021 0.0661269
29 0.3339256 0.9039312 0.0609021 0.0661269
15 0.3948277 0.9039312 0.0609021 0.0661269
12 0.4557298 0.9039312 0.0609021 0.0661269
