5 0.5469588 0.8397240 0.0617173 0.0652588
31 0.6703934 0.8397240 0.0617173 0.0652588
32 0.5487741 0.6985390 0.4356515 0.4379869
28 0.4235243 0.5134300 0.0617173 0.0652588
24 0.4852415 0.5134300 0.0617173 0.0652588
18 0.5469588 0.5134300 0.0617173 0.0652588
4 0.6086761 0.5134300 0.0617173 0.0652588
8 0.3618070 0.5780613 0.0617173 0.0640038
7 0.4235243 0.5780613 0.0617173 0.0640038
17 0.6086761 0.5780613 0.0617173 0.0640038
6 0.6703934 0.5780613 0.0617173 0.0640038
30 0.7321107 0.5780613 0.0617173 0.0640038
29 0.3618070 0.6439476 0.0617173 0.0652588
25 0.4235243 0.6439476 0.0617173 0.0652588
14 0.5469588 0.6439476 0.0617173 0.0652588
20 0.6703934 0.6439476 0.0617173 0.0652588
26 0.7321107 0.6439476 0.0617173 0.0652588
2 0.5469588 0.7092064 0.0617173 0.0652588
22 0.6086761 0.7092064 0.0617173 0.0652588
1 0.6703934 0.7092064 0.0617173 0.0652588
16 0.7321107 0.7092064 0.0617173 0.0652588
9 0.4235243 0.7744652 0.0617173 0.0652588
21 0.5469588 0.7744652 0.0617173 0.0652588
23 0.6086761 0.7744652 0.0617173 0.0652588
3 0.6703934 0.7744652 0.0617173 0.0652588
27 0.7321107 0.7744652 0.0617173 0.0652588
11 0.3618070 0.8397240 0.0617173 0.0652588
10 0.4235243 0.8397240 0.0617173 0.0652588
13 0.4852415 0.8397240 0.0617173 0.0652588
