26 0.5814738 0.8539334 0.0609806 0.0627257
7 0.6424545 0.8539334 0.0609806 0.0627257
32 0.4613062 0.7182288 0.4304514 0.4209858
12 0.2765707 0.5403050 0.0609806 0.0627257
25 0.3375514 0.5403050 0.0609806 0.0627257
2 0.3985320 0.5403050 0.0609806 0.0627257
4 0.5814738 0.5403050 0.0609806 0.0627257
31 0.6424545 0.5403050 0.0609806 0.0627257
3 0.2765707 0.6024275 0.0609806 0.0615194
15 0.3985320 0.6024275 0.0609806 0.0615194
22 0.4595126 0.6024275 0.0609806 0.0615194
6 0.5814738 0.6024275 0.0609806 0.0615194
20 0.6424545 0.6024275 0.0609806 0.0615194
8 0.2765707 0.6657564 0.0609806 0.0627257
29 0.3985320 0.6657564 0.0609806 0.0627257
14 0.5814738 0.6657564 0.0609806 0.0627257
13 0.2765707 0.7284821 0.0609806 0.0627257
16 0.3375514 0.7284821 0.0609806 0.0627257
5 0.3985320 0.7284821 0.0609806 0.0627257
18 0.5204932 0.7284821 0.0609806 0.0627257
17 0.5814738 0.7284821 0.0609806 0.0627257
30 0.2765707 0.7912077 0.0609806 0.0627257
19 0.3375514 0.7912077 0.0609806 0.0627257
27 0.3985320 0.7912077 0.0609806 0.0627257
24 0.5204932 0.7912077 0.0609806 0.0627257
9 0.2765707 0.8539334 0.0609806 0.0627257
11 0.3985320 0.8539334 0.0609806 0.0627257
1 0.4595126 0.8539334 0.0609806 0.0627257
10 0.5204932 0.8539334 0.0609806 0.0627257
