2 0.4161212 0.8891066 0.0662741 0.0639227
21 0.5486694 0.8891066 0.0662741 0.0639227
32 0.4843445 0.7508122 0.4678172 0.4290199
27 0.2835730 0.5694930 0.0662741 0.0639227
13 0.3498471 0.5694930 0.0662741 0.0639227
14 0.4161212 0.5694930 0.0662741 0.0639227
23 0.5486694 0.5694930 0.0662741 0.0639227
25 0.6149435 0.5694930 0.0662741 0.0639227
24 0.6812176 0.5694930 0.0662741 0.0639227
1 0.2835730 0.6328011 0.0662741 0.0626934
10 0.4161212 0.6328011 0.0662741 0.0626934
5 0.4823953 0.6328011 0.0662741 0.0626934
31 0.6149435 0.6328011 0.0662741 0.0626934
16 0.6812176 0.6328011 0.0662741 0.0626934
28 0.2835730 0.6973384 0.0662741 0.0639227
17 0.3498471 0.6973384 0.0662741 0.0639227
4 0.6149435 0.6973384 0.0662741 0.0639227
6 0.6812176 0.6973384 0.0662741 0.0639227
8 0.2835730 0.7612611 0.0662741 0.0639227
26 0.3498471 0.7612611 0.0662741 0.0639227
15 0.5486694 0.7612611 0.0662741 0.0639227
12 0.6149435 0.7612611 0.0662741 0.0639227
20 0.2835730 0.8251839 0.0662741 0.0639227
9 0.4161212 0.8251839 0.0662741 0.0639227
19 0.4823953 0.8251839 0.0662741 0.0639227
30 0.5486694 0.8251839 0.0662741 0.0639227
7 0.6149435 0.8251839 0.0662741 0.0639227
11 0.6812176 0.8251839 0.0662741 0.0639227
22 0.3498471 0.8891066 0.0662741 0.0639227
