4 0.5783601 0.8998776 0.0642437 0.0671821
15 0.7068475 0.8998776 0.0642438 0.0671821
32 0.5160059 0.7545317 0.4534851 0.4508952
10 0.5783601 0.5639672 0.0642437 0.0671821
3 0.6426038 0.5639672 0.0642437 0.0671821
30 0.7068475 0.5639672 0.0642438 0.0671821
28 0.3213852 0.6305033 0.0642437 0.0658901
18 0.4498726 0.6305033 0.0642437 0.0658901
5 0.5141164 0.6305033 0.0642437 0.0658901
13 0.6426038 0.6305033 0.0642437 0.0658901
19 0.7068475 0.6305033 0.0642438 0.0658901
25 0.3213852 0.6983313 0.0642437 0.0671821
1 0.3856289 0.6983313 0.0642437 0.0671821
26 0.4498726 0.6983313 0.0642437 0.0671821
2 0.5783601 0.6983313 0.0642437 0.0671821
16 0.6426038 0.6983313 0.0642437 0.0671821
20 0.3856289 0.7655135 0.0642437 0.0671821
27 0.4498726 0.7655135 0.0642437 0.0671821
22 0.5141164 0.7655135 0.0642437 0.0671821
8 0.5783601 0.7655135 0.0642437 0.0671821
14 0.6426038 0.7655135 0.0642437 0.0671821
9 0.7068475 0.7655135 0.0642438 0.0671821
31 0.3213852 0.8326955 0.0642437 0.0671821
11 0.3856289 0.8326955 0.0642437 0.0671821
17 0.4498726 0.8326955 0.0642437 0.0671821
12 0.5141164 0.8326955 0.0642437 0.0671821
21 0.5783601 0.8326955 0.0642437 0.0671821
7 0.3856289 0.8998776 0.0642437 0.0671821
6 0.5141164 0.8998776 0.0642437 0.0671821
