24 0.3319582 0.8496682 0.0653728 0.0664363
2 0.3973310 0.8496682 0.0653728 0.0664363
32 0.5299993 0.7059358 0.4614549 0.4458897
10 0.3319582 0.5174868 0.0653728 0.0664363
22 0.3973310 0.5174868 0.0653728 0.0664363
15 0.5280766 0.5174868 0.0653728 0.0664363
16 0.5934494 0.5174868 0.0653728 0.0664363
26 0.6588222 0.5174868 0.0653728 0.0664363
31 0.7241949 0.5174868 0.0653728 0.0664363
21 0.3319582 0.5832842 0.0653728 0.0651587
4 0.3973310 0.5832842 0.0653728 0.0651587
19 0.5280766 0.5832842 0.0653728 0.0651587
8 0.5934494 0.5832842 0.0653728 0.0651587
5 0.6588222 0.5832842 0.0653728 0.0651587
1 0.7241949 0.5832842 0.0653728 0.0651587
30 0.3319582 0.6503593 0.0653728 0.0664363
13 0.4627038 0.6503593 0.0653728 0.0664363
12 0.5280766 0.6503593 0.0653728 0.0664363
9 0.7241949 0.6503593 0.0653728 0.0664363
14 0.3319582 0.7167957 0.0653728 0.0664363
29 0.4627038 0.7167957 0.0653728 0.0664363
27 0.5934494 0.7167957 0.0653728 0.0664363
6 0.7241949 0.7167957 0.0653728 0.0664363
3 0.3973310 0.7832320 0.0653728 0.0664362
11 0.4627038 0.7832320 0.0653728 0.0664362
23 0.5280766 0.7832320 0.0653728 0.0664362
20 0.5934494 0.7832320 0.0653728 0.0664362
7 0.6588222 0.7832320 0.0653728 0.0664362
