31 0.6324096 0.8729934 0.0657906 0.0628366
3 0.6982001 0.8729934 0.0657906 0.0628366
32 0.5027635 0.7370487 0.4644038 0.4217305
14 0.3034569 0.5588102 0.0657906 0.0628366
21 0.3692474 0.5588102 0.0657905 0.0628366
1 0.4350380 0.5588102 0.0657905 0.0628366
4 0.6324096 0.5588102 0.0657906 0.0628366
11 0.3692474 0.6210426 0.0657905 0.0616282
26 0.4350380 0.6210426 0.0657905 0.0616282
6 0.5008285 0.6210426 0.0657906 0.0616282
2 0.5666190 0.6210426 0.0657905 0.0616282
20 0.6324096 0.6210426 0.0657906 0.0616282
5 0.6982001 0.6210426 0.0657906 0.0616282
23 0.3692474 0.6844835 0.0657905 0.0628366
17 0.4350380 0.6844835 0.0657905 0.0628366
15 0.5666190 0.6844835 0.0657905 0.0628366
12 0.3034569 0.7473201 0.0657906 0.0628366
24 0.3692474 0.7473201 0.0657905 0.0628366
16 0.5008285 0.7473201 0.0657906 0.0628366
7 0.6324096 0.7473201 0.0657906 0.0628366
25 0.3034569 0.8101567 0.0657906 0.0628367
30 0.3692474 0.8101567 0.0657905 0.0628367
19 0.4350380 0.8101567 0.0657905 0.0628367
28 0.5666190 0.8101567 0.0657905 0.0628367
27 0.6324096 0.8101567 0.0657906 0.0628367
8 0.6982001 0.8101567 0.0657906 0.0628367
22 0.4350380 0.8729934 0.0657905 0.0628366
13 0.5008285 0.8729934 0.0657906 0.0628366
