15 0.5974205 0.9188306 0.0619122 0.0674246
2 0.7212450 0.9188306 0.0619122 0.0674246
32 0.5373292 0.7729600 0.4370275 0.4525230
12 0.3497715 0.5817075 0.0619122 0.0674247
3 0.4735960 0.5817075 0.0619123 0.0674247
4 0.5974205 0.5817075 0.0619122 0.0674247
29 0.7212450 0.5817075 0.0619122 0.0674247
13 0.4116838 0.6484837 0.0619122 0.0661280
20 0.4735960 0.6484837 0.0619123 0.0661280
25 0.5355083 0.6484837 0.0619122 0.0661280
24 0.6593327 0.6484837 0.0619122 0.0661280
30 0.7212450 0.6484837 0.0619122 0.0661280
18 0.3497715 0.7165567 0.0619122 0.0674246
17 0.4735960 0.7165567 0.0619123 0.0674246
8 0.5355083 0.7165567 0.0619122 0.0674246
31 0.5974205 0.7165567 0.0619122 0.0674246
26 0.7212450 0.7165567 0.0619122 0.0674246
16 0.4735960 0.7839813 0.0619123 0.0674246
9 0.5974205 0.7839813 0.0619122 0.0674246
23 0.7212450 0.7839813 0.0619122 0.0674246
10 0.3497715 0.8514059 0.0619122 0.0674246
7 0.4735960 0.8514059 0.0619123 0.0674246
21 0.5355083 0.8514059 0.0619122 0.0674246
1 0.5974205 0.8514059 0.0619122 0.0674246
28 0.7212450 0.8514059 0.0619122 0.0674246
11 0.3497715 0.9188306 0.0619122 0.0674246
5 0.4116838 0.9188306 0.0619122 0.0674246
22 0.4735960 0.9188306 0.0619123 0.0674246
