2 0.5734821 0.8143163 0.0615164 0.0641019
4 0.6965150 0.8143163 0.0615164 0.0641019
32 0.5137750 0.6756343 0.4342336 0.4302224
19 0.3889328 0.4938068 0.0615164 0.0641019
14 0.4504493 0.4938068 0.0615164 0.0641019
7 0.5119657 0.4938068 0.0615164 0.0641019
6 0.5734821 0.4938068 0.0615164 0.0641019
23 0.6349986 0.4938068 0.0615165 0.0641019
18 0.6965150 0.4938068 0.0615164 0.0641019
15 0.3274164 0.5572924 0.0615164 0.0628692
12 0.3889328 0.5572924 0.0615164 0.0628692
28 0.4504493 0.5572924 0.0615164 0.0628692
5 0.5119657 0.5572924 0.0615164 0.0628692
25 0.3274164 0.6220107 0.0615164 0.0641019
11 0.3889328 0.6220107 0.0615164 0.0641019
30 0.5119657 0.6220107 0.0615164 0.0641019
27 0.5734821 0.6220107 0.0615164 0.0641019
1 0.6349986 0.6220107 0.0615165 0.0641019
3 0.6965150 0.6220107 0.0615164 0.0641019
17 0.3274164 0.6861125 0.0615164 0.0641019
9 0.3889328 0.6861125 0.0615164 0.0641019
21 0.5119657 0.6861125 0.0615164 0.0641019
22 0.6349986 0.6861125 0.0615165 0.0641019
20 0.6965150 0.6861125 0.0615164 0.0641019
24 0.5119657 0.7502144 0.0615164 0.0641019
26 0.3274164 0.8143163 0.0615164 0.0641019
8 0.3889328 0.8143163 0.0615164 0.0641019
10 0.4504493 0.8143163 0.0615164 0.0641019
