12 0.5645471 0.8753938 0.0614699 0.0645250
5 0.6874869 0.8753938 0.0614699 0.0645250
32 0.5048852 0.7357964 0.4339050 0.4330622
23 0.4416074 0.5527686 0.0614699 0.0645250
4 0.5030772 0.5527686 0.0614699 0.0645250
19 0.5645471 0.5527686 0.0614699 0.0645250
24 0.6260170 0.5527686 0.0614699 0.0645250
1 0.3186676 0.6166732 0.0614699 0.0632841
27 0.5030772 0.6166732 0.0614699 0.0632841
15 0.5645471 0.6166732 0.0614699 0.0632841
14 0.6260170 0.6166732 0.0614699 0.0632841
17 0.3186676 0.6818187 0.0614699 0.0645250
10 0.4416074 0.6818187 0.0614699 0.0645250
18 0.5030772 0.6818187 0.0614699 0.0645250
26 0.5645471 0.6818187 0.0614699 0.0645250
28 0.6260170 0.6818187 0.0614699 0.0645250
9 0.6874869 0.6818187 0.0614699 0.0645250
31 0.3186676 0.7463437 0.0614699 0.0645251
11 0.3801375 0.7463437 0.0614698 0.0645251
22 0.4416074 0.7463437 0.0614699 0.0645251
16 0.5030772 0.7463437 0.0614699 0.0645251
25 0.5645471 0.7463437 0.0614699 0.0645251
30 0.6260170 0.7463437 0.0614699 0.0645251
21 0.4416074 0.8108688 0.0614699 0.0645250
3 0.5030772 0.8108688 0.0614699 0.0645250
29 0.5645471 0.8108688 0.0614699 0.0645250
2 0.6260170 0.8108688 0.0614699 0.0645250
13 0.3801375 0.8753938 0.0614698 0.0645250
