20 0.5905221 0.8798245 0.0611515 0.0650437
6 0.6516736 0.8798245 0.0611515 0.0650437
32 0.4700177 0.7391049 0.4316578 0.4365436
12 0.2847645 0.5546058 0.0611515 0.0650437
15 0.4070676 0.5546058 0.0611515 0.0650437
9 0.4682191 0.5546058 0.0611515 0.0650437
1 0.5293706 0.5546058 0.0611515 0.0650437
27 0.5905221 0.5546058 0.0611515 0.0650437
10 0.6516736 0.5546058 0.0611515 0.0650437
21 0.2847645 0.6190242 0.0611515 0.0637930
13 0.4070676 0.6190242 0.0611515 0.0637930
24 0.6516736 0.6190242 0.0611515 0.0637930
31 0.2847645 0.6846933 0.0611515 0.0650437
7 0.3459161 0.6846933 0.0611515 0.0650437
14 0.4070676 0.6846933 0.0611515 0.0650437
23 0.5293706 0.6846933 0.0611515 0.0650437
16 0.6516736 0.6846933 0.0611515 0.0650437
3 0.3459161 0.7497371 0.0611515 0.0650437
4 0.4070676 0.7497371 0.0611515 0.0650437
11 0.5905221 0.7497371 0.0611515 0.0650437
17 0.6516736 0.7497371 0.0611515 0.0650437
25 0.2847645 0.8147808 0.0611515 0.0650438
5 0.3459161 0.8147808 0.0611515 0.0650438
29 0.4070676 0.8147808 0.0611515 0.0650438
8 0.4682191 0.8147808 0.0611515 0.0650438
19 0.5293706 0.8147808 0.0611515 0.0650438
22 0.4682191 0.8798245 0.0611515 0.0650437
28 0.5293706 0.8798245 0.0611515 0.0650437
