1 0.6574635 0.8489571 0.0618108 0.0648465
16 0.7192743 0.8489571 0.0618108 0.0648465
32 0.5356599 0.7086643 0.4363113 0.4352194
14 0.5338419 0.5247249 0.0618108 0.0648465
15 0.5956527 0.5247249 0.0618108 0.0648465
2 0.6574635 0.5247249 0.0618108 0.0648465
17 0.7192743 0.5247249 0.0618108 0.0648465
25 0.4102204 0.5889478 0.0618108 0.0635994
26 0.4720312 0.5889478 0.0618108 0.0635994
4 0.5338419 0.5889478 0.0618108 0.0635994
5 0.5956527 0.5889478 0.0618108 0.0635994
3 0.6574635 0.5889478 0.0618108 0.0635994
22 0.7192743 0.5889478 0.0618108 0.0635994
19 0.3484097 0.6544178 0.0618108 0.0648465
24 0.4102204 0.6544178 0.0618108 0.0648465
28 0.5338419 0.6544178 0.0618108 0.0648465
20 0.5956527 0.6544178 0.0618108 0.0648465
11 0.3484097 0.7192642 0.0618108 0.0648464
30 0.4720312 0.7192642 0.0618108 0.0648464
13 0.5338419 0.7192642 0.0618108 0.0648464
21 0.5956527 0.7192642 0.0618108 0.0648464
31 0.3484097 0.7841107 0.0618108 0.0648464
8 0.4102204 0.7841107 0.0618108 0.0648464
10 0.4720312 0.7841107 0.0618108 0.0648464
27 0.5338419 0.7841107 0.0618108 0.0648464
9 0.5956527 0.7841107 0.0618108 0.0648464
29 0.4102204 0.8489571 0.0618108 0.0648465
18 0.5338419 0.8489571 0.0618108 0.0648465
