13 0.5779125 0.8571208 0.0647653 0.0644030
19 0.6426778 0.8571208 0.0647653 0.0644030
32 0.4502868 0.7177875 0.4571667 0.4322431
31 0.2540861 0.5351059 0.0647653 0.0644030
7 0.3188514 0.5351059 0.0647653 0.0644030
28 0.4483820 0.5351059 0.0647653 0.0644030
23 0.6426778 0.5351059 0.0647653 0.0644030
5 0.2540861 0.5988896 0.0647653 0.0631644
3 0.3188514 0.5988896 0.0647653 0.0631644
18 0.5779125 0.5988896 0.0647653 0.0631644
26 0.6426778 0.5988896 0.0647653 0.0631644
20 0.3188514 0.6639119 0.0647653 0.0644030
27 0.4483820 0.6639119 0.0647653 0.0644030
24 0.5131472 0.6639119 0.0647653 0.0644030
21 0.5779125 0.6639119 0.0647653 0.0644030
17 0.6426778 0.6639119 0.0647653 0.0644030
6 0.2540861 0.7283148 0.0647653 0.0644030
9 0.3188514 0.7283148 0.0647653 0.0644030
12 0.3836166 0.7283148 0.0647653 0.0644030
10 0.4483820 0.7283148 0.0647653 0.0644030
29 0.5131472 0.7283148 0.0647653 0.0644030
8 0.5779125 0.7283148 0.0647653 0.0644030
1 0.6426778 0.7283148 0.0647653 0.0644030
30 0.2540861 0.7927179 0.0647653 0.0644030
15 0.3188514 0.7927179 0.0647653 0.0644030
2 0.3836166 0.7927179 0.0647653 0.0644030
22 0.2540861 0.8571208 0.0647653 0.0644030
14 0.5131472 0.8571208 0.0647653 0.0644030
