1 0.6052559 0.8355510 0.0650046 0.0635499
31 0.6702605 0.8355510 0.0650046 0.0635499
32 0.5421632 0.6980634 0.4588557 0.4265175
27 0.4752468 0.5178016 0.0650046 0.0635499
21 0.5402513 0.5178016 0.0650045 0.0635499
5 0.7352650 0.5178016 0.0650045 0.0635499
29 0.3452377 0.5807404 0.0650046 0.0623278
14 0.4102422 0.5807404 0.0650045 0.0623278
6 0.4752468 0.5807404 0.0650046 0.0623278
7 0.5402513 0.5807404 0.0650045 0.0623278
24 0.6052559 0.5807404 0.0650046 0.0623278
17 0.6702605 0.5807404 0.0650046 0.0623278
22 0.7352650 0.5807404 0.0650045 0.0623278
20 0.3452377 0.6449014 0.0650046 0.0635499
15 0.4102422 0.6449014 0.0650045 0.0635499
10 0.4752468 0.6449014 0.0650046 0.0635499
11 0.5402513 0.6449014 0.0650045 0.0635499
13 0.6052559 0.6449014 0.0650046 0.0635499
8 0.6702605 0.6449014 0.0650046 0.0635499
9 0.5402513 0.7084512 0.0650045 0.0635499
16 0.7352650 0.7084512 0.0650045 0.0635499
18 0.4752468 0.7720012 0.0650046 0.0635499
12 0.5402513 0.7720012 0.0650045 0.0635499
2 0.6702605 0.7720012 0.0650046 0.0635499
26 0.7352650 0.7720012 0.0650045 0.0635499
4 0.3452377 0.8355510 0.0650046 0.0635499
19 0.4752468 0.8355510 0.0650046 0.0635499
30 0.5402513 0.8355510 0.0650045 0.0635499
