4 0.6067767 0.8578091 0.0643979 0.0636677
28 0.6711747 0.8578091 0.0643979 0.0636677
32 0.4798750 0.7200666 0.4545735 0.4273078
8 0.2847872 0.5394709 0.0643979 0.0636676
19 0.3491851 0.5394709 0.0643979 0.0636676
11 0.4135830 0.5394709 0.0643979 0.0636676
16 0.5423788 0.5394709 0.0643979 0.0636676
3 0.6067767 0.5394709 0.0643979 0.0636676
14 0.6711747 0.5394709 0.0643979 0.0636676
10 0.2847872 0.6025263 0.0643979 0.0624433
20 0.3491851 0.6025263 0.0643979 0.0624433
15 0.4135830 0.6025263 0.0643979 0.0624433
7 0.4779809 0.6025263 0.0643979 0.0624433
29 0.6711747 0.6025263 0.0643979 0.0624433
31 0.3491851 0.6668062 0.0643979 0.0636676
17 0.4135830 0.6668062 0.0643979 0.0636676
21 0.4779809 0.6668062 0.0643979 0.0636676
13 0.5423788 0.6668062 0.0643979 0.0636676
30 0.4779809 0.7304738 0.0643979 0.0636677
12 0.5423788 0.7304738 0.0643979 0.0636677
5 0.2847872 0.7941415 0.0643979 0.0636676
26 0.4135830 0.7941415 0.0643979 0.0636676
23 0.4779809 0.7941415 0.0643979 0.0636676
1 0.5423788 0.7941415 0.0643979 0.0636676
25 0.6067767 0.7941415 0.0643979 0.0636676
27 0.2847872 0.8578091 0.0643979 0.0636677
2 0.3491851 0.8578091 0.0643979 0.0636677
18 0.5423788 0.8578091 0.0643979 0.0636677
