18 0.5541833 0.8448047 0.0651591 0.0666287
4 0.6845015 0.8448047 0.0651591 0.0666287
32 0.4909406 0.7006561 0.4599467 0.4471811
5 0.2935468 0.5116611 0.0651591 0.0666287
28 0.4890241 0.5116611 0.0651591 0.0666287
24 0.6193423 0.5116611 0.0651591 0.0666287
12 0.2935468 0.5776492 0.0651591 0.0653474
7 0.3587059 0.5776492 0.0651591 0.0653474
8 0.4238651 0.5776492 0.0651591 0.0653474
21 0.4890241 0.5776492 0.0651591 0.0653474
10 0.5541833 0.5776492 0.0651591 0.0653474
31 0.6193423 0.5776492 0.0651591 0.0653474
11 0.6845015 0.5776492 0.0651591 0.0653474
15 0.2935468 0.6449185 0.0651591 0.0666287
25 0.5541833 0.6449185 0.0651591 0.0666287
3 0.6845015 0.6449185 0.0651591 0.0666287
29 0.2935468 0.7115472 0.0651591 0.0666287
27 0.3587059 0.7115472 0.0651591 0.0666287
26 0.4238651 0.7115472 0.0651591 0.0666287
19 0.5541833 0.7115472 0.0651591 0.0666287
6 0.6193423 0.7115472 0.0651591 0.0666287
13 0.6845015 0.7115472 0.0651591 0.0666287
22 0.3587059 0.7781760 0.0651591 0.0666287
14 0.4890241 0.7781760 0.0651591 0.0666287
17 0.6845015 0.7781760 0.0651591 0.0666287
2 0.2935468 0.8448047 0.0651591 0.0666287
30 0.4238651 0.8448047 0.0651591 0.0666287
1 0.4890241 0.8448047 0.0651591 0.0666287
