6 0.5016448 0.8637823 0.0615983 0.0653438
4 0.5632431 0.8637823 0.0615984 0.0653438
32 0.5034565 0.7224134 0.4348117 0.4385576
29 0.3784482 0.5370631 0.0615983 0.0653438
28 0.4400465 0.5370631 0.0615983 0.0653438
23 0.5016448 0.5370631 0.0615983 0.0653438
20 0.6864398 0.5370631 0.0615983 0.0653438
16 0.3168498 0.6017786 0.0615983 0.0640872
15 0.3784482 0.6017786 0.0615983 0.0640872
26 0.4400465 0.6017786 0.0615983 0.0640872
13 0.5632431 0.6017786 0.0615984 0.0640872
18 0.6864398 0.6017786 0.0615983 0.0640872
14 0.3784482 0.6677509 0.0615983 0.0653439
8 0.5016448 0.6677509 0.0615983 0.0653439
24 0.5632431 0.6677509 0.0615984 0.0653439
21 0.6248415 0.6677509 0.0615983 0.0653439
10 0.6864398 0.6677509 0.0615983 0.0653439
11 0.3784482 0.7330946 0.0615983 0.0653438
25 0.5016448 0.7330946 0.0615983 0.0653438
1 0.5632431 0.7330946 0.0615984 0.0653438
31 0.6864398 0.7330946 0.0615983 0.0653438
5 0.3168498 0.7984384 0.0615983 0.0653439
7 0.3784482 0.7984384 0.0615983 0.0653439
19 0.5016448 0.7984384 0.0615983 0.0653439
12 0.5632431 0.7984384 0.0615984 0.0653439
9 0.6248415 0.7984384 0.0615983 0.0653439
27 0.3168498 0.8637823 0.0615983 0.0653438
2 0.3784482 0.8637823 0.0615983 0.0653438
