13 0.4639972 0.8764384 0.0637615 0.0642892
22 0.5915202 0.8764384 0.0637615 0.0642892
32 0.4658725 0.7373512 0.4500812 0.4314791
29 0.2727127 0.5549926 0.0637615 0.0642892
12 0.5277586 0.5549926 0.0637615 0.0642892
30 0.6552817 0.5549926 0.0637615 0.0642892
21 0.2727127 0.6186636 0.0637615 0.0630528
17 0.3364742 0.6186636 0.0637615 0.0630528
16 0.4002357 0.6186636 0.0637615 0.0630528
7 0.5277586 0.6186636 0.0637615 0.0630528
9 0.5915202 0.6186636 0.0637615 0.0630528
14 0.2727127 0.6835709 0.0637615 0.0642892
11 0.3364742 0.6835709 0.0637615 0.0642892
26 0.4002357 0.6835709 0.0637615 0.0642892
5 0.4639972 0.6835709 0.0637615 0.0642892
4 0.5915202 0.6835709 0.0637615 0.0642892
15 0.2727127 0.7478601 0.0637615 0.0642892
23 0.3364742 0.7478601 0.0637615 0.0642892
18 0.4639972 0.7478601 0.0637615 0.0642892
2 0.5277586 0.7478601 0.0637615 0.0642892
24 0.5915202 0.7478601 0.0637615 0.0642892
8 0.2727127 0.8121492 0.0637615 0.0642892
27 0.4639972 0.8121492 0.0637615 0.0642892
1 0.5277586 0.8121492 0.0637615 0.0642892
19 0.5915202 0.8121492 0.0637615 0.0642892
20 0.6552817 0.8121492 0.0637615 0.0642892
28 0.2727127 0.8764384 0.0637615 0.0642892
3 0.3364742 0.8764384 0.0637615 0.0642892
