13 0.6257219 0.8573141 0.0643690 0.0645733
19 0.6900909 0.8573141 0.0643690 0.0645733
32 0.4988771 0.7176124 0.4543696 0.4333860
15 0.3038768 0.5344478 0.0643690 0.0645732
2 0.3682458 0.5344478 0.0643690 0.0645732
4 0.4326148 0.5344478 0.0643690 0.0645732
17 0.5613529 0.5344478 0.0643690 0.0645732
23 0.6900909 0.5344478 0.0643690 0.0645732
1 0.4326148 0.5984002 0.0643690 0.0633315
5 0.4969839 0.5984002 0.0643690 0.0633315
22 0.6257219 0.5984002 0.0643690 0.0633315
25 0.6900909 0.5984002 0.0643690 0.0633315
16 0.3682458 0.6635944 0.0643690 0.0645732
21 0.4326148 0.6635944 0.0643690 0.0645732
11 0.5613529 0.6635944 0.0643690 0.0645732
26 0.6257219 0.6635944 0.0643690 0.0645732
9 0.3682458 0.7281676 0.0643690 0.0645733
20 0.4326148 0.7281676 0.0643690 0.0645733
10 0.4969839 0.7281676 0.0643690 0.0645733
6 0.5613529 0.7281676 0.0643690 0.0645733
27 0.6257219 0.7281676 0.0643690 0.0645733
3 0.6900909 0.7281676 0.0643690 0.0645733
31 0.3682458 0.7927409 0.0643690 0.0645733
29 0.4969839 0.7927409 0.0643690 0.0645733
12 0.6900909 0.7927409 0.0643690 0.0645733
24 0.4326148 0.8573141 0.0643690 0.0645733
8 0.4969839 0.8573141 0.0643690 0.0645733
18 0.5613529 0.8573141 0.0643690 0.0645733
