5 0.5241480 0.8553043 0.0629902 0.0634173
21 0.5871381 0.8553043 0.0629902 0.0634173
32 0.4630105 0.7181032 0.4446363 0.4256280
30 0.2721874 0.5382175 0.0629902 0.0634174
19 0.3351776 0.5382175 0.0629901 0.0634174
15 0.3981677 0.5382175 0.0629902 0.0634174
7 0.5241480 0.5382175 0.0629902 0.0634174
2 0.5871381 0.5382175 0.0629902 0.0634174
6 0.6501283 0.5382175 0.0629902 0.0634174
20 0.2721874 0.6010250 0.0629902 0.0621978
13 0.4611578 0.6010250 0.0629902 0.0621978
29 0.5871381 0.6010250 0.0629902 0.0621978
14 0.2721874 0.6650522 0.0629902 0.0634174
16 0.3351776 0.6650522 0.0629901 0.0634174
9 0.3981677 0.6650522 0.0629902 0.0634174
17 0.5241480 0.6650522 0.0629902 0.0634174
8 0.5871381 0.6650522 0.0629902 0.0634174
25 0.3351776 0.7284695 0.0629901 0.0634174
24 0.3981677 0.7284695 0.0629902 0.0634174
3 0.4611578 0.7284695 0.0629902 0.0634174
23 0.5241480 0.7284695 0.0629902 0.0634174
22 0.5871381 0.7284695 0.0629902 0.0634174
27 0.6501283 0.7284695 0.0629902 0.0634174
18 0.2721874 0.7918869 0.0629902 0.0634174
4 0.3351776 0.7918869 0.0629901 0.0634174
26 0.6501283 0.7918869 0.0629902 0.0634174
10 0.2721874 0.8553043 0.0629902 0.0634173
12 0.3351776 0.8553043 0.0629901 0.0634173
