20 0.5220757 0.8626871 0.0620422 0.0618880
29 0.6461600 0.8626871 0.0620422 0.0618880
32 0.4618583 0.7287949 0.4379446 0.4153638
31 0.3359492 0.5532471 0.0620422 0.0618880
30 0.4600335 0.5532471 0.0620422 0.0618880
12 0.6461600 0.5532471 0.0620422 0.0618880
27 0.2739071 0.6145400 0.0620422 0.0606979
8 0.4600335 0.6145400 0.0620422 0.0606979
22 0.5220757 0.6145400 0.0620422 0.0606979
13 0.6461600 0.6145400 0.0620422 0.0606979
16 0.2739071 0.6770232 0.0620422 0.0618880
1 0.3359492 0.6770232 0.0620422 0.0618880
21 0.3979914 0.6770232 0.0620421 0.0618880
3 0.4600335 0.6770232 0.0620422 0.0618880
6 0.5841179 0.6770232 0.0620422 0.0618880
18 0.6461600 0.6770232 0.0620422 0.0618880
5 0.2739071 0.7389111 0.0620422 0.0618880
17 0.3359492 0.7389111 0.0620422 0.0618880
2 0.5841179 0.7389111 0.0620422 0.0618880
26 0.6461600 0.7389111 0.0620422 0.0618880
15 0.2739071 0.8007991 0.0620422 0.0618880
11 0.3359492 0.8007991 0.0620422 0.0618880
19 0.3979914 0.8007991 0.0620421 0.0618880
25 0.4600335 0.8007991 0.0620422 0.0618880
28 0.5220757 0.8007991 0.0620422 0.0618880
10 0.6461600 0.8007991 0.0620422 0.0618880
24 0.3359492 0.8626871 0.0620422 0.0618880
14 0.3979914 0.8626871 0.0620421 0.0618880
