11 0.6153358 0.8747070 0.0608190 0.0654774
29 0.6761548 0.8747070 0.0608189 0.0654774
32 0.4954866 0.7330493 0.4293106 0.4394540
26 0.3720598 0.5473202 0.0608190 0.0654774
16 0.4936978 0.5473202 0.0608190 0.0654774
21 0.5545168 0.5473202 0.0608190 0.0654774
20 0.6153358 0.5473202 0.0608190 0.0654774
18 0.6761548 0.5473202 0.0608189 0.0654774
1 0.3720598 0.6121680 0.0608190 0.0642182
7 0.5545168 0.6121680 0.0608190 0.0642182
22 0.6153358 0.6121680 0.0608190 0.0642182
30 0.6761548 0.6121680 0.0608189 0.0642182
24 0.3112408 0.6782750 0.0608190 0.0654774
31 0.4328788 0.6782750 0.0608190 0.0654774
17 0.5545168 0.6782750 0.0608190 0.0654774
5 0.6153358 0.6782750 0.0608190 0.0654774
28 0.6761548 0.6782750 0.0608189 0.0654774
12 0.3720598 0.7437523 0.0608190 0.0654774
6 0.4328788 0.7437523 0.0608190 0.0654774
4 0.6761548 0.7437523 0.0608189 0.0654774
13 0.3112408 0.8092297 0.0608190 0.0654774
15 0.3720598 0.8092297 0.0608190 0.0654774
10 0.4936978 0.8092297 0.0608190 0.0654774
23 0.6153358 0.8092297 0.0608190 0.0654774
25 0.6761548 0.8092297 0.0608189 0.0654774
14 0.3720598 0.8747070 0.0608190 0.0654774
9 0.4328788 0.8747070 0.0608190 0.0654774
3 0.4936978 0.8747070 0.0608190 0.0654774
