8 0.3389801 0.8592906 0.0630453 0.0639394
27 0.4650706 0.8592906 0.0630452 0.0639394
32 0.4669249 0.7209602 0.4450252 0.4291319
30 0.2759349 0.5395936 0.0630453 0.0639394
11 0.4020254 0.5395936 0.0630452 0.0639394
21 0.4650706 0.5395936 0.0630452 0.0639394
1 0.5911611 0.5395936 0.0630452 0.0639394
29 0.6542064 0.5395936 0.0630453 0.0639394
6 0.4020254 0.6029182 0.0630452 0.0627098
31 0.4650706 0.6029182 0.0630452 0.0627098
7 0.5281158 0.6029182 0.0630452 0.0627098
22 0.6542064 0.6029182 0.0630453 0.0627098
24 0.3389801 0.6674724 0.0630453 0.0639394
2 0.4020254 0.6674724 0.0630452 0.0639394
23 0.5281158 0.6674724 0.0630452 0.0639394
10 0.6542064 0.6674724 0.0630453 0.0639394
13 0.2759349 0.7314117 0.0630453 0.0639394
15 0.3389801 0.7314117 0.0630453 0.0639394
14 0.4020254 0.7314117 0.0630452 0.0639394
19 0.5911611 0.7314117 0.0630452 0.0639394
4 0.6542064 0.7314117 0.0630453 0.0639394
28 0.2759349 0.7953513 0.0630453 0.0639394
5 0.4020254 0.7953513 0.0630452 0.0639394
17 0.4650706 0.7953513 0.0630452 0.0639394
3 0.5281158 0.7953513 0.0630452 0.0639394
16 0.5911611 0.7953513 0.0630452 0.0639394
9 0.6542064 0.7953513 0.0630453 0.0639394
25 0.2759349 0.8592906 0.0630453 0.0639394
