5 0.6582103 0.8294206 0.0606365 0.0647858
21 0.7188467 0.8294206 0.0606365 0.0647858
32 0.5387207 0.6892587 0.4280223 0.4348130
18 0.4763008 0.5054911 0.0606365 0.0647859
15 0.5369373 0.5054911 0.0606365 0.0647859
16 0.6582103 0.5054911 0.0606365 0.0647859
27 0.3550278 0.5696541 0.0606365 0.0635400
26 0.4156643 0.5696541 0.0606365 0.0635400
11 0.4763008 0.5696541 0.0606365 0.0635400
24 0.5369373 0.5696541 0.0606365 0.0635400
19 0.5975738 0.5696541 0.0606365 0.0635400
31 0.7188467 0.5696541 0.0606365 0.0635400
14 0.4156643 0.6350629 0.0606365 0.0647859
12 0.4763008 0.6350629 0.0606365 0.0647859
17 0.5975738 0.6350629 0.0606365 0.0647859
23 0.6582103 0.6350629 0.0606365 0.0647859
13 0.3550278 0.6998488 0.0606365 0.0647859
4 0.4156643 0.6998488 0.0606365 0.0647859
2 0.4763008 0.6998488 0.0606365 0.0647859
1 0.6582103 0.6998488 0.0606365 0.0647859
7 0.7188467 0.6998488 0.0606365 0.0647859
28 0.4763008 0.7646347 0.0606365 0.0647859
22 0.5369373 0.7646347 0.0606365 0.0647859
29 0.5975738 0.7646347 0.0606365 0.0647859
30 0.4156643 0.8294206 0.0606365 0.0647858
25 0.4763008 0.8294206 0.0606365 0.0647858
8 0.5369373 0.8294206 0.0606365 0.0647858
3 0.5975738 0.8294206 0.0606365 0.0647858
