20 0.6216925 0.8654594 0.0619717 0.0672408
17 0.6836642 0.8654594 0.0619717 0.0672408
32 0.4995718 0.7199866 0.4374475 0.4512894
12 0.3118339 0.5292554 0.0619717 0.0672408
29 0.4357773 0.5292554 0.0619717 0.0672408
25 0.4977491 0.5292554 0.0619717 0.0672408
15 0.5597208 0.5292554 0.0619717 0.0672408
3 0.6216925 0.5292554 0.0619717 0.0672408
4 0.6836642 0.5292554 0.0619717 0.0672408
11 0.3118339 0.5958497 0.0619717 0.0659478
10 0.4357773 0.5958497 0.0619717 0.0659478
21 0.6216925 0.5958497 0.0619717 0.0659478
28 0.3118339 0.6637370 0.0619717 0.0672408
13 0.3738056 0.6637370 0.0619717 0.0672408
31 0.4357773 0.6637370 0.0619717 0.0672408
6 0.5597208 0.6637370 0.0619717 0.0672408
2 0.6216925 0.6637370 0.0619717 0.0672408
16 0.6836642 0.6637370 0.0619717 0.0672408
23 0.3118339 0.7309778 0.0619717 0.0672408
19 0.4357773 0.7309778 0.0619717 0.0672408
14 0.6216925 0.7309778 0.0619717 0.0672408
26 0.4357773 0.7982187 0.0619717 0.0672408
8 0.5597208 0.7982187 0.0619717 0.0672408
5 0.6216925 0.7982187 0.0619717 0.0672408
1 0.6836642 0.7982187 0.0619717 0.0672408
18 0.3738056 0.8654594 0.0619717 0.0672408
30 0.4977491 0.8654594 0.0619717 0.0672408
7 0.5597208 0.8654594 0.0619717 0.0672408
