28 0.5847810 0.8666788 0.0648475 0.0663434
16 0.6496284 0.8666788 0.0648475 0.0663434
32 0.4569932 0.7231474 0.4577472 0.4452663
12 0.2605434 0.5349618 0.0648475 0.0663434
5 0.3253909 0.5349618 0.0648475 0.0663434
7 0.3902384 0.5349618 0.0648475 0.0663434
18 0.4550859 0.5349618 0.0648475 0.0663434
3 0.5199334 0.5349618 0.0648475 0.0663434
26 0.5847810 0.5349618 0.0648475 0.0663434
17 0.6496284 0.5349618 0.0648475 0.0663434
11 0.3253909 0.6006673 0.0648475 0.0650676
6 0.3902384 0.6006673 0.0648475 0.0650676
20 0.4550859 0.6006673 0.0648475 0.0650676
10 0.5847810 0.6006673 0.0648475 0.0650676
15 0.6496284 0.6006673 0.0648475 0.0650676
31 0.3253909 0.6676485 0.0648475 0.0663434
27 0.5199334 0.6676485 0.0648475 0.0663434
24 0.5847810 0.6676485 0.0648475 0.0663434
4 0.6496284 0.6676485 0.0648475 0.0663434
14 0.4550859 0.7339920 0.0648475 0.0663435
30 0.5199334 0.7339920 0.0648475 0.0663435
21 0.5847810 0.7339920 0.0648475 0.0663435
1 0.3253909 0.8003354 0.0648475 0.0663434
23 0.3902384 0.8003354 0.0648475 0.0663434
13 0.4550859 0.8003354 0.0648475 0.0663434
8 0.5199334 0.8003354 0.0648475 0.0663434
9 0.2605434 0.8666788 0.0648475 0.0663434
22 0.3253909 0.8666788 0.0648475 0.0663434
