26 0.5747874 0.9074229 0.0667128 0.0635288
12 0.7082132 0.9074229 0.0667129 0.0635288
32 0.5100367 0.7699809 0.4709142 0.4263760
2 0.3079360 0.5897791 0.0667129 0.0635288
14 0.3746489 0.5897791 0.0667128 0.0635288
6 0.5080746 0.5897791 0.0667128 0.0635288
15 0.5747874 0.5897791 0.0667128 0.0635288
5 0.3079360 0.6526970 0.0667129 0.0623071
9 0.5080746 0.6526970 0.0667128 0.0623071
4 0.5747874 0.6526970 0.0667128 0.0623071
25 0.7082132 0.6526970 0.0667129 0.0623071
19 0.3079360 0.7168366 0.0667129 0.0635287
8 0.4413617 0.7168366 0.0667129 0.0635287
1 0.5747874 0.7168366 0.0667128 0.0635287
21 0.6415002 0.7168366 0.0667129 0.0635287
23 0.7082132 0.7168366 0.0667129 0.0635287
24 0.3746489 0.7803654 0.0667128 0.0635288
7 0.4413617 0.7803654 0.0667129 0.0635288
30 0.5080746 0.7803654 0.0667128 0.0635288
11 0.5747874 0.7803654 0.0667128 0.0635288
28 0.6415002 0.7803654 0.0667129 0.0635288
13 0.3079360 0.8438942 0.0667129 0.0635287
27 0.3746489 0.8438942 0.0667128 0.0635287
3 0.5080746 0.8438942 0.0667128 0.0635287
16 0.5747874 0.8438942 0.0667128 0.0635287
22 0.6415002 0.8438942 0.0667129 0.0635287
18 0.7082132 0.8438942 0.0667129 0.0635287
20 0.5080746 0.9074229 0.0667128 0.0635288
