26 0.5041021 0.8939394 0.0626662 0.0674517
29 0.6921007 0.8939394 0.0626662 0.0674517
32 0.5059452 0.7480103 0.4423497 0.4527043
6 0.3787697 0.5566811 0.0626662 0.0674516
31 0.5041021 0.5566811 0.0626662 0.0674516
25 0.5667683 0.5566811 0.0626662 0.0674516
30 0.6294345 0.5566811 0.0626662 0.0674516
8 0.6921007 0.5566811 0.0626662 0.0674516
20 0.3161035 0.6234842 0.0626662 0.0661546
18 0.3787697 0.6234842 0.0626662 0.0661546
9 0.5041021 0.6234842 0.0626662 0.0661546
23 0.5667683 0.6234842 0.0626662 0.0661546
17 0.3161035 0.6915844 0.0626662 0.0674516
24 0.3787697 0.6915844 0.0626662 0.0674516
13 0.5041021 0.6915844 0.0626662 0.0674516
21 0.5667683 0.6915844 0.0626662 0.0674516
11 0.6294345 0.6915844 0.0626662 0.0674516
12 0.6921007 0.6915844 0.0626662 0.0674516
7 0.5041021 0.7590360 0.0626662 0.0674516
4 0.6294345 0.7590360 0.0626662 0.0674516
10 0.6921007 0.7590360 0.0626662 0.0674516
5 0.3161035 0.8264877 0.0626662 0.0674516
3 0.3787697 0.8264877 0.0626662 0.0674516
1 0.5041021 0.8264877 0.0626662 0.0674516
22 0.6294345 0.8264877 0.0626662 0.0674516
27 0.6921007 0.8264877 0.0626662 0.0674516
15 0.3161035 0.8939394 0.0626662 0.0674517
16 0.3787697 0.8939394 0.0626662 0.0674517
