1 0.5163242 0.8176398 0.0651259 0.0636815
19 0.5814500 0.8176398 0.0651258 0.0636815
32 0.4531138 0.6798674 0.4597120 0.4274007
18 0.3209466 0.4992324 0.0651259 0.0636815
6 0.4511983 0.4992324 0.0651258 0.0636815
30 0.5163242 0.4992324 0.0651259 0.0636815
31 0.5814500 0.4992324 0.0651258 0.0636815
4 0.2558208 0.5623016 0.0651259 0.0624569
2 0.4511983 0.5623016 0.0651258 0.0624569
14 0.5163242 0.5623016 0.0651259 0.0624569
21 0.5814500 0.5623016 0.0651258 0.0624569
5 0.2558208 0.6265954 0.0651259 0.0636815
16 0.3209466 0.6265954 0.0651259 0.0636815
28 0.5163242 0.6265954 0.0651259 0.0636815
24 0.5814500 0.6265954 0.0651258 0.0636815
29 0.2558208 0.6902769 0.0651259 0.0636815
11 0.3209466 0.6902769 0.0651259 0.0636815
15 0.3860725 0.6902769 0.0651258 0.0636815
10 0.5163242 0.6902769 0.0651259 0.0636815
13 0.6465759 0.6902769 0.0651259 0.0636815
7 0.2558208 0.7539584 0.0651259 0.0636815
12 0.3860725 0.7539584 0.0651258 0.0636815
9 0.4511983 0.7539584 0.0651258 0.0636815
8 0.5163242 0.7539584 0.0651259 0.0636815
20 0.5814500 0.7539584 0.0651258 0.0636815
17 0.6465759 0.7539584 0.0651259 0.0636815
26 0.3860725 0.8176398 0.0651258 0.0636815
27 0.4511983 0.8176398 0.0651258 0.0636815
