16 0.5861255 0.8332256 0.0664738 0.0665111
11 0.6525993 0.8332256 0.0664738 0.0665111
32 0.4551331 0.6893314 0.4692265 0.4463916
20 0.2537567 0.5006703 0.0664738 0.0665111
6 0.3202305 0.5006703 0.0664738 0.0665111
4 0.3867043 0.5006703 0.0664738 0.0665111
12 0.4531780 0.5006703 0.0664738 0.0665111
8 0.5861255 0.5006703 0.0664738 0.0665111
26 0.6525993 0.5006703 0.0664738 0.0665111
25 0.2537567 0.5665418 0.0664738 0.0652320
2 0.3867043 0.5665418 0.0664738 0.0652320
7 0.4531780 0.5665418 0.0664738 0.0652320
9 0.3202305 0.6336924 0.0664738 0.0665111
21 0.3867043 0.6336924 0.0664738 0.0665111
24 0.5861255 0.6336924 0.0664738 0.0665111
17 0.6525993 0.6336924 0.0664738 0.0665111
10 0.2537567 0.7002035 0.0664738 0.0665111
31 0.3867043 0.7002035 0.0664738 0.0665111
5 0.4531780 0.7002035 0.0664738 0.0665111
15 0.5196518 0.7002035 0.0664737 0.0665111
23 0.5861255 0.7002035 0.0664738 0.0665111
29 0.6525993 0.7002035 0.0664738 0.0665111
3 0.2537567 0.7667145 0.0664738 0.0665110
28 0.3867043 0.7667145 0.0664738 0.0665110
14 0.5196518 0.7667145 0.0664737 0.0665110
13 0.2537567 0.8332256 0.0664738 0.0665111
30 0.3202305 0.8332256 0.0664738 0.0665111
1 0.3867043 0.8332256 0.0664738 0.0665111
