8 0.6103770 0.8347456 0.0637851 0.0642846
4 0.6741620 0.8347456 0.0637849 0.0642846
32 0.5484680 0.6956684 0.4502471 0.4314486
14 0.3552369 0.5133226 0.0637850 0.0642846
27 0.4828070 0.5133226 0.0637850 0.0642846
2 0.5465919 0.5133226 0.0637850 0.0642846
13 0.6103770 0.5133226 0.0637851 0.0642846
17 0.6741620 0.5133226 0.0637849 0.0642846
25 0.7379469 0.5133226 0.0637850 0.0642846
20 0.5465919 0.5769891 0.0637850 0.0630484
16 0.6741620 0.5769891 0.0637849 0.0630484
30 0.7379469 0.5769891 0.0637850 0.0630484
19 0.3552369 0.6418918 0.0637850 0.0642846
28 0.4828070 0.6418918 0.0637850 0.0642846
29 0.6741620 0.6418918 0.0637849 0.0642846
3 0.4190219 0.7061765 0.0637850 0.0642846
5 0.4828070 0.7061765 0.0637850 0.0642846
24 0.5465919 0.7061765 0.0637850 0.0642846
22 0.6103770 0.7061765 0.0637851 0.0642846
26 0.7379469 0.7061765 0.0637850 0.0642846
12 0.3552369 0.7704610 0.0637850 0.0642846
31 0.4190219 0.7704610 0.0637850 0.0642846
11 0.6103770 0.7704610 0.0637851 0.0642846
1 0.6741620 0.7704610 0.0637849 0.0642846
23 0.7379469 0.7704610 0.0637850 0.0642846
15 0.3552369 0.8347456 0.0637850 0.0642846
6 0.4190219 0.8347456 0.0637850 0.0642846
18 0.5465919 0.8347456 0.0637850 0.0642846
