30 0.6561926 0.8882307 0.0635061 0.0671450
10 0.7196986 0.8882307 0.0635061 0.0671450
32 0.5310481 0.7429651 0.4482785 0.4506462
29 0.5291803 0.5525057 0.0635061 0.0671450
11 0.5926865 0.5525057 0.0635061 0.0671450
24 0.6561926 0.5525057 0.0635061 0.0671450
28 0.7196986 0.5525057 0.0635061 0.0671450
6 0.4656742 0.6190051 0.0635062 0.0658538
19 0.6561926 0.6190051 0.0635061 0.0658538
14 0.7196986 0.6190051 0.0635061 0.0658538
17 0.4021680 0.6867957 0.0635061 0.0671450
12 0.4656742 0.6867957 0.0635062 0.0671450
2 0.5291803 0.6867957 0.0635061 0.0671450
18 0.5926865 0.6867957 0.0635061 0.0671450
16 0.6561926 0.6867957 0.0635061 0.0671450
1 0.3386619 0.7539407 0.0635061 0.0671450
21 0.4021680 0.7539407 0.0635061 0.0671450
27 0.5291803 0.7539407 0.0635061 0.0671450
4 0.5926865 0.7539407 0.0635061 0.0671450
7 0.6561926 0.7539407 0.0635061 0.0671450
23 0.3386619 0.8210857 0.0635061 0.0671450
9 0.4021680 0.8210857 0.0635061 0.0671450
22 0.5291803 0.8210857 0.0635061 0.0671450
5 0.6561926 0.8210857 0.0635061 0.0671450
8 0.7196986 0.8210857 0.0635061 0.0671450
15 0.3386619 0.8882307 0.0635061 0.0671450
25 0.4656742 0.8882307 0.0635062 0.0671450
26 0.5926865 0.8882307 0.0635061 0.0671450
