22 0.3914050 0.8693066 0.0642424 0.0652702
1 0.5841323 0.8693066 0.0642424 0.0652702
32 0.4575369 0.7280971 0.4534761 0.4380632
26 0.2629201 0.5429558 0.0642424 0.0652702
29 0.5198899 0.5429558 0.0642424 0.0652702
3 0.5841323 0.5429558 0.0642424 0.0652702
10 0.3914050 0.6075983 0.0642424 0.0640149
8 0.4556474 0.6075983 0.0642424 0.0640149
27 0.5198899 0.6075983 0.0642424 0.0640149
21 0.5841323 0.6075983 0.0642424 0.0640149
16 0.6483748 0.6075983 0.0642424 0.0640149
23 0.2629201 0.6734961 0.0642424 0.0652702
30 0.3271626 0.6734961 0.0642424 0.0652702
31 0.3914050 0.6734961 0.0642424 0.0652702
12 0.4556474 0.6734961 0.0642424 0.0652702
17 0.5841323 0.6734961 0.0642424 0.0652702
15 0.6483748 0.6734961 0.0642424 0.0652702
18 0.2629201 0.7387663 0.0642424 0.0652702
4 0.3914050 0.7387663 0.0642424 0.0652702
25 0.4556474 0.7387663 0.0642424 0.0652702
9 0.5198899 0.7387663 0.0642424 0.0652702
24 0.5841323 0.7387663 0.0642424 0.0652702
20 0.2629201 0.8040364 0.0642424 0.0652702
2 0.3271626 0.8040364 0.0642424 0.0652702
19 0.3914050 0.8040364 0.0642424 0.0652702
6 0.4556474 0.8040364 0.0642424 0.0652702
13 0.6483748 0.8040364 0.0642424 0.0652702
11 0.2629201 0.8693066 0.0642424 0.0652702
