19 0.6169307 0.8431544 0.0642265 0.0638924
22 0.6811572 0.8431544 0.0642265 0.0638924
32 0.4903667 0.7049258 0.4533637 0.4288163
9 0.4242511 0.5236925 0.0642265 0.0638924
3 0.4884776 0.5236925 0.0642265 0.0638924
6 0.5527042 0.5236925 0.0642265 0.0638924
17 0.6169307 0.5236925 0.0642265 0.0638924
1 0.4242511 0.5869705 0.0642265 0.0626637
24 0.4884776 0.5869705 0.0642265 0.0626637
14 0.5527042 0.5869705 0.0642265 0.0626637
23 0.6169307 0.5869705 0.0642265 0.0626637
5 0.3600246 0.6514773 0.0642265 0.0638924
2 0.4242511 0.6514773 0.0642265 0.0638924
4 0.4884776 0.6514773 0.0642265 0.0638924
26 0.5527042 0.6514773 0.0642265 0.0638924
30 0.6811572 0.6514773 0.0642265 0.0638924
25 0.2957981 0.7153697 0.0642265 0.0638924
13 0.5527042 0.7153697 0.0642265 0.0638924
8 0.6169307 0.7153697 0.0642265 0.0638924
31 0.2957981 0.7792621 0.0642265 0.0638924
7 0.4242511 0.7792621 0.0642265 0.0638924
12 0.4884776 0.7792621 0.0642265 0.0638924
11 0.5527042 0.7792621 0.0642265 0.0638924
28 0.2957981 0.8431544 0.0642265 0.0638924
15 0.3600246 0.8431544 0.0642265 0.0638924
10 0.4242511 0.8431544 0.0642265 0.0638924
21 0.4884776 0.8431544 0.0642265 0.0638924
18 0.5527042 0.8431544 0.0642265 0.0638924
