16 0.4572083 0.8373462 0.0625315 0.0649130
4 0.6448027 0.8373462 0.0625315 0.0649130
32 0.4590474 0.6969093 0.4413987 0.4356665
22 0.2696138 0.5127808 0.0625315 0.0649131
17 0.3946768 0.5127808 0.0625315 0.0649131
24 0.4572083 0.5127808 0.0625315 0.0649131
20 0.5197398 0.5127808 0.0625315 0.0649131
1 0.5822713 0.5127808 0.0625315 0.0649131
18 0.2696138 0.5770698 0.0625315 0.0636647
11 0.3946768 0.5770698 0.0625315 0.0636647
27 0.5822713 0.5770698 0.0625315 0.0636647
3 0.6448027 0.5770698 0.0625315 0.0636647
6 0.5197398 0.6426070 0.0625315 0.0649131
13 0.5822713 0.6426070 0.0625315 0.0649131
14 0.6448027 0.6426070 0.0625315 0.0649131
30 0.3321453 0.7075201 0.0625315 0.0649130
15 0.4572083 0.7075201 0.0625315 0.0649130
10 0.5197398 0.7075201 0.0625315 0.0649130
31 0.5822713 0.7075201 0.0625315 0.0649130
12 0.6448027 0.7075201 0.0625315 0.0649130
8 0.2696138 0.7724332 0.0625315 0.0649131
28 0.3321453 0.7724332 0.0625315 0.0649131
7 0.3946768 0.7724332 0.0625315 0.0649131
26 0.5197398 0.7724332 0.0625315 0.0649131
29 0.5822713 0.7724332 0.0625315 0.0649131
9 0.6448027 0.7724332 0.0625315 0.0649131
25 0.2696138 0.8373462 0.0625315 0.0649130
19 0.3321453 0.8373462 0.0625315 0.0649130
