19 0.6639201 0.8800153 0.0639048 0.0646622
18 0.7278248 0.8800153 0.0639047 0.0646622
32 0.5379901 0.7401211 0.4510923 0.4339829
20 0.4083010 0.5567043 0.0639048 0.0646622
14 0.4722058 0.5567043 0.0639047 0.0646622
11 0.5361105 0.5567043 0.0639048 0.0646622
3 0.6000153 0.5567043 0.0639048 0.0646622
8 0.5361105 0.6207447 0.0639048 0.0634187
31 0.6639201 0.6207447 0.0639048 0.0634187
22 0.7278248 0.6207447 0.0639047 0.0634187
1 0.3443963 0.6860287 0.0639047 0.0646622
27 0.4083010 0.6860287 0.0639048 0.0646622
28 0.6639201 0.6860287 0.0639048 0.0646622
30 0.7278248 0.6860287 0.0639047 0.0646622
21 0.4083010 0.7506909 0.0639048 0.0646622
2 0.4722058 0.7506909 0.0639047 0.0646622
29 0.6000153 0.7506909 0.0639048 0.0646622
12 0.6639201 0.7506909 0.0639048 0.0646622
26 0.7278248 0.7506909 0.0639047 0.0646622
10 0.4083010 0.8153531 0.0639048 0.0646622
4 0.4722058 0.8153531 0.0639047 0.0646622
5 0.5361105 0.8153531 0.0639048 0.0646622
24 0.6000153 0.8153531 0.0639048 0.0646622
15 0.7278248 0.8153531 0.0639047 0.0646622
13 0.3443963 0.8800153 0.0639047 0.0646622
7 0.4083010 0.8800153 0.0639048 0.0646622
9 0.4722058 0.8800153 0.0639047 0.0646622
6 0.5361105 0.8800153 0.0639048 0.0646622
