20 0.5368912 0.8244262 0.0611572 0.0626636
27 0.6592056 0.8244262 0.0611572 0.0626636
32 0.4775328 0.6888559 0.4316979 0.4205690
4 0.3534196 0.5111082 0.0611572 0.0626636
24 0.4145768 0.5111082 0.0611572 0.0626636
31 0.4757340 0.5111082 0.0611572 0.0626636
14 0.2922624 0.5731693 0.0611572 0.0614585
30 0.3534196 0.5731693 0.0611572 0.0614585
11 0.4145768 0.5731693 0.0611572 0.0614585
8 0.4757340 0.5731693 0.0611572 0.0614585
19 0.5368912 0.5731693 0.0611572 0.0614585
29 0.6592056 0.5731693 0.0611572 0.0614585
28 0.2922624 0.6364354 0.0611572 0.0626635
6 0.3534196 0.6364354 0.0611572 0.0626635
23 0.4145768 0.6364354 0.0611572 0.0626635
7 0.4757340 0.6364354 0.0611572 0.0626635
13 0.5368912 0.6364354 0.0611572 0.0626635
18 0.5980484 0.6364354 0.0611572 0.0626635
21 0.4757340 0.6990990 0.0611572 0.0626636
2 0.5368912 0.6990990 0.0611572 0.0626636
25 0.5980484 0.6990990 0.0611572 0.0626636
10 0.2922624 0.7617625 0.0611572 0.0626637
17 0.3534196 0.7617625 0.0611572 0.0626637
16 0.4145768 0.7617625 0.0611572 0.0626637
26 0.5368912 0.7617625 0.0611572 0.0626637
22 0.6592056 0.7617625 0.0611572 0.0626637
9 0.2922624 0.8244262 0.0611572 0.0626636
12 0.4757340 0.8244262 0.0611572 0.0626636
