2 0.6447438 0.9193267 0.0617263 0.0679349
6 0.7064702 0.9193267 0.0617264 0.0679349
32 0.5231066 0.7721893 0.4357155 0.4556215
9 0.3361120 0.5796524 0.0617264 0.0679349
10 0.3978384 0.5796524 0.0617263 0.0679349
16 0.7064702 0.5796524 0.0617264 0.0679349
20 0.5212911 0.6469341 0.0617263 0.0666285
12 0.5830175 0.6469341 0.0617264 0.0666285
30 0.7064702 0.6469341 0.0617264 0.0666285
25 0.3361120 0.7155221 0.0617264 0.0679349
22 0.3978384 0.7155221 0.0617263 0.0679349
13 0.5830175 0.7155221 0.0617264 0.0679349
24 0.6447438 0.7155221 0.0617263 0.0679349
26 0.7064702 0.7155221 0.0617264 0.0679349
11 0.3978384 0.7834570 0.0617263 0.0679349
5 0.5212911 0.7834570 0.0617263 0.0679349
28 0.5830175 0.7834570 0.0617264 0.0679349
21 0.6447438 0.7834570 0.0617263 0.0679349
29 0.7064702 0.7834570 0.0617264 0.0679349
27 0.3361120 0.8513918 0.0617264 0.0679349
3 0.3978384 0.8513918 0.0617263 0.0679349
1 0.5212911 0.8513918 0.0617263 0.0679349
18 0.5830175 0.8513918 0.0617264 0.0679349
31 0.6447438 0.8513918 0.0617263 0.0679349
4 0.3978384 0.9193267 0.0617263 0.0679349
19 0.4595647 0.9193267 0.0617264 0.0679349
14 0.5212911 0.9193267 0.0617263 0.0679349
8 0.5830175 0.9193267 0.0617264 0.0679349
