4 0.6441043 0.8362183 0.0606375 0.0628116
11 0.7047418 0.8362183 0.0606375 0.0628116
32 0.5246127 0.7003278 0.4280296 0.4215625
2 0.4621917 0.5221603 0.0606375 0.0628116
21 0.5228293 0.5221603 0.0606376 0.0628116
14 0.5834668 0.5221603 0.0606375 0.0628116
25 0.6441043 0.5221603 0.0606375 0.0628116
24 0.4015542 0.5843679 0.0606375 0.0616037
9 0.4621917 0.5843679 0.0606375 0.0616037
19 0.7047418 0.5843679 0.0606375 0.0616037
29 0.3409167 0.6477835 0.0606375 0.0628116
17 0.4015542 0.6477835 0.0606375 0.0628116
13 0.4621917 0.6477835 0.0606375 0.0628116
18 0.5228293 0.6477835 0.0606376 0.0628116
12 0.5834668 0.6477835 0.0606375 0.0628116
5 0.6441043 0.6477835 0.0606375 0.0628116
22 0.7047418 0.6477835 0.0606375 0.0628116
6 0.3409167 0.7105951 0.0606375 0.0628116
30 0.5228293 0.7105951 0.0606376 0.0628116
28 0.6441043 0.7105951 0.0606375 0.0628116
16 0.7047418 0.7105951 0.0606375 0.0628116
8 0.3409167 0.7734067 0.0606375 0.0628116
1 0.4621917 0.7734067 0.0606375 0.0628116
26 0.5228293 0.7734067 0.0606376 0.0628116
20 0.6441043 0.7734067 0.0606375 0.0628116
15 0.3409167 0.8362183 0.0606375 0.0628116
23 0.4015542 0.8362183 0.0606375 0.0628116
10 0.4621917 0.8362183 0.0606375 0.0628116
