27 0.5407372 0.9070404 0.0665784 0.0653440
18 0.6073156 0.9070404 0.0665784 0.0653440
32 0.4761169 0.7656712 0.4699655 0.4385588
26 0.3410019 0.5803203 0.0665784 0.0653440
21 0.4075803 0.5803203 0.0665784 0.0653440
9 0.4741588 0.5803203 0.0665784 0.0653440
19 0.5407372 0.5803203 0.0665784 0.0653440
29 0.2744234 0.6450360 0.0665784 0.0640874
24 0.3410019 0.6450360 0.0665784 0.0640874
17 0.4741588 0.6450360 0.0665784 0.0640874
3 0.5407372 0.6450360 0.0665784 0.0640874
14 0.6738940 0.6450360 0.0665784 0.0640874
30 0.4075803 0.7110083 0.0665784 0.0653440
15 0.4741588 0.7110083 0.0665784 0.0653440
16 0.6073156 0.7110083 0.0665784 0.0653440
6 0.6738940 0.7110083 0.0665784 0.0653440
11 0.2744234 0.7763524 0.0665784 0.0653440
22 0.3410019 0.7763524 0.0665784 0.0653440
31 0.4741588 0.7763524 0.0665784 0.0653440
1 0.6738940 0.7763524 0.0665784 0.0653440
20 0.2744234 0.8416963 0.0665784 0.0653440
12 0.3410019 0.8416963 0.0665784 0.0653440
8 0.4075803 0.8416963 0.0665784 0.0653440
5 0.5407372 0.8416963 0.0665784 0.0653440
7 0.6073156 0.8416963 0.0665784 0.0653440
23 0.2744234 0.9070404 0.0665784 0.0653440
10 0.4075803 0.9070404 0.0665784 0.0653440
25 0.4741588 0.9070404 0.0665784 0.0653440
