3 0.5509294 0.8950598 0.0660716 0.0663377
18 0.6170010 0.8950598 0.0660717 0.0663377
32 0.4868010 0.7515408 0.4663881 0.4452278
8 0.2866428 0.5633715 0.0660716 0.0663377
10 0.3527145 0.5633715 0.0660717 0.0663377
24 0.4187861 0.5633715 0.0660716 0.0663377
27 0.4848577 0.5633715 0.0660717 0.0663377
22 0.6830727 0.5633715 0.0660716 0.0663377
15 0.2866428 0.6290713 0.0660716 0.0650619
6 0.3527145 0.6290713 0.0660717 0.0650619
30 0.4187861 0.6290713 0.0660716 0.0650619
14 0.2866428 0.6960468 0.0660716 0.0663377
12 0.3527145 0.6960468 0.0660717 0.0663377
1 0.4187861 0.6960468 0.0660716 0.0663377
2 0.4848577 0.6960468 0.0660717 0.0663377
9 0.5509294 0.6960468 0.0660716 0.0663377
21 0.4187861 0.7623845 0.0660716 0.0663377
28 0.4848577 0.7623845 0.0660717 0.0663377
19 0.5509294 0.7623845 0.0660716 0.0663377
4 0.6170010 0.7623845 0.0660717 0.0663377
7 0.2866428 0.8287221 0.0660716 0.0663377
25 0.3527145 0.8287221 0.0660717 0.0663377
31 0.4187861 0.8287221 0.0660716 0.0663377
29 0.4848577 0.8287221 0.0660717 0.0663377
5 0.5509294 0.8287221 0.0660716 0.0663377
26 0.2866428 0.8950598 0.0660716 0.0663377
20 0.4187861 0.8950598 0.0660716 0.0663377
13 0.4848577 0.8950598 0.0660717 0.0663377
