3 0.5794167 0.8311021 0.0606945 0.0663316
14 0.7008055 0.8311021 0.0606944 0.0663316
32 0.5205073 0.6875961 0.4284315 0.4451875
22 0.3366388 0.4994438 0.0606944 0.0663317
28 0.5187222 0.4994438 0.0606945 0.0663317
29 0.6401111 0.4994438 0.0606944 0.0663317
26 0.7008055 0.4994438 0.0606944 0.0663317
21 0.3366388 0.5651376 0.0606944 0.0650560
12 0.3973333 0.5651376 0.0606945 0.0650560
27 0.4580277 0.5651376 0.0606944 0.0650560
1 0.5794167 0.5651376 0.0606945 0.0650560
20 0.6401111 0.5651376 0.0606944 0.0650560
7 0.7008055 0.5651376 0.0606944 0.0650560
15 0.4580277 0.6321071 0.0606944 0.0663316
23 0.7008055 0.6321071 0.0606944 0.0663316
16 0.3366388 0.6984387 0.0606944 0.0663316
31 0.3973333 0.6984387 0.0606945 0.0663316
10 0.6401111 0.6984387 0.0606944 0.0663316
25 0.3366388 0.7647704 0.0606944 0.0663317
4 0.3973333 0.7647704 0.0606945 0.0663317
11 0.4580277 0.7647704 0.0606944 0.0663317
19 0.5187222 0.7647704 0.0606945 0.0663317
6 0.5794167 0.7647704 0.0606945 0.0663317
17 0.7008055 0.7647704 0.0606944 0.0663317
18 0.3366388 0.8311021 0.0606944 0.0663316
5 0.3973333 0.8311021 0.0606945 0.0663316
8 0.4580277 0.8311021 0.0606944 0.0663316
2 0.5187222 0.8311021 0.0606945 0.0663316
