12 0.5903844 0.8748064 0.0663677 0.0674789
10 0.6567521 0.8748064 0.0663677 0.0674789
32 0.5259687 0.7288183 0.4684780 0.4528877
31 0.3249135 0.5374116 0.0663677 0.0674790
25 0.4576489 0.5374116 0.0663677 0.0674790
23 0.5903844 0.5374116 0.0663677 0.0674790
6 0.6567521 0.5374116 0.0663677 0.0674790
11 0.7231198 0.5374116 0.0663677 0.0674790
15 0.3249135 0.6042417 0.0663677 0.0661813
16 0.3912812 0.6042417 0.0663677 0.0661813
9 0.4576489 0.6042417 0.0663677 0.0661813
4 0.5240166 0.6042417 0.0663677 0.0661813
19 0.5903844 0.6042417 0.0663677 0.0661813
29 0.6567521 0.6042417 0.0663677 0.0661813
28 0.7231198 0.6042417 0.0663677 0.0661813
14 0.4576489 0.6723695 0.0663677 0.0674790
27 0.5903844 0.6723695 0.0663677 0.0674790
18 0.7231198 0.6723695 0.0663677 0.0674790
5 0.5903844 0.7398485 0.0663677 0.0674789
26 0.3249135 0.8073274 0.0663677 0.0674790
3 0.3912812 0.8073274 0.0663677 0.0674790
13 0.4576489 0.8073274 0.0663677 0.0674790
20 0.5240166 0.8073274 0.0663677 0.0674790
22 0.5903844 0.8073274 0.0663677 0.0674790
1 0.6567521 0.8073274 0.0663677 0.0674790
8 0.7231198 0.8073274 0.0663677 0.0674790
17 0.3249135 0.8748064 0.0663677 0.0674789
24 0.4576489 0.8748064 0.0663677 0.0674789
