7 0.6759821 0.8526552 0.0648875 0.0633451
21 0.7408696 0.8526552 0.0648875 0.0633451
32 0.5481154 0.7156105 0.4580297 0.4251429
15 0.3515443 0.5359298 0.0648875 0.0633451
23 0.4813194 0.5359298 0.0648876 0.0633451
10 0.5462070 0.5359298 0.0648875 0.0633451
28 0.6110945 0.5359298 0.0648875 0.0633451
5 0.6759821 0.5359298 0.0648875 0.0633451
16 0.3515443 0.5986658 0.0648875 0.0621269
13 0.4813194 0.5986658 0.0648876 0.0621269
29 0.6110945 0.5986658 0.0648875 0.0621269
24 0.7408696 0.5986658 0.0648875 0.0621269
2 0.4164318 0.6626199 0.0648875 0.0633451
26 0.4813194 0.6626199 0.0648876 0.0633451
11 0.6110945 0.6626199 0.0648875 0.0633451
4 0.6759821 0.6626199 0.0648875 0.0633451
27 0.7408696 0.6626199 0.0648875 0.0633451
18 0.4813194 0.7259650 0.0648876 0.0633451
30 0.3515443 0.7893101 0.0648875 0.0633450
14 0.4164318 0.7893101 0.0648875 0.0633450
19 0.4813194 0.7893101 0.0648876 0.0633450
17 0.6759821 0.7893101 0.0648875 0.0633450
6 0.7408696 0.7893101 0.0648875 0.0633450
9 0.3515443 0.8526552 0.0648875 0.0633451
12 0.4164318 0.8526552 0.0648875 0.0633451
8 0.4813194 0.8526552 0.0648876 0.0633451
1 0.5462070 0.8526552 0.0648875 0.0633451
20 0.6110945 0.8526552 0.0648875 0.0633451
