23 0.6508641 0.9117159 0.0641457 0.0643843
10 0.7150099 0.9117159 0.0641457 0.0643843
32 0.5244593 0.7724230 0.4527934 0.4321177
20 0.3301355 0.5897945 0.0641457 0.0643843
29 0.3942812 0.5897945 0.0641457 0.0643843
14 0.4584269 0.5897945 0.0641457 0.0643843
26 0.6508641 0.5897945 0.0641457 0.0643843
17 0.3301355 0.6535597 0.0641457 0.0631461
5 0.3942812 0.6535597 0.0641457 0.0631461
19 0.4584269 0.6535597 0.0641457 0.0631461
28 0.5225727 0.6535597 0.0641457 0.0631461
9 0.6508641 0.6535597 0.0641457 0.0631461
16 0.3942812 0.7185631 0.0641457 0.0643842
21 0.4584269 0.7185631 0.0641457 0.0643842
11 0.5225727 0.7185631 0.0641457 0.0643842
3 0.6508641 0.7185631 0.0641457 0.0643842
1 0.7150099 0.7185631 0.0641457 0.0643842
18 0.3942812 0.7829473 0.0641457 0.0643843
22 0.4584269 0.7829473 0.0641457 0.0643843
2 0.5867184 0.7829473 0.0641457 0.0643843
15 0.6508641 0.7829473 0.0641457 0.0643843
4 0.3942812 0.8473316 0.0641457 0.0643843
8 0.5225727 0.8473316 0.0641457 0.0643843
31 0.5867184 0.8473316 0.0641457 0.0643843
12 0.3942812 0.9117159 0.0641457 0.0643843
27 0.4584269 0.9117159 0.0641457 0.0643843
30 0.5225727 0.9117159 0.0641457 0.0643843
25 0.5867184 0.9117159 0.0641457 0.0643843
