28 0.5245814 0.9077477 0.0624749 0.0667984
31 0.5870563 0.9077477 0.0624749 0.0667984
32 0.4639440 0.7632317 0.4409993 0.4483204
30 0.3371567 0.5737553 0.0624749 0.0667984
20 0.4621065 0.5737553 0.0624749 0.0667984
9 0.5870563 0.5737553 0.0624749 0.0667984
14 0.2746818 0.6399115 0.0624749 0.0655139
24 0.3996316 0.6399115 0.0624749 0.0655139
12 0.4621065 0.6399115 0.0624749 0.0655139
19 0.6495313 0.6399115 0.0624749 0.0655139
10 0.2746818 0.7073523 0.0624749 0.0667985
17 0.3371567 0.7073523 0.0624749 0.0667985
11 0.4621065 0.7073523 0.0624749 0.0667985
4 0.5245814 0.7073523 0.0624749 0.0667985
25 0.5870563 0.7073523 0.0624749 0.0667985
26 0.6495313 0.7073523 0.0624749 0.0667985
13 0.2746818 0.7741507 0.0624749 0.0667985
27 0.3996316 0.7741507 0.0624749 0.0667985
5 0.4621065 0.7741507 0.0624749 0.0667985
21 0.5245814 0.7741507 0.0624749 0.0667985
23 0.2746818 0.8409492 0.0624749 0.0667985
2 0.3371567 0.8409492 0.0624749 0.0667985
18 0.3996316 0.8409492 0.0624749 0.0667985
15 0.4621065 0.8409492 0.0624749 0.0667985
7 0.5245814 0.8409492 0.0624749 0.0667985
6 0.5870563 0.8409492 0.0624749 0.0667985
3 0.2746818 0.9077477 0.0624749 0.0667984
29 0.3996316 0.9077477 0.0624749 0.0667984
