31 0.6412213 0.8340048 0.0668416 0.0678284
16 0.7080629 0.8340048 0.0668416 0.0678284
32 0.5095040 0.6872606 0.4718232 0.4552332
9 0.3738548 0.4948626 0.0668416 0.0678284
7 0.5075381 0.4948626 0.0668416 0.0678284
27 0.5743797 0.4948626 0.0668416 0.0678284
11 0.6412213 0.4948626 0.0668416 0.0678284
17 0.3070132 0.5620388 0.0668416 0.0665240
21 0.5743797 0.5620388 0.0668416 0.0665240
24 0.6412213 0.5620388 0.0668416 0.0665240
14 0.3738548 0.6305195 0.0668416 0.0678284
2 0.4406964 0.6305195 0.0668416 0.0678284
26 0.5743797 0.6305195 0.0668416 0.0678284
19 0.6412213 0.6305195 0.0668416 0.0678284
4 0.3070132 0.6983479 0.0668416 0.0678284
28 0.3738548 0.6983479 0.0668416 0.0678284
18 0.6412213 0.6983479 0.0668416 0.0678284
23 0.3070132 0.7661763 0.0668416 0.0678284
22 0.4406964 0.7661763 0.0668416 0.0678284
29 0.5075381 0.7661763 0.0668416 0.0678284
10 0.5743797 0.7661763 0.0668416 0.0678284
20 0.6412213 0.7661763 0.0668416 0.0678284
8 0.7080629 0.7661763 0.0668416 0.0678284
30 0.3070132 0.8340048 0.0668416 0.0678284
25 0.3738548 0.8340048 0.0668416 0.0678284
13 0.4406964 0.8340048 0.0668416 0.0678284
5 0.5075381 0.8340048 0.0668416 0.0678284
1 0.5743797 0.8340048 0.0668416 0.0678284
