31 0.5754433 0.8780733 0.0629837 0.0659247
22 0.6384271 0.8780733 0.0629837 0.0659247
32 0.5143121 0.7354478 0.4445912 0.4424561
19 0.3235084 0.5484499 0.0629837 0.0659247
12 0.5754433 0.5484499 0.0629837 0.0659247
14 0.6384271 0.5484499 0.0629837 0.0659247
16 0.3235084 0.6137407 0.0629837 0.0646569
11 0.3864921 0.6137407 0.0629838 0.0646569
23 0.4494759 0.6137407 0.0629837 0.0646569
20 0.5124596 0.6137407 0.0629837 0.0646569
25 0.5754433 0.6137407 0.0629837 0.0646569
29 0.6384271 0.6137407 0.0629837 0.0646569
1 0.7014108 0.6137407 0.0629838 0.0646569
17 0.3235084 0.6802992 0.0629837 0.0659247
24 0.3864921 0.6802992 0.0629838 0.0659247
8 0.6384271 0.6802992 0.0629837 0.0659247
13 0.3235084 0.7462239 0.0629837 0.0659248
5 0.3864921 0.7462239 0.0629838 0.0659248
26 0.4494759 0.7462239 0.0629837 0.0659248
7 0.5124596 0.7462239 0.0629837 0.0659248
6 0.6384271 0.7462239 0.0629837 0.0659248
15 0.7014108 0.7462239 0.0629838 0.0659248
4 0.5124596 0.8121487 0.0629837 0.0659247
27 0.7014108 0.8121487 0.0629838 0.0659247
2 0.3864921 0.8780733 0.0629838 0.0659247
9 0.4494759 0.8780733 0.0629837 0.0659247
3 0.5124596 0.8780733 0.0629837 0.0659247
