9 0.4641005 0.9049352 0.0627257 0.0671932
20 0.6522777 0.9049352 0.0627257 0.0671932
32 0.4659454 0.7595651 0.4427697 0.4509700
30 0.2759234 0.5689690 0.0627257 0.0671932
16 0.3386491 0.5689690 0.0627257 0.0671932
29 0.4013748 0.5689690 0.0627257 0.0671932
4 0.4641005 0.5689690 0.0627257 0.0671932
28 0.5268262 0.5689690 0.0627257 0.0671932
11 0.5895519 0.5689690 0.0627257 0.0671932
1 0.2759234 0.6355161 0.0627257 0.0659011
7 0.3386491 0.6355161 0.0627257 0.0659011
25 0.4013748 0.6355161 0.0627257 0.0659011
5 0.4641005 0.6355161 0.0627257 0.0659011
26 0.5268262 0.6355161 0.0627257 0.0659011
8 0.2759234 0.7033554 0.0627257 0.0671932
14 0.4641005 0.7033554 0.0627257 0.0671932
22 0.5268262 0.7033554 0.0627257 0.0671932
21 0.5895519 0.7033554 0.0627257 0.0671932
27 0.2759234 0.7705487 0.0627257 0.0671932
10 0.3386491 0.7705487 0.0627257 0.0671932
19 0.4641005 0.7705487 0.0627257 0.0671932
23 0.5895519 0.7705487 0.0627257 0.0671932
3 0.3386491 0.8377419 0.0627257 0.0671932
24 0.4013748 0.8377419 0.0627257 0.0671932
31 0.4641005 0.8377419 0.0627257 0.0671932
6 0.5895519 0.8377419 0.0627257 0.0671932
18 0.3386491 0.9049352 0.0627257 0.0671932
