26 0.5423146 0.8501125 0.0633912 0.0678972
30 0.6057058 0.8501125 0.0633912 0.0678972
32 0.4807880 0.7032195 0.4474669 0.4556948
17 0.2887501 0.5106264 0.0633911 0.0678972
28 0.4155324 0.5106264 0.0633912 0.0678972
31 0.4789235 0.5106264 0.0633911 0.0678972
19 0.5423146 0.5106264 0.0633912 0.0678972
5 0.6690969 0.5106264 0.0633911 0.0678972
12 0.3521412 0.5778708 0.0633912 0.0665915
18 0.4155324 0.5778708 0.0633912 0.0665915
14 0.6057058 0.5778708 0.0633912 0.0665915
13 0.6690969 0.5778708 0.0633911 0.0665915
8 0.2887501 0.6464209 0.0633911 0.0678972
23 0.3521412 0.6464209 0.0633912 0.0678972
3 0.4155324 0.6464209 0.0633912 0.0678972
24 0.4789235 0.6464209 0.0633911 0.0678972
25 0.5423146 0.6464209 0.0633912 0.0678972
10 0.6690969 0.6464209 0.0633911 0.0678972
29 0.4789235 0.7143181 0.0633911 0.0678973
22 0.5423146 0.7143181 0.0633912 0.0678973
2 0.6690969 0.7143181 0.0633911 0.0678973
16 0.2887501 0.7822153 0.0633911 0.0678972
27 0.4155324 0.7822153 0.0633912 0.0678972
21 0.4789235 0.7822153 0.0633911 0.0678972
4 0.6690969 0.7822153 0.0633911 0.0678972
9 0.3521412 0.8501125 0.0633912 0.0678972
15 0.4789235 0.8501125 0.0633911 0.0678972
