31 0.5815565 0.9039898 0.0649826 0.0647696
3 0.7115217 0.9039898 0.0649826 0.0647696
32 0.5184852 0.7638633 0.4587007 0.4347036
10 0.3866087 0.5801419 0.0649826 0.0647696
9 0.4515913 0.5801419 0.0649826 0.0647696
4 0.5165739 0.5801419 0.0649826 0.0647696
21 0.5815565 0.5801419 0.0649826 0.0647696
29 0.6465391 0.5801419 0.0649826 0.0647696
17 0.7115217 0.5801419 0.0649826 0.0647696
30 0.3216261 0.6442886 0.0649826 0.0635240
12 0.3866087 0.6442886 0.0649826 0.0635240
24 0.4515913 0.6442886 0.0649826 0.0635240
20 0.7115217 0.6442886 0.0649826 0.0635240
22 0.3866087 0.7096810 0.0649826 0.0647696
5 0.4515913 0.7096810 0.0649826 0.0647696
2 0.5815565 0.7096810 0.0649826 0.0647696
6 0.6465391 0.7096810 0.0649826 0.0647696
14 0.7115217 0.7096810 0.0649826 0.0647696
8 0.3216261 0.7744506 0.0649826 0.0647696
23 0.3866087 0.7744506 0.0649826 0.0647696
7 0.5165739 0.7744506 0.0649826 0.0647696
19 0.5815565 0.7744506 0.0649826 0.0647696
18 0.7115217 0.7744506 0.0649826 0.0647696
28 0.5815565 0.8392202 0.0649826 0.0647696
16 0.6465391 0.8392202 0.0649826 0.0647696
25 0.7115217 0.8392202 0.0649826 0.0647696
26 0.3866087 0.9039898 0.0649826 0.0647696
