15 0.5412378 0.9114421 0.0616315 0.0654318
29 0.6028693 0.9114421 0.0616315 0.0654318
32 0.4814189 0.7698830 0.4350462 0.4391480
4 0.2947116 0.5842831 0.0616316 0.0654318
3 0.4179747 0.5842831 0.0616315 0.0654318
14 0.4796062 0.5842831 0.0616315 0.0654318
19 0.6028693 0.5842831 0.0616315 0.0654318
22 0.6645009 0.5842831 0.0616315 0.0654318
6 0.2947116 0.6490858 0.0616316 0.0641735
5 0.3563432 0.6490858 0.0616315 0.0641735
25 0.4179747 0.6490858 0.0616315 0.0641735
30 0.5412378 0.6490858 0.0616315 0.0641735
27 0.6028693 0.6490858 0.0616315 0.0641735
21 0.6645009 0.6490858 0.0616315 0.0641735
10 0.4179747 0.7151467 0.0616315 0.0654318
1 0.5412378 0.7151467 0.0616315 0.0654318
7 0.6645009 0.7151467 0.0616315 0.0654318
8 0.4796062 0.7805785 0.0616315 0.0654318
31 0.6645009 0.7805785 0.0616315 0.0654318
11 0.2947116 0.8460103 0.0616316 0.0654317
20 0.4179747 0.8460103 0.0616315 0.0654317
17 0.5412378 0.8460103 0.0616315 0.0654317
16 0.6028693 0.8460103 0.0616315 0.0654317
26 0.6645009 0.8460103 0.0616315 0.0654317
9 0.2947116 0.9114421 0.0616316 0.0654318
18 0.3563432 0.9114421 0.0616315 0.0654318
2 0.4179747 0.9114421 0.0616315 0.0654318
