4 0.5334935 0.8592280 0.0605836 0.0675934
25 0.6546608 0.8592280 0.0605836 0.0675934
32 0.5352754 0.7129922 0.4276493 0.4536559
12 0.3517426 0.5212609 0.0605836 0.0675934
20 0.5334935 0.5212609 0.0605836 0.0675934
8 0.7152444 0.5212609 0.0605836 0.0675934
17 0.4123262 0.5882044 0.0605836 0.0662936
30 0.4729099 0.5882044 0.0605836 0.0662936
24 0.5334935 0.5882044 0.0605836 0.0662936
5 0.7152444 0.5882044 0.0605836 0.0662936
18 0.3517426 0.6564478 0.0605836 0.0675934
10 0.4123262 0.6564478 0.0605836 0.0675934
29 0.4729099 0.6564478 0.0605836 0.0675934
6 0.5334935 0.6564478 0.0605836 0.0675934
28 0.5940772 0.6564478 0.0605836 0.0675934
26 0.6546608 0.6564478 0.0605836 0.0675934
21 0.7152444 0.6564478 0.0605836 0.0675934
11 0.3517426 0.7240411 0.0605836 0.0675934
9 0.4729099 0.7240411 0.0605836 0.0675934
3 0.5940772 0.7240411 0.0605836 0.0675934
14 0.7152444 0.7240411 0.0605836 0.0675934
27 0.3517426 0.7916345 0.0605836 0.0675935
13 0.4123262 0.7916345 0.0605836 0.0675935
2 0.4729099 0.7916345 0.0605836 0.0675935
23 0.5940772 0.7916345 0.0605836 0.0675935
1 0.6546608 0.7916345 0.0605836 0.0675935
31 0.7152444 0.7916345 0.0605836 0.0675935
