9 0.3904414 0.8674360 0.0666128 0.0624597
30 0.5902798 0.8674360 0.0666128 0.0624597
32 0.4590134 0.7323067 0.4702081 0.4192012
24 0.5236670 0.5551371 0.0666128 0.0624598
20 0.5902798 0.5551371 0.0666128 0.0624598
16 0.2572157 0.6169963 0.0666128 0.0612586
31 0.3238286 0.6169963 0.0666128 0.0612586
8 0.3904414 0.6169963 0.0666128 0.0612586
1 0.4570542 0.6169963 0.0666128 0.0612586
29 0.5902798 0.6169963 0.0666128 0.0612586
23 0.6568926 0.6169963 0.0666128 0.0612586
21 0.2572157 0.6800567 0.0666128 0.0624597
25 0.3238286 0.6800567 0.0666128 0.0624597
3 0.4570542 0.6800567 0.0666128 0.0624597
5 0.5236670 0.6800567 0.0666128 0.0624597
11 0.5902798 0.6800567 0.0666128 0.0624597
28 0.3238286 0.7425165 0.0666128 0.0624598
26 0.3904414 0.7425165 0.0666128 0.0624598
27 0.4570542 0.7425165 0.0666128 0.0624598
12 0.5236670 0.7425165 0.0666128 0.0624598
15 0.5902798 0.7425165 0.0666128 0.0624598
18 0.6568926 0.7425165 0.0666128 0.0624598
2 0.3904414 0.8049762 0.0666128 0.0624598
6 0.5236670 0.8049762 0.0666128 0.0624598
10 0.5902798 0.8049762 0.0666128 0.0624598
13 0.6568926 0.8049762 0.0666128 0.0624598
14 0.2572157 0.8674360 0.0666128 0.0624597
