29 0.5455627 0.8821903 0.0606611 0.0635431
14 0.6062239 0.8821903 0.0606611 0.0635431
32 0.5473470 0.7447173 0.4281961 0.4264721
25 0.3635794 0.5644748 0.0606611 0.0635431
22 0.4849017 0.5644748 0.0606611 0.0635431
30 0.7275461 0.5644748 0.0606611 0.0635431
28 0.3635794 0.6274068 0.0606611 0.0623211
17 0.4242406 0.6274068 0.0606611 0.0623211
26 0.4849017 0.6274068 0.0606611 0.0623211
16 0.6062239 0.6274068 0.0606611 0.0623211
6 0.6668850 0.6274068 0.0606611 0.0623211
27 0.7275461 0.6274068 0.0606611 0.0623211
19 0.4242406 0.6915610 0.0606611 0.0635431
20 0.4849017 0.6915610 0.0606611 0.0635431
11 0.5455627 0.6915610 0.0606611 0.0635431
5 0.7275461 0.6915610 0.0606611 0.0635431
2 0.3635794 0.7551041 0.0606611 0.0635431
31 0.5455627 0.7551041 0.0606611 0.0635431
9 0.6062239 0.7551041 0.0606611 0.0635431
4 0.6668850 0.7551041 0.0606611 0.0635431
13 0.4242406 0.8186472 0.0606611 0.0635432
8 0.4849017 0.8186472 0.0606611 0.0635432
18 0.5455627 0.8186472 0.0606611 0.0635432
12 0.6062239 0.8186472 0.0606611 0.0635432
3 0.6668850 0.8186472 0.0606611 0.0635432
1 0.7275461 0.8186472 0.0606611 0.0635432
21 0.3635794 0.8821903 0.0606611 0.0635431
