22 0.4860228 0.8398366 0.0610270 0.0622529
23 0.5470498 0.8398366 0.0610270 0.0622529
32 0.4878177 0.7051547 0.4307786 0.4178128
3 0.3639688 0.5285719 0.0610270 0.0622529
15 0.4249958 0.5285719 0.0610270 0.0622529
24 0.4860228 0.5285719 0.0610270 0.0622529
25 0.5470498 0.5285719 0.0610270 0.0622529
29 0.6691037 0.5285719 0.0610270 0.0622529
7 0.3029419 0.5902263 0.0610270 0.0610557
26 0.3639688 0.5902263 0.0610270 0.0610557
9 0.4249958 0.5902263 0.0610270 0.0610557
19 0.6080767 0.5902263 0.0610270 0.0610557
16 0.3639688 0.6530778 0.0610270 0.0622529
31 0.4249958 0.6530778 0.0610270 0.0622529
30 0.4860228 0.6530778 0.0610270 0.0622529
18 0.3029419 0.7153307 0.0610270 0.0622529
4 0.4249958 0.7153307 0.0610270 0.0622529
8 0.5470498 0.7153307 0.0610270 0.0622529
14 0.6691037 0.7153307 0.0610270 0.0622529
17 0.3029419 0.7775836 0.0610270 0.0622530
5 0.3639688 0.7775836 0.0610270 0.0622530
12 0.5470498 0.7775836 0.0610270 0.0622530
10 0.6080767 0.7775836 0.0610270 0.0622530
6 0.6691037 0.7775836 0.0610270 0.0622530
28 0.3029419 0.8398366 0.0610270 0.0622529
1 0.3639688 0.8398366 0.0610270 0.0622529
27 0.4249958 0.8398366 0.0610270 0.0622529
