7 0.6777113 0.8565868 0.0652483 0.0650789
29 0.7429595 0.8565868 0.0652483 0.0650789
32 0.5491338 0.7157911 0.4605759 0.4367795
8 0.3514700 0.5311923 0.0652483 0.0650789
3 0.4167183 0.5311923 0.0652483 0.0650789
20 0.4819666 0.5311923 0.0652482 0.0650789
21 0.5472148 0.5311923 0.0652483 0.0650789
6 0.6124630 0.5311923 0.0652482 0.0650789
27 0.6777113 0.5311923 0.0652483 0.0650789
11 0.3514700 0.5956454 0.0652483 0.0638274
22 0.6124630 0.5956454 0.0652482 0.0638274
30 0.6777113 0.5956454 0.0652483 0.0638274
10 0.3514700 0.6613501 0.0652483 0.0650789
12 0.4819666 0.6613501 0.0652482 0.0650789
26 0.3514700 0.7264290 0.0652483 0.0650789
17 0.4167183 0.7264290 0.0652483 0.0650789
18 0.4819666 0.7264290 0.0652482 0.0650789
4 0.5472148 0.7264290 0.0652483 0.0650789
1 0.3514700 0.7915079 0.0652483 0.0650789
24 0.4167183 0.7915079 0.0652483 0.0650789
19 0.5472148 0.7915079 0.0652483 0.0650789
14 0.6124630 0.7915079 0.0652482 0.0650789
15 0.6777113 0.7915079 0.0652483 0.0650789
9 0.3514700 0.8565868 0.0652483 0.0650789
13 0.4167183 0.8565868 0.0652483 0.0650789
23 0.4819666 0.8565868 0.0652482 0.0650789
16 0.6124630 0.8565868 0.0652482 0.0650789
