25 0.5952974 0.8842944 0.0642491 0.0620144
8 0.6595466 0.8842944 0.0642492 0.0620144
32 0.5329380 0.7501287 0.4535231 0.4162117
3 0.3383010 0.5742226 0.0642491 0.0620144
26 0.4025501 0.5742226 0.0642491 0.0620144
10 0.4667992 0.5742226 0.0642491 0.0620144
4 0.6595466 0.5742226 0.0642492 0.0620144
22 0.3383010 0.6356407 0.0642491 0.0608217
19 0.4025501 0.6356407 0.0642491 0.0608217
7 0.4667992 0.6356407 0.0642491 0.0608217
31 0.5310483 0.6356407 0.0642491 0.0608217
20 0.6595466 0.6356407 0.0642492 0.0608217
2 0.3383010 0.6982513 0.0642491 0.0620143
28 0.4667992 0.6982513 0.0642491 0.0620143
24 0.5310483 0.6982513 0.0642491 0.0620143
17 0.6595466 0.6982513 0.0642492 0.0620143
11 0.4025501 0.7602657 0.0642491 0.0620144
5 0.4667992 0.7602657 0.0642491 0.0620144
15 0.5310483 0.7602657 0.0642491 0.0620144
13 0.5952974 0.7602657 0.0642491 0.0620144
30 0.6595466 0.7602657 0.0642492 0.0620144
14 0.7237956 0.7602657 0.0642490 0.0620144
9 0.4667992 0.8222800 0.0642491 0.0620143
23 0.6595466 0.8222800 0.0642492 0.0620143
16 0.7237956 0.8222800 0.0642490 0.0620143
1 0.4667992 0.8842944 0.0642491 0.0620144
12 0.5310483 0.8842944 0.0642491 0.0620144
