13 0.5982189 0.8889119 0.0616320 0.0661497
12 0.6598509 0.8889119 0.0616320 0.0661497
32 0.5383996 0.7457997 0.4350492 0.4439658
30 0.4133230 0.5581638 0.0616320 0.0661496
26 0.4749550 0.5581638 0.0616320 0.0661496
29 0.5365869 0.5581638 0.0616320 0.0661496
4 0.7214828 0.5581638 0.0616319 0.0661496
3 0.3516910 0.6236773 0.0616320 0.0648775
2 0.4133230 0.6236773 0.0616320 0.0648775
28 0.5365869 0.6236773 0.0616320 0.0648775
22 0.6598509 0.6236773 0.0616320 0.0648775
7 0.7214828 0.6236773 0.0616319 0.0648775
27 0.3516910 0.6904630 0.0616320 0.0661496
23 0.4133230 0.6904630 0.0616320 0.0661496
18 0.5365869 0.6904630 0.0616320 0.0661496
21 0.5982189 0.6904630 0.0616320 0.0661496
11 0.6598509 0.6904630 0.0616320 0.0661496
16 0.3516910 0.7566127 0.0616320 0.0661497
31 0.5365869 0.7566127 0.0616320 0.0661497
17 0.6598509 0.7566127 0.0616320 0.0661497
19 0.7214828 0.7566127 0.0616319 0.0661497
6 0.3516910 0.8227623 0.0616320 0.0661496
24 0.4133230 0.8227623 0.0616320 0.0661496
25 0.4749550 0.8227623 0.0616320 0.0661496
8 0.6598509 0.8227623 0.0616320 0.0661496
15 0.3516910 0.8889119 0.0616320 0.0661497
5 0.4749550 0.8889119 0.0616320 0.0661497
