1 0.4611153 0.8657702 0.0614665 0.0675040
29 0.5840482 0.8657702 0.0614665 0.0675040
32 0.4629231 0.7197279 0.4338811 0.4530554
6 0.2767158 0.5282504 0.0614665 0.0675040
28 0.4611153 0.5282504 0.0614665 0.0675040
3 0.5225818 0.5282504 0.0614665 0.0675040
22 0.5840482 0.5282504 0.0614665 0.0675040
25 0.6455147 0.5282504 0.0614664 0.0675040
17 0.3381823 0.5951053 0.0614665 0.0662058
18 0.5840482 0.5951053 0.0614665 0.0662058
11 0.6455147 0.5951053 0.0614664 0.0662058
9 0.2767158 0.6632583 0.0614665 0.0675039
20 0.3996488 0.6632583 0.0614665 0.0675039
12 0.4611153 0.6632583 0.0614665 0.0675039
13 0.5840482 0.6632583 0.0614665 0.0675039
10 0.6455147 0.6632583 0.0614664 0.0675039
24 0.2767158 0.7307623 0.0614665 0.0675040
2 0.3996488 0.7307623 0.0614665 0.0675040
5 0.4611153 0.7307623 0.0614665 0.0675040
4 0.5225818 0.7307623 0.0614665 0.0675040
14 0.5840482 0.7307623 0.0614665 0.0675040
16 0.6455147 0.7307623 0.0614664 0.0675040
21 0.2767158 0.7982662 0.0614665 0.0675040
26 0.5840482 0.7982662 0.0614665 0.0675040
15 0.2767158 0.8657702 0.0614665 0.0675040
27 0.3381823 0.8657702 0.0614665 0.0675040
19 0.3996488 0.8657702 0.0614665 0.0675040
