9 0.6449642 0.8375757 0.0622751 0.0658178
3 0.7072393 0.8375757 0.0622751 0.0658178
32 0.5222456 0.6951816 0.4395889 0.4417384
30 0.3335888 0.5084869 0.0622751 0.0658178
21 0.3958638 0.5084869 0.0622751 0.0658178
6 0.5204140 0.5084869 0.0622751 0.0658178
31 0.5826891 0.5084869 0.0622751 0.0658178
24 0.6449642 0.5084869 0.0622751 0.0658178
11 0.3958638 0.5736719 0.0622751 0.0645520
5 0.5826891 0.5736719 0.0622751 0.0645520
4 0.3335888 0.6401225 0.0622751 0.0658177
25 0.4581389 0.6401225 0.0622751 0.0658177
19 0.6449642 0.6401225 0.0622751 0.0658177
2 0.7072393 0.6401225 0.0622751 0.0658177
7 0.3335888 0.7059402 0.0622751 0.0658178
28 0.3958638 0.7059402 0.0622751 0.0658178
20 0.4581389 0.7059402 0.0622751 0.0658178
29 0.5826891 0.7059402 0.0622751 0.0658178
23 0.6449642 0.7059402 0.0622751 0.0658178
14 0.7072393 0.7059402 0.0622751 0.0658178
17 0.3335888 0.7717580 0.0622751 0.0658177
10 0.4581389 0.7717580 0.0622751 0.0658177
15 0.5204140 0.7717580 0.0622751 0.0658177
16 0.5826891 0.7717580 0.0622751 0.0658177
1 0.6449642 0.7717580 0.0622751 0.0658177
26 0.3335888 0.8375757 0.0622751 0.0658178
13 0.5204140 0.8375757 0.0622751 0.0658178
