7 0.5927348 0.8793100 0.0617062 0.0673347
10 0.6544409 0.8793100 0.0617062 0.0673347
32 0.5328435 0.7336340 0.4355731 0.4519193
6 0.3459100 0.5426366 0.0617062 0.0673347
1 0.4076162 0.5426366 0.0617062 0.0673347
12 0.4693224 0.5426366 0.0617062 0.0673347
13 0.5310286 0.5426366 0.0617062 0.0673347
8 0.5927348 0.5426366 0.0617062 0.0673347
20 0.6544409 0.5426366 0.0617062 0.0673347
17 0.4076162 0.6093239 0.0617062 0.0660398
15 0.4693224 0.6093239 0.0617062 0.0660398
25 0.5310286 0.6093239 0.0617062 0.0660398
27 0.5927348 0.6093239 0.0617062 0.0660398
28 0.7161472 0.6093239 0.0617062 0.0660398
18 0.4693224 0.6773061 0.0617062 0.0673347
11 0.5927348 0.6773061 0.0617062 0.0673347
29 0.3459100 0.7446407 0.0617062 0.0673347
22 0.4693224 0.7446407 0.0617062 0.0673347
5 0.5927348 0.7446407 0.0617062 0.0673347
4 0.3459100 0.8119754 0.0617062 0.0673347
3 0.5310286 0.8119754 0.0617062 0.0673347
30 0.5927348 0.8119754 0.0617062 0.0673347
24 0.6544409 0.8119754 0.0617062 0.0673347
2 0.3459100 0.8793100 0.0617062 0.0673347
21 0.4076162 0.8793100 0.0617062 0.0673347
9 0.4693224 0.8793100 0.0617062 0.0673347
26 0.5310286 0.8793100 0.0617062 0.0673347
