30 0.6018551 0.8421625 0.0643954 0.0682160
14 0.6662505 0.8421625 0.0643954 0.0682160
32 0.4749583 0.6945798 0.4545558 0.4578343
12 0.3442735 0.5010825 0.0643954 0.0682160
4 0.4086688 0.5010825 0.0643954 0.0682160
29 0.4730643 0.5010825 0.0643954 0.0682160
24 0.6662505 0.5010825 0.0643954 0.0682160
23 0.4086688 0.5686426 0.0643954 0.0669042
6 0.4730643 0.5686426 0.0643954 0.0669042
16 0.5374597 0.5686426 0.0643954 0.0669042
28 0.6018551 0.5686426 0.0643954 0.0669042
10 0.2798780 0.6375145 0.0643954 0.0682160
8 0.3442735 0.6375145 0.0643954 0.0682160
11 0.4730643 0.6375145 0.0643954 0.0682160
31 0.6018551 0.6375145 0.0643954 0.0682160
18 0.6662505 0.6375145 0.0643954 0.0682160
15 0.3442735 0.7057304 0.0643954 0.0682160
22 0.4086688 0.7057304 0.0643954 0.0682160
5 0.4730643 0.7057304 0.0643954 0.0682160
21 0.5374597 0.7057304 0.0643954 0.0682160
9 0.6662505 0.7057304 0.0643954 0.0682160
3 0.2798780 0.7739465 0.0643954 0.0682160
13 0.4730643 0.7739465 0.0643954 0.0682160
27 0.5374597 0.7739465 0.0643954 0.0682160
19 0.4086688 0.8421625 0.0643954 0.0682160
26 0.4730643 0.8421625 0.0643954 0.0682160
17 0.5374597 0.8421625 0.0643954 0.0682160
