23 0.3956557 0.9147216 0.0659229 0.0669391
1 0.6593474 0.9147216 0.0659229 0.0669391
32 0.4635176 0.7699013 0.4653382 0.4492648
9 0.2638099 0.5800258 0.0659229 0.0669392
10 0.3297329 0.5800258 0.0659229 0.0669392
13 0.5934245 0.5800258 0.0659229 0.0669392
19 0.6593474 0.5800258 0.0659229 0.0669392
31 0.3297329 0.6463213 0.0659229 0.0656519
11 0.5934245 0.6463213 0.0659229 0.0656519
14 0.6593474 0.6463213 0.0659229 0.0656519
26 0.3297329 0.7139041 0.0659229 0.0669392
24 0.4615787 0.7139041 0.0659229 0.0669392
29 0.5934245 0.7139041 0.0659229 0.0669392
21 0.6593474 0.7139041 0.0659229 0.0669392
4 0.2638099 0.7808434 0.0659229 0.0669392
12 0.3956557 0.7808434 0.0659229 0.0669392
2 0.5934245 0.7808434 0.0659229 0.0669392
17 0.6593474 0.7808434 0.0659229 0.0669392
30 0.2638099 0.8477824 0.0659229 0.0669392
27 0.3297329 0.8477824 0.0659229 0.0669392
20 0.3956557 0.8477824 0.0659229 0.0669392
3 0.4615787 0.8477824 0.0659229 0.0669392
28 0.5275016 0.8477824 0.0659229 0.0669392
25 0.5934245 0.8477824 0.0659229 0.0669392
5 0.6593474 0.8477824 0.0659229 0.0669392
8 0.2638099 0.9147216 0.0659229 0.0669391
22 0.3297329 0.9147216 0.0659229 0.0669391
