7 0.4715401 0.9028571 0.0653402 0.0679434
11 0.6022205 0.9028571 0.0653402 0.0679434
32 0.4734618 0.7558643 0.4612249 0.4560047
21 0.2755195 0.5631402 0.0653402 0.0679434
22 0.3408597 0.5631402 0.0653402 0.0679434
10 0.4061999 0.5631402 0.0653402 0.0679434
6 0.4715401 0.5631402 0.0653402 0.0679434
27 0.5368803 0.5631402 0.0653402 0.0679434
16 0.6022205 0.5631402 0.0653402 0.0679434
1 0.2755195 0.6304302 0.0653402 0.0666368
9 0.3408597 0.6304302 0.0653402 0.0666368
5 0.5368803 0.6304302 0.0653402 0.0666368
23 0.6022205 0.6304302 0.0653402 0.0666368
14 0.6675607 0.6304302 0.0653402 0.0666368
4 0.2755195 0.6990269 0.0653402 0.0679434
13 0.3408597 0.6990269 0.0653402 0.0679434
2 0.4715401 0.6990269 0.0653402 0.0679434
19 0.5368803 0.6990269 0.0653402 0.0679434
31 0.6022205 0.6990269 0.0653402 0.0679434
24 0.6675607 0.6990269 0.0653402 0.0679434
25 0.2755195 0.7669704 0.0653402 0.0679434
3 0.4061999 0.7669704 0.0653402 0.0679434
26 0.4715401 0.7669704 0.0653402 0.0679434
18 0.6022205 0.7669704 0.0653402 0.0679434
20 0.6675607 0.7669704 0.0653402 0.0679434
8 0.4715401 0.8349138 0.0653402 0.0679433
17 0.2755195 0.9028571 0.0653402 0.0679434
