15 0.5764875 0.9018719 0.0610490 0.0660931
21 0.6375365 0.9018719 0.0610490 0.0660931
32 0.5172340 0.7588819 0.4309340 0.4435867
9 0.3322916 0.5714062 0.0610490 0.0660932
26 0.3933405 0.5714062 0.0610490 0.0660932
16 0.5764875 0.5714062 0.0610490 0.0660932
19 0.6375365 0.5714062 0.0610490 0.0660932
13 0.6985855 0.5714062 0.0610490 0.0660932
6 0.3933405 0.6368639 0.0610490 0.0648221
31 0.4543895 0.6368639 0.0610490 0.0648221
28 0.5154385 0.6368639 0.0610490 0.0648221
10 0.6375365 0.6368639 0.0610490 0.0648221
30 0.3933405 0.7035925 0.0610490 0.0660932
23 0.4543895 0.7035925 0.0610490 0.0660932
12 0.5154385 0.7035925 0.0610490 0.0660932
11 0.6375365 0.7035925 0.0610490 0.0660932
4 0.4543895 0.7696857 0.0610490 0.0660931
14 0.5154385 0.7696857 0.0610490 0.0660931
1 0.5764875 0.7696857 0.0610490 0.0660931
2 0.6375365 0.7696857 0.0610490 0.0660931
24 0.6985855 0.7696857 0.0610490 0.0660931
20 0.4543895 0.8357788 0.0610490 0.0660931
27 0.5764875 0.8357788 0.0610490 0.0660931
29 0.6375365 0.8357788 0.0610490 0.0660931
22 0.3322916 0.9018719 0.0610490 0.0660931
25 0.3933405 0.9018719 0.0610490 0.0660931
5 0.4543895 0.9018719 0.0610490 0.0660931
