10 0.6077178 0.8678592 0.0611072 0.0617554
28 0.7299322 0.8678592 0.0611072 0.0617554
32 0.5484079 0.7342536 0.4313448 0.4144740
9 0.4243962 0.5590820 0.0611072 0.0617554
24 0.4855034 0.5590820 0.0611072 0.0617554
29 0.5466106 0.5590820 0.0611072 0.0617554
19 0.3632891 0.6202436 0.0611072 0.0605678
15 0.5466106 0.6202436 0.0611072 0.0605678
3 0.6077178 0.6202436 0.0611072 0.0605678
12 0.6688250 0.6202436 0.0611072 0.0605678
21 0.4855034 0.6825928 0.0611072 0.0617554
7 0.5466106 0.6825928 0.0611072 0.0617554
31 0.6077178 0.6825928 0.0611072 0.0617554
1 0.6688250 0.6825928 0.0611072 0.0617554
26 0.3632891 0.7443483 0.0611072 0.0617554
4 0.4243962 0.7443483 0.0611072 0.0617554
30 0.5466106 0.7443483 0.0611072 0.0617554
22 0.6077178 0.7443483 0.0611072 0.0617554
18 0.6688250 0.7443483 0.0611072 0.0617554
20 0.7299322 0.7443483 0.0611072 0.0617554
13 0.4243962 0.8061037 0.0611072 0.0617554
23 0.4855034 0.8061037 0.0611072 0.0617554
16 0.5466106 0.8061037 0.0611072 0.0617554
17 0.6077178 0.8061037 0.0611072 0.0617554
6 0.7299322 0.8061037 0.0611072 0.0617554
25 0.3632891 0.8678592 0.0611072 0.0617554
11 0.4243962 0.8678592 0.0611072 0.0617554
