16 0.5856178 0.8350110 0.0635019 0.0651456
12 0.6491198 0.8350110 0.0635019 0.0651456
32 0.4604817 0.6940710 0.4482489 0.4372270
25 0.2681082 0.5092831 0.0635019 0.0651456
30 0.3316101 0.5092831 0.0635019 0.0651456
29 0.3951121 0.5092831 0.0635019 0.0651456
18 0.4586140 0.5092831 0.0635019 0.0651456
21 0.5856178 0.5092831 0.0635019 0.0651456
14 0.6491198 0.5092831 0.0635019 0.0651456
15 0.2681082 0.5738023 0.0635019 0.0638928
13 0.3951121 0.5738023 0.0635019 0.0638928
2 0.4586140 0.5738023 0.0635019 0.0638928
11 0.2681082 0.6395743 0.0635019 0.0651456
6 0.5221159 0.6395743 0.0635019 0.0651456
1 0.6491198 0.6395743 0.0635019 0.0651456
31 0.2681082 0.7047198 0.0635019 0.0651456
8 0.5221159 0.7047198 0.0635019 0.0651456
5 0.5856178 0.7047198 0.0635019 0.0651456
7 0.6491198 0.7047198 0.0635019 0.0651456
26 0.2681082 0.7698654 0.0635019 0.0651456
10 0.3316101 0.7698654 0.0635019 0.0651456
19 0.3951121 0.7698654 0.0635019 0.0651456
3 0.4586140 0.7698654 0.0635019 0.0651456
24 0.5221159 0.7698654 0.0635019 0.0651456
17 0.5856178 0.7698654 0.0635019 0.0651456
4 0.6491198 0.7698654 0.0635019 0.0651456
23 0.3316101 0.8350110 0.0635019 0.0651456
