8 0.5787086 0.8547725 0.0611095 0.0680023
5 0.6398180 0.8547725 0.0611095 0.0680023
32 0.5193964 0.7076521 0.4313610 0.4564000
3 0.3342706 0.5147610 0.0611095 0.0680023
17 0.4564896 0.5147610 0.0611095 0.0680023
22 0.5175991 0.5147610 0.0611095 0.0680023
15 0.5787086 0.5147610 0.0611095 0.0680023
13 0.6398180 0.5147610 0.0611095 0.0680023
27 0.7009275 0.5147610 0.0611095 0.0680023
2 0.4564896 0.5821095 0.0611095 0.0666945
28 0.5175991 0.5821095 0.0611095 0.0666945
29 0.6398180 0.5821095 0.0611095 0.0666945
16 0.7009275 0.5821095 0.0611095 0.0666945
10 0.3953801 0.6507656 0.0611095 0.0680023
9 0.4564896 0.6507656 0.0611095 0.0680023
21 0.5787086 0.6507656 0.0611095 0.0680023
19 0.7009275 0.6507656 0.0611095 0.0680023
4 0.3953801 0.7187679 0.0611095 0.0680023
1 0.4564896 0.7187679 0.0611095 0.0680023
31 0.5175991 0.7187679 0.0611095 0.0680023
30 0.5787086 0.7187679 0.0611095 0.0680023
18 0.6398180 0.7187679 0.0611095 0.0680023
11 0.7009275 0.7187679 0.0611095 0.0680023
26 0.5787086 0.7867702 0.0611095 0.0680022
20 0.7009275 0.7867702 0.0611095 0.0680022
24 0.3342706 0.8547725 0.0611095 0.0680023
12 0.4564896 0.8547725 0.0611095 0.0680023
