19 0.4468706 0.9042381 0.0633794 0.0630405
11 0.5102499 0.9042381 0.0633794 0.0630405
32 0.5121140 0.7678524 0.4473839 0.4230988
27 0.3834912 0.5890356 0.0633794 0.0630405
1 0.4468706 0.5890356 0.0633794 0.0630405
7 0.5736293 0.5890356 0.0633794 0.0630405
17 0.6370087 0.5890356 0.0633794 0.0630405
28 0.7003880 0.5890356 0.0633794 0.0630405
23 0.3201118 0.6514699 0.0633794 0.0618282
4 0.3834912 0.6514699 0.0633794 0.0618282
29 0.5102499 0.6514699 0.0633794 0.0618282
22 0.6370087 0.6514699 0.0633794 0.0618282
14 0.7003880 0.6514699 0.0633794 0.0618282
20 0.3834912 0.7151166 0.0633794 0.0630405
15 0.4468706 0.7151166 0.0633794 0.0630405
21 0.5102499 0.7151166 0.0633794 0.0630405
10 0.3201118 0.7781570 0.0633794 0.0630405
2 0.3834912 0.7781570 0.0633794 0.0630405
5 0.4468706 0.7781570 0.0633794 0.0630405
25 0.5102499 0.7781570 0.0633794 0.0630405
24 0.6370087 0.7781570 0.0633794 0.0630405
18 0.7003880 0.7781570 0.0633794 0.0630405
12 0.3834912 0.8411977 0.0633794 0.0630405
16 0.4468706 0.8411977 0.0633794 0.0630405
13 0.5102499 0.8411977 0.0633794 0.0630405
6 0.6370087 0.8411977 0.0633794 0.0630405
31 0.7003880 0.8411977 0.0633794 0.0630405
