11 0.5175374 0.9011011 0.0614782 0.0637249
18 0.6404939 0.9011011 0.0614783 0.0637249
32 0.5193456 0.7632348 0.4339641 0.4276918
25 0.3331026 0.5824768 0.0614783 0.0637249
3 0.3945808 0.5824768 0.0614782 0.0637249
22 0.5790156 0.5824768 0.0614782 0.0637249
20 0.3331026 0.6455889 0.0614783 0.0624994
23 0.3945808 0.6455889 0.0614782 0.0624994
17 0.5790156 0.6455889 0.0614782 0.0624994
31 0.7019721 0.6455889 0.0614783 0.0624994
14 0.3331026 0.7099265 0.0614783 0.0637248
29 0.3945808 0.7099265 0.0614782 0.0637248
6 0.4560591 0.7099265 0.0614783 0.0637248
12 0.5790156 0.7099265 0.0614782 0.0637248
5 0.3331026 0.7736514 0.0614783 0.0637248
9 0.3945808 0.7736514 0.0614782 0.0637248
7 0.5175374 0.7736514 0.0614782 0.0637248
27 0.5790156 0.7736514 0.0614782 0.0637248
2 0.6404939 0.7736514 0.0614783 0.0637248
10 0.7019721 0.7736514 0.0614783 0.0637248
24 0.3331026 0.8373762 0.0614783 0.0637248
16 0.3945808 0.8373762 0.0614782 0.0637248
21 0.4560591 0.8373762 0.0614783 0.0637248
1 0.5175374 0.8373762 0.0614782 0.0637248
30 0.7019721 0.8373762 0.0614783 0.0637248
19 0.3945808 0.9011011 0.0614782 0.0637249
8 0.4560591 0.9011011 0.0614783 0.0637249
