4 0.4519501 0.8417019 0.0644387 0.0633257
22 0.5808276 0.8417019 0.0644387 0.0633257
32 0.5182841 0.7046992 0.4548616 0.4250128
2 0.3875114 0.5250735 0.0644387 0.0633257
13 0.4519501 0.5250735 0.0644387 0.0633257
12 0.5163889 0.5250735 0.0644387 0.0633257
20 0.5808276 0.5250735 0.0644387 0.0633257
29 0.3230727 0.5877902 0.0644387 0.0621079
30 0.3875114 0.5877902 0.0644387 0.0621079
3 0.5163889 0.5877902 0.0644387 0.0621079
19 0.6452663 0.5877902 0.0644387 0.0621079
1 0.7097050 0.5877902 0.0644387 0.0621079
11 0.3230727 0.6517249 0.0644387 0.0633257
24 0.3875114 0.6517249 0.0644387 0.0633257
7 0.5163889 0.6517249 0.0644387 0.0633257
8 0.5808276 0.6517249 0.0644387 0.0633257
9 0.7097050 0.6517249 0.0644387 0.0633257
21 0.3230727 0.7150505 0.0644387 0.0633257
14 0.3875114 0.7150505 0.0644387 0.0633257
25 0.5163889 0.7150505 0.0644387 0.0633257
17 0.5808276 0.7150505 0.0644387 0.0633257
31 0.3230727 0.7783762 0.0644387 0.0633257
6 0.3875114 0.7783762 0.0644387 0.0633257
10 0.4519501 0.7783762 0.0644387 0.0633257
15 0.5163889 0.7783762 0.0644387 0.0633257
5 0.7097050 0.7783762 0.0644387 0.0633257
16 0.3230727 0.8417019 0.0644387 0.0633257
