27 0.5320244 0.8901651 0.0635914 0.0661828
2 0.5956158 0.8901651 0.0635915 0.0661828
32 0.4703033 0.7469813 0.4488808 0.4441881
15 0.4048415 0.5592513 0.0635914 0.0661827
5 0.4684330 0.5592513 0.0635915 0.0661827
21 0.5320244 0.5592513 0.0635914 0.0661827
6 0.6592073 0.5592513 0.0635915 0.0661827
23 0.2776586 0.6247977 0.0635914 0.0649100
26 0.4048415 0.6247977 0.0635914 0.0649100
22 0.4684330 0.6247977 0.0635915 0.0649100
3 0.2776586 0.6916168 0.0635914 0.0661828
29 0.4048415 0.6916168 0.0635914 0.0661828
7 0.5320244 0.6916168 0.0635914 0.0661828
20 0.5956158 0.6916168 0.0635915 0.0661828
11 0.6592073 0.6916168 0.0635915 0.0661828
24 0.2776586 0.7577996 0.0635914 0.0661827
18 0.4048415 0.7577996 0.0635914 0.0661827
13 0.4684330 0.7577996 0.0635915 0.0661827
30 0.5956158 0.7577996 0.0635915 0.0661827
4 0.6592073 0.7577996 0.0635915 0.0661827
17 0.2776586 0.8239824 0.0635914 0.0661828
19 0.5320244 0.8239824 0.0635914 0.0661828
28 0.5956158 0.8239824 0.0635915 0.0661828
8 0.2776586 0.8901651 0.0635914 0.0661828
1 0.3412501 0.8901651 0.0635915 0.0661828
25 0.4048415 0.8901651 0.0635914 0.0661828
16 0.4684330 0.8901651 0.0635915 0.0661828
