17 0.5317731 0.8526764 0.0628078 0.0639544
16 0.6573888 0.8526764 0.0628078 0.0639544
32 0.5336204 0.7143136 0.4433492 0.4292320
27 0.4061575 0.5329047 0.0628078 0.0639544
23 0.4689653 0.5329047 0.0628078 0.0639544
8 0.5317731 0.5329047 0.0628078 0.0639544
4 0.6573888 0.5329047 0.0628078 0.0639544
13 0.7201965 0.5329047 0.0628078 0.0639544
10 0.4689653 0.5962440 0.0628078 0.0627245
11 0.5317731 0.5962440 0.0628078 0.0627245
25 0.6573888 0.5962440 0.0628078 0.0627245
19 0.7201965 0.5962440 0.0628078 0.0627245
29 0.3433497 0.6608133 0.0628078 0.0639544
7 0.4061575 0.6608133 0.0628078 0.0639544
28 0.5945809 0.6608133 0.0628078 0.0639544
26 0.7201965 0.6608133 0.0628078 0.0639544
6 0.3433497 0.7247677 0.0628078 0.0639543
3 0.4061575 0.7247677 0.0628078 0.0639543
18 0.4689653 0.7247677 0.0628078 0.0639543
24 0.5945809 0.7247677 0.0628078 0.0639543
1 0.3433497 0.7887220 0.0628078 0.0639543
2 0.4061575 0.7887220 0.0628078 0.0639543
22 0.4689653 0.7887220 0.0628078 0.0639543
20 0.5317731 0.7887220 0.0628078 0.0639543
21 0.5945809 0.7887220 0.0628078 0.0639543
14 0.7201965 0.7887220 0.0628078 0.0639543
15 0.3433497 0.8526764 0.0628078 0.0639544
