11 0.5711800 0.8942967 0.0635832 0.0648494
26 0.6347632 0.8942967 0.0635832 0.0648494
32 0.5094669 0.7539975 0.4488226 0.4352393
10 0.5711800 0.5700497 0.0635832 0.0648494
3 0.6347632 0.5700497 0.0635832 0.0648494
30 0.6983464 0.5700497 0.0635832 0.0648494
16 0.3168472 0.6342755 0.0635832 0.0636023
21 0.3804304 0.6342755 0.0635832 0.0636023
22 0.4440136 0.6342755 0.0635832 0.0636023
19 0.5711800 0.6342755 0.0635832 0.0636023
17 0.6983464 0.6342755 0.0635832 0.0636023
8 0.3168472 0.6997485 0.0635832 0.0648494
20 0.4440136 0.6997485 0.0635832 0.0648494
1 0.5075968 0.6997485 0.0635832 0.0648494
28 0.5711800 0.6997485 0.0635832 0.0648494
4 0.6347632 0.6997485 0.0635832 0.0648494
9 0.6983464 0.6997485 0.0635832 0.0648494
7 0.3804304 0.7645979 0.0635832 0.0648495
27 0.5075968 0.7645979 0.0635832 0.0648495
24 0.5711800 0.7645979 0.0635832 0.0648495
2 0.6347632 0.7645979 0.0635832 0.0648495
25 0.6983464 0.7645979 0.0635832 0.0648495
29 0.5711800 0.8294473 0.0635832 0.0648494
5 0.6983464 0.8294473 0.0635832 0.0648494
31 0.3168472 0.8942967 0.0635832 0.0648494
15 0.3804304 0.8942967 0.0635832 0.0648494
23 0.5075968 0.8942967 0.0635832 0.0648494
