6 0.6391524 0.8659993 0.0646643 0.0649268
4 0.7038167 0.8659993 0.0646642 0.0649268
32 0.5117258 0.7255325 0.4564536 0.4357592
2 0.3158311 0.5413650 0.0646642 0.0649269
28 0.3804954 0.5413650 0.0646643 0.0649269
25 0.4451596 0.5413650 0.0646642 0.0649269
18 0.5098239 0.5413650 0.0646642 0.0649269
3 0.5744881 0.5413650 0.0646643 0.0649269
23 0.3158311 0.6056675 0.0646642 0.0636783
16 0.4451596 0.6056675 0.0646642 0.0636783
14 0.5744881 0.6056675 0.0646643 0.0636783
5 0.6391524 0.6056675 0.0646643 0.0636783
31 0.5098239 0.6712187 0.0646642 0.0649269
11 0.5744881 0.6712187 0.0646643 0.0649269
22 0.7038167 0.6712187 0.0646642 0.0649269
10 0.3158311 0.7361456 0.0646642 0.0649268
8 0.3804954 0.7361456 0.0646643 0.0649268
1 0.5098239 0.7361456 0.0646642 0.0649268
27 0.6391524 0.7361456 0.0646643 0.0649268
24 0.7038167 0.7361456 0.0646642 0.0649268
19 0.3158311 0.8010725 0.0646642 0.0649269
7 0.3804954 0.8010725 0.0646643 0.0649269
15 0.5098239 0.8010725 0.0646642 0.0649269
26 0.7038167 0.8010725 0.0646642 0.0649269
9 0.4451596 0.8659993 0.0646642 0.0649268
30 0.5098239 0.8659993 0.0646642 0.0649268
20 0.5744881 0.8659993 0.0646643 0.0649268
