17 0.5158174 0.8384259 0.0630110 0.0653349
1 0.5788284 0.8384259 0.0630110 0.0653349
32 0.4546597 0.6970763 0.4447836 0.4384980
15 0.2637734 0.5117511 0.0630110 0.0653349
8 0.3897954 0.5117511 0.0630110 0.0653349
25 0.5158174 0.5117511 0.0630110 0.0653349
2 0.5788284 0.5117511 0.0630110 0.0653349
16 0.6418394 0.5117511 0.0630110 0.0653349
28 0.2637734 0.5764579 0.0630110 0.0640785
21 0.3267844 0.5764579 0.0630110 0.0640785
30 0.4528064 0.5764579 0.0630110 0.0640785
4 0.5158174 0.5764579 0.0630110 0.0640785
29 0.5788284 0.5764579 0.0630110 0.0640785
9 0.6418394 0.5764579 0.0630110 0.0640785
12 0.3897954 0.6424210 0.0630110 0.0653349
23 0.5788284 0.6424210 0.0630110 0.0653349
26 0.6418394 0.6424210 0.0630110 0.0653349
19 0.2637734 0.7077560 0.0630110 0.0653349
31 0.3267844 0.7077560 0.0630110 0.0653349
11 0.3897954 0.7077560 0.0630110 0.0653349
27 0.5158174 0.7077560 0.0630110 0.0653349
13 0.2637734 0.7730910 0.0630110 0.0653350
3 0.3897954 0.7730910 0.0630110 0.0653350
20 0.4528064 0.7730910 0.0630110 0.0653350
6 0.6418394 0.7730910 0.0630110 0.0653350
10 0.3267844 0.8384259 0.0630110 0.0653349
18 0.4528064 0.8384259 0.0630110 0.0653349
