12 0.4444956 0.8899103 0.0606535 0.0671606
16 0.5051492 0.8899103 0.0606535 0.0671606
32 0.5069331 0.7446109 0.4281425 0.4507508
27 0.3838421 0.5541074 0.0606535 0.0671606
5 0.5051492 0.5541074 0.0606535 0.0671606
7 0.6264562 0.5541074 0.0606535 0.0671606
25 0.4444956 0.6206222 0.0606535 0.0658690
24 0.5051492 0.6206222 0.0606535 0.0658690
29 0.5658027 0.6206222 0.0606535 0.0658690
31 0.6264562 0.6206222 0.0606535 0.0658690
22 0.6871098 0.6206222 0.0606535 0.0658690
19 0.3838421 0.6884285 0.0606535 0.0671606
4 0.4444956 0.6884285 0.0606535 0.0671606
14 0.5051492 0.6884285 0.0606535 0.0671606
20 0.5658027 0.6884285 0.0606535 0.0671606
28 0.6871098 0.6884285 0.0606535 0.0671606
30 0.3231886 0.7555891 0.0606535 0.0671606
17 0.4444956 0.7555891 0.0606535 0.0671606
10 0.5658027 0.7555891 0.0606535 0.0671606
23 0.6264562 0.7555891 0.0606535 0.0671606
18 0.3231886 0.8227496 0.0606535 0.0671606
1 0.3838421 0.8227496 0.0606535 0.0671606
11 0.5051492 0.8227496 0.0606535 0.0671606
8 0.5658027 0.8227496 0.0606535 0.0671606
21 0.6871098 0.8227496 0.0606535 0.0671606
3 0.3231886 0.8899103 0.0606535 0.0671606
15 0.3838421 0.8899103 0.0606535 0.0671606
