18 0.3907896 0.8337767 0.0658850 0.0627946
3 0.4566747 0.8337767 0.0658851 0.0627946
32 0.5244976 0.6979230 0.4650712 0.4214481
14 0.3249045 0.5198039 0.0658851 0.0627946
4 0.5225597 0.5198039 0.0658851 0.0627946
13 0.5884448 0.5198039 0.0658851 0.0627946
28 0.6543299 0.5198039 0.0658851 0.0627946
22 0.7202150 0.5198039 0.0658851 0.0627946
27 0.3249045 0.5819946 0.0658851 0.0615870
10 0.3907896 0.5819946 0.0658850 0.0615870
15 0.5225597 0.5819946 0.0658851 0.0615870
7 0.6543299 0.5819946 0.0658851 0.0615870
26 0.3249045 0.6453930 0.0658851 0.0627946
19 0.3907896 0.6453930 0.0658850 0.0627946
23 0.4566747 0.6453930 0.0658851 0.0627946
6 0.5225597 0.6453930 0.0658851 0.0627946
30 0.6543299 0.6453930 0.0658851 0.0627946
5 0.7202150 0.6453930 0.0658851 0.0627946
8 0.3249045 0.7081876 0.0658851 0.0627945
16 0.4566747 0.7081876 0.0658851 0.0627945
11 0.5225597 0.7081876 0.0658851 0.0627945
1 0.5884448 0.7081876 0.0658851 0.0627945
20 0.6543299 0.7081876 0.0658851 0.0627945
29 0.3907896 0.7709821 0.0658850 0.0627946
24 0.4566747 0.7709821 0.0658851 0.0627946
9 0.5225597 0.7709821 0.0658851 0.0627946
25 0.7202150 0.7709821 0.0658851 0.0627946
