8 0.6468781 0.8339343 0.0638844 0.0662916
15 0.7107625 0.8339343 0.0638844 0.0662916
32 0.5209882 0.6905151 0.4509486 0.4449183
14 0.3913405 0.5024766 0.0638844 0.0662915
3 0.4552249 0.5024766 0.0638844 0.0662915
22 0.5191093 0.5024766 0.0638844 0.0662915
16 0.6468781 0.5024766 0.0638844 0.0662915
1 0.7107625 0.5024766 0.0638844 0.0662915
19 0.3274561 0.5681307 0.0638844 0.0650167
29 0.5829937 0.5681307 0.0638844 0.0650167
2 0.6468781 0.5681307 0.0638844 0.0650167
4 0.7107625 0.5681307 0.0638844 0.0650167
6 0.3913405 0.6350597 0.0638844 0.0662915
23 0.5191093 0.6350597 0.0638844 0.0662915
7 0.6468781 0.6350597 0.0638844 0.0662915
25 0.3913405 0.7013512 0.0638844 0.0662916
27 0.5191093 0.7013512 0.0638844 0.0662916
11 0.6468781 0.7013512 0.0638844 0.0662916
21 0.3274561 0.7676427 0.0638844 0.0662915
30 0.3913405 0.7676427 0.0638844 0.0662915
17 0.5191093 0.7676427 0.0638844 0.0662915
31 0.5829937 0.7676427 0.0638844 0.0662915
5 0.6468781 0.7676427 0.0638844 0.0662915
9 0.7107625 0.7676427 0.0638844 0.0662915
24 0.3274561 0.8339343 0.0638844 0.0662916
12 0.3913405 0.8339343 0.0638844 0.0662916
10 0.4552249 0.8339343 0.0638844 0.0662916
