16 0.3550751 0.8488899 0.0640149 0.0681541
11 0.4831049 0.8488899 0.0640149 0.0681541
32 0.4849878 0.7014413 0.4518700 0.4574186
30 0.2910602 0.5081197 0.0640149 0.0681540
1 0.4190900 0.5081197 0.0640149 0.0681540
7 0.5471199 0.5081197 0.0640149 0.0681540
15 0.6111348 0.5081197 0.0640150 0.0681540
20 0.6751498 0.5081197 0.0640149 0.0681540
14 0.2910602 0.5756184 0.0640149 0.0668434
8 0.3550751 0.5756184 0.0640149 0.0668434
21 0.4190900 0.5756184 0.0640149 0.0668434
19 0.6751498 0.5756184 0.0640149 0.0668434
3 0.2910602 0.6444278 0.0640149 0.0681541
23 0.3550751 0.6444278 0.0640149 0.0681541
9 0.4190900 0.6444278 0.0640149 0.0681541
26 0.4831049 0.6444278 0.0640149 0.0681541
17 0.6111348 0.6444278 0.0640150 0.0681541
6 0.6751498 0.6444278 0.0640149 0.0681541
24 0.3550751 0.7125819 0.0640149 0.0681540
13 0.4190900 0.7125819 0.0640149 0.0681540
2 0.4831049 0.7125819 0.0640149 0.0681540
22 0.5471199 0.7125819 0.0640149 0.0681540
5 0.2910602 0.7807359 0.0640149 0.0681541
4 0.3550751 0.7807359 0.0640149 0.0681541
10 0.4831049 0.7807359 0.0640149 0.0681541
28 0.6111348 0.7807359 0.0640150 0.0681541
27 0.2910602 0.8488899 0.0640149 0.0681541
