15 0.4158447 0.8853581 0.0620835 0.0643577
4 0.5400119 0.8853581 0.0620835 0.0643577
32 0.4797543 0.7461228 0.4382369 0.4319391
24 0.2916776 0.5635697 0.0620836 0.0643577
22 0.4158447 0.5635697 0.0620835 0.0643577
8 0.6020954 0.5635697 0.0620835 0.0643577
27 0.2916776 0.6273086 0.0620836 0.0631200
25 0.3537612 0.6273086 0.0620835 0.0631200
20 0.4158447 0.6273086 0.0620835 0.0631200
23 0.6020954 0.6273086 0.0620835 0.0631200
9 0.6641790 0.6273086 0.0620836 0.0631200
7 0.2916776 0.6922852 0.0620836 0.0643577
14 0.3537612 0.6922852 0.0620835 0.0643577
19 0.4158447 0.6922852 0.0620835 0.0643577
30 0.5400119 0.6922852 0.0620835 0.0643577
18 0.6020954 0.6922852 0.0620835 0.0643577
3 0.6641790 0.6922852 0.0620836 0.0643577
31 0.2916776 0.7566428 0.0620836 0.0643577
2 0.4158447 0.7566428 0.0620835 0.0643577
11 0.6020954 0.7566428 0.0620835 0.0643577
6 0.6641790 0.7566428 0.0620836 0.0643577
10 0.2916776 0.8210005 0.0620836 0.0643577
13 0.4158447 0.8210005 0.0620835 0.0643577
5 0.4779283 0.8210005 0.0620836 0.0643577
12 0.5400119 0.8210005 0.0620835 0.0643577
26 0.6641790 0.8210005 0.0620836 0.0643577
16 0.2916776 0.8853581 0.0620836 0.0643577
