14 0.6200484 0.8638873 0.0623061 0.0624290
15 0.6823544 0.8638873 0.0623061 0.0624290
32 0.4972688 0.7288243 0.4398075 0.4189953
17 0.3085180 0.5517418 0.0623061 0.0624291
8 0.3708241 0.5517418 0.0623061 0.0624291
12 0.4331302 0.5517418 0.0623061 0.0624291
7 0.5577423 0.5517418 0.0623061 0.0624291
19 0.6823544 0.5517418 0.0623061 0.0624291
5 0.3085180 0.6135706 0.0623061 0.0612286
11 0.3708241 0.6135706 0.0623061 0.0612286
24 0.6823544 0.6135706 0.0623061 0.0612286
6 0.3708241 0.6766000 0.0623061 0.0624290
18 0.5577423 0.6766000 0.0623061 0.0624290
29 0.6823544 0.6766000 0.0623061 0.0624290
23 0.3085180 0.7390291 0.0623061 0.0624291
26 0.3708241 0.7390291 0.0623061 0.0624291
27 0.4331302 0.7390291 0.0623061 0.0624291
13 0.5577423 0.7390291 0.0623061 0.0624291
2 0.6823544 0.7390291 0.0623061 0.0624291
1 0.3085180 0.8014581 0.0623061 0.0624291
4 0.3708241 0.8014581 0.0623061 0.0624291
25 0.4331302 0.8014581 0.0623061 0.0624291
21 0.5577423 0.8014581 0.0623061 0.0624291
30 0.6200484 0.8014581 0.0623061 0.0624291
16 0.3708241 0.8638873 0.0623061 0.0624290
22 0.4331302 0.8638873 0.0623061 0.0624290
31 0.5577423 0.8638873 0.0623061 0.0624290
