17 0.4663161 0.8854944 0.0628104 0.0618655
19 0.7175578 0.8854944 0.0628104 0.0618655
32 0.5309739 0.7516508 0.4433677 0.4152126
20 0.3406953 0.5761670 0.0628104 0.0618655
2 0.4663161 0.5761670 0.0628104 0.0618655
8 0.5919370 0.5761670 0.0628104 0.0618655
3 0.6547474 0.5761670 0.0628104 0.0618655
18 0.4035057 0.6374376 0.0628104 0.0606758
12 0.5291265 0.6374376 0.0628104 0.0606758
5 0.3406953 0.6998979 0.0628104 0.0618655
25 0.4035057 0.6998979 0.0628104 0.0618655
24 0.5291265 0.6998979 0.0628104 0.0618655
31 0.5919370 0.6998979 0.0628104 0.0618655
13 0.6547474 0.6998979 0.0628104 0.0618655
9 0.7175578 0.6998979 0.0628104 0.0618655
6 0.4663161 0.7617635 0.0628104 0.0618655
29 0.5919370 0.7617635 0.0628104 0.0618655
16 0.6547474 0.7617635 0.0628104 0.0618655
15 0.7175578 0.7617635 0.0628104 0.0618655
30 0.3406953 0.8236289 0.0628104 0.0618655
10 0.4035057 0.8236289 0.0628104 0.0618655
1 0.4663161 0.8236289 0.0628104 0.0618655
23 0.5919370 0.8236289 0.0628104 0.0618655
7 0.6547474 0.8236289 0.0628104 0.0618655
14 0.7175578 0.8236289 0.0628104 0.0618655
11 0.3406953 0.8854944 0.0628104 0.0618655
22 0.4035057 0.8854944 0.0628104 0.0618655
