26 0.6171564 0.8248692 0.0629037 0.0640733
1 0.6800603 0.8248692 0.0629038 0.0640733
32 0.4931990 0.7503223 0.4440266 0.4300303
15 0.3026376 0.5685760 0.0629037 0.0640733
29 0.3655414 0.5685760 0.0629038 0.0640733
8 0.4284452 0.5685760 0.0629037 0.0640733
18 0.4913490 0.5685760 0.0629038 0.0640733
14 0.5542527 0.5685760 0.0629037 0.0640733
30 0.6800603 0.5685760 0.0629038 0.0640733
21 0.3655414 0.6320332 0.0629038 0.0628411
27 0.4284452 0.6320332 0.0629037 0.0628411
16 0.4913490 0.6320332 0.0629038 0.0628411
24 0.5542527 0.6320332 0.0629037 0.0628411
31 0.6171564 0.6320332 0.0629037 0.0628411
17 0.6800603 0.6320332 0.0629038 0.0628411
23 0.3026376 0.6967226 0.0629037 0.0640733
25 0.3655414 0.6967226 0.0629038 0.0640733
5 0.4284452 0.6967226 0.0629037 0.0640733
4 0.5542527 0.6967226 0.0629037 0.0640733
20 0.6171564 0.6967226 0.0629037 0.0640733
12 0.3026376 0.7607959 0.0629037 0.0640733
2 0.3655414 0.7607959 0.0629038 0.0640733
28 0.6171564 0.7607959 0.0629037 0.0640733
9 0.6800603 0.7607959 0.0629038 0.0640733
6 0.4284452 0.8248692 0.0629037 0.0640733
22 0.4913490 0.8248692 0.0629038 0.0640733
7 0.5542527 0.8248692 0.0629037 0.0640733
