4 0.6327764 0.8924355 0.0661098 0.0672748
15 0.6988863 0.8924355 0.0661098 0.0672748
32 0.5025011 0.7468891 0.4666577 0.4515175
7 0.3022272 0.5560615 0.0661098 0.0672748
8 0.3683370 0.5560615 0.0661098 0.0672748
16 0.4344469 0.5560615 0.0661098 0.0672748
24 0.5005567 0.5560615 0.0661098 0.0672748
29 0.6327764 0.5560615 0.0661098 0.0672748
5 0.6988863 0.5560615 0.0661098 0.0672748
30 0.3022272 0.6226894 0.0661098 0.0659810
19 0.3683370 0.6226894 0.0661098 0.0659810
11 0.4344469 0.6226894 0.0661098 0.0659810
23 0.5005567 0.6226894 0.0661098 0.0659810
22 0.6327764 0.6226894 0.0661098 0.0659810
2 0.4344469 0.6906111 0.0661098 0.0672748
12 0.5666666 0.6906111 0.0661098 0.0672748
10 0.6988863 0.6906111 0.0661098 0.0672748
31 0.3022272 0.7578859 0.0661098 0.0672749
13 0.3683370 0.7578859 0.0661098 0.0672749
9 0.4344469 0.7578859 0.0661098 0.0672749
6 0.5005567 0.7578859 0.0661098 0.0672749
14 0.6988863 0.7578859 0.0661098 0.0672749
26 0.3022272 0.8251608 0.0661098 0.0672748
1 0.5005567 0.8251608 0.0661098 0.0672748
18 0.5666666 0.8251608 0.0661098 0.0672748
3 0.6327764 0.8251608 0.0661098 0.0672748
20 0.6988863 0.8251608 0.0661098 0.0672748
