14 0.6593964 0.8314294 0.0656831 0.0622057
7 0.7250797 0.8314294 0.0656832 0.0622057
32 0.5299619 0.6968499 0.4636459 0.4174957
1 0.3966637 0.5204012 0.0656832 0.0622057
13 0.4623469 0.5204012 0.0656832 0.0622057
20 0.5280301 0.5204012 0.0656832 0.0622057
24 0.6593964 0.5204012 0.0656831 0.0622057
23 0.7250797 0.5204012 0.0656832 0.0622057
10 0.3309806 0.5820087 0.0656832 0.0610094
30 0.4623469 0.5820087 0.0656832 0.0610094
8 0.7250797 0.5820087 0.0656832 0.0610094
9 0.3966637 0.6448125 0.0656832 0.0622057
12 0.4623469 0.6448125 0.0656832 0.0622057
28 0.5937133 0.6448125 0.0656832 0.0622057
5 0.7250797 0.6448125 0.0656832 0.0622057
17 0.3309806 0.7070181 0.0656832 0.0622057
22 0.3966637 0.7070181 0.0656832 0.0622057
31 0.4623469 0.7070181 0.0656832 0.0622057
19 0.6593964 0.7070181 0.0656831 0.0622057
6 0.3309806 0.7692238 0.0656832 0.0622057
11 0.3966637 0.7692238 0.0656832 0.0622057
18 0.5280301 0.7692238 0.0656832 0.0622057
16 0.5937133 0.7692238 0.0656832 0.0622057
15 0.6593964 0.7692238 0.0656831 0.0622057
21 0.4623469 0.8314294 0.0656832 0.0622057
3 0.5280301 0.8314294 0.0656832 0.0622057
4 0.5937133 0.8314294 0.0656832 0.0622057
