17 0.6019488 0.9059563 0.0639486 0.0633231
30 0.6658974 0.9059563 0.0639486 0.0633231
32 0.4759324 0.7689590 0.4514020 0.4249960
16 0.3461543 0.5893404 0.0639486 0.0633232
10 0.4101029 0.5893404 0.0639486 0.0633232
7 0.5380001 0.5893404 0.0639486 0.0633232
23 0.6658974 0.5893404 0.0639486 0.0633232
8 0.2822057 0.6520547 0.0639486 0.0621054
5 0.4740515 0.6520547 0.0639486 0.0621054
2 0.5380001 0.6520547 0.0639486 0.0621054
28 0.6658974 0.6520547 0.0639486 0.0621054
27 0.4101029 0.7159868 0.0639486 0.0633231
29 0.4740515 0.7159868 0.0639486 0.0633231
9 0.5380001 0.7159868 0.0639486 0.0633231
4 0.6019488 0.7159868 0.0639486 0.0633231
18 0.6658974 0.7159868 0.0639486 0.0633231
11 0.3461543 0.7793099 0.0639486 0.0633232
31 0.4101029 0.7793099 0.0639486 0.0633232
24 0.4740515 0.7793099 0.0639486 0.0633232
13 0.6019488 0.7793099 0.0639486 0.0633232
19 0.6658974 0.7793099 0.0639486 0.0633232
6 0.2822057 0.8426331 0.0639486 0.0633232
26 0.4101029 0.8426331 0.0639486 0.0633232
25 0.5380001 0.8426331 0.0639486 0.0633232
15 0.6019488 0.8426331 0.0639486 0.0633232
3 0.6658974 0.8426331 0.0639486 0.0633232
22 0.4101029 0.9059563 0.0639486 0.0633231
