22 0.5123171 0.8619325 0.0641319 0.0668921
25 0.6405808 0.8619325 0.0641318 0.0668921
32 0.4500715 0.7172140 0.4526954 0.4489491
26 0.2557897 0.5274719 0.0641319 0.0668921
21 0.3199216 0.5274719 0.0641318 0.0668921
23 0.5764490 0.5274719 0.0641319 0.0668921
1 0.6405808 0.5274719 0.0641318 0.0668921
30 0.3199216 0.5937209 0.0641318 0.0656057
24 0.5123171 0.5937209 0.0641319 0.0656057
2 0.5764490 0.5937209 0.0641319 0.0656057
9 0.6405808 0.5937209 0.0641318 0.0656057
3 0.2557897 0.6612562 0.0641319 0.0668921
8 0.3840534 0.6612562 0.0641319 0.0668921
5 0.5764490 0.6612562 0.0641319 0.0668921
20 0.2557897 0.7281483 0.0641319 0.0668921
12 0.3199216 0.7281483 0.0641318 0.0668921
7 0.5123171 0.7281483 0.0641319 0.0668921
19 0.5764490 0.7281483 0.0641319 0.0668921
4 0.6405808 0.7281483 0.0641318 0.0668921
11 0.2557897 0.7950404 0.0641319 0.0668922
10 0.3840534 0.7950404 0.0641319 0.0668922
27 0.4481853 0.7950404 0.0641319 0.0668922
14 0.6405808 0.7950404 0.0641318 0.0668922
16 0.2557897 0.8619325 0.0641319 0.0668921
31 0.3199216 0.8619325 0.0641318 0.0668921
17 0.3840534 0.8619325 0.0641319 0.0668921
15 0.4481853 0.8619325 0.0641319 0.0668921
