29 0.6648185 0.8318471 0.0609578 0.0656438
10 0.7257763 0.8318471 0.0609578 0.0656438
32 0.5446958 0.6898291 0.4302902 0.4405714
16 0.3600296 0.5036277 0.0609578 0.0656438
24 0.4209874 0.5036277 0.0609578 0.0656438
9 0.5429030 0.5036277 0.0609578 0.0656438
18 0.6038608 0.5036277 0.0609578 0.0656438
20 0.6648185 0.5036277 0.0609578 0.0656438
30 0.7257763 0.5036277 0.0609578 0.0656438
19 0.3600296 0.5686404 0.0609578 0.0643815
11 0.4209874 0.5686404 0.0609578 0.0643815
4 0.4819452 0.5686404 0.0609578 0.0643815
3 0.6648185 0.5686404 0.0609578 0.0643815
8 0.3600296 0.6349155 0.0609578 0.0656439
25 0.6038608 0.6349155 0.0609578 0.0656439
28 0.7257763 0.6349155 0.0609578 0.0656439
27 0.3600296 0.7005594 0.0609578 0.0656438
21 0.4209874 0.7005594 0.0609578 0.0656438
14 0.4819452 0.7005594 0.0609578 0.0656438
5 0.5429030 0.7005594 0.0609578 0.0656438
17 0.6648185 0.7005594 0.0609578 0.0656438
1 0.7257763 0.7005594 0.0609578 0.0656438
31 0.4209874 0.7662032 0.0609578 0.0656439
26 0.4819452 0.7662032 0.0609578 0.0656439
7 0.5429030 0.7662032 0.0609578 0.0656439
13 0.6648185 0.7662032 0.0609578 0.0656439
22 0.6038608 0.8318471 0.0609578 0.0656438
