6 0.5318417 0.8603053 0.0636851 0.0629118
20 0.6592120 0.8603053 0.0636852 0.0629118
32 0.5337148 0.7241982 0.4495421 0.4222346
12 0.3407863 0.5457465 0.0636852 0.0629118
17 0.4044714 0.5457465 0.0636851 0.0629118
11 0.5318417 0.5457465 0.0636851 0.0629118
19 0.6592120 0.5457465 0.0636852 0.0629118
2 0.4044714 0.6080534 0.0636851 0.0617019
5 0.5955268 0.6080534 0.0636851 0.0617019
30 0.6592120 0.6080534 0.0636852 0.0617019
22 0.7228971 0.6080534 0.0636852 0.0617019
3 0.4044714 0.6715700 0.0636851 0.0629118
23 0.4681566 0.6715700 0.0636852 0.0629118
21 0.5955268 0.6715700 0.0636851 0.0629118
7 0.6592120 0.6715700 0.0636852 0.0629118
31 0.3407863 0.7344818 0.0636852 0.0629118
14 0.4044714 0.7344818 0.0636851 0.0629118
1 0.5318417 0.7344818 0.0636851 0.0629118
28 0.7228971 0.7344818 0.0636852 0.0629118
15 0.3407863 0.7973935 0.0636852 0.0629118
13 0.4681566 0.7973935 0.0636852 0.0629118
16 0.5318417 0.7973935 0.0636851 0.0629118
9 0.5955268 0.7973935 0.0636851 0.0629118
10 0.6592120 0.7973935 0.0636852 0.0629118
27 0.3407863 0.8603053 0.0636852 0.0629118
4 0.4044714 0.8603053 0.0636851 0.0629118
24 0.4681566 0.8603053 0.0636852 0.0629118
