9 0.6116538 0.8459000 0.0623903 0.0670765
1 0.6740442 0.8459000 0.0623904 0.0670765
32 0.4887081 0.7007825 0.4404025 0.4501867
26 0.3620924 0.5105174 0.0623904 0.0670765
15 0.4244827 0.5105174 0.0623903 0.0670765
29 0.4868731 0.5105174 0.0623904 0.0670765
8 0.6116538 0.5105174 0.0623903 0.0670765
6 0.3620924 0.5769490 0.0623904 0.0657866
7 0.4868731 0.5769490 0.0623904 0.0657866
2 0.6116538 0.5769490 0.0623903 0.0657866
24 0.2997020 0.6446704 0.0623903 0.0670765
19 0.6116538 0.6446704 0.0623903 0.0670765
12 0.6740442 0.6446704 0.0623904 0.0670765
27 0.2997020 0.7117470 0.0623903 0.0670765
25 0.3620924 0.7117470 0.0623904 0.0670765
20 0.4244827 0.7117470 0.0623903 0.0670765
31 0.4868731 0.7117470 0.0623904 0.0670765
3 0.5492635 0.7117470 0.0623904 0.0670765
21 0.2997020 0.7788235 0.0623903 0.0670766
11 0.3620924 0.7788235 0.0623904 0.0670766
17 0.4244827 0.7788235 0.0623903 0.0670766
16 0.4868731 0.7788235 0.0623904 0.0670766
4 0.5492635 0.7788235 0.0623904 0.0670766
5 0.6116538 0.7788235 0.0623903 0.0670766
30 0.2997020 0.8459000 0.0623903 0.0670765
18 0.3620924 0.8459000 0.0623904 0.0670765
13 0.4244827 0.8459000 0.0623903 0.0670765
