14 0.4843541 0.8131013 0.0646689 0.0621508
22 0.5490231 0.8131013 0.0646689 0.0621508
32 0.4862561 0.6786404 0.4564866 0.4171280
20 0.2903473 0.5023470 0.0646689 0.0621509
25 0.3550163 0.5023470 0.0646689 0.0621509
16 0.4196852 0.5023470 0.0646690 0.0621509
7 0.4843541 0.5023470 0.0646689 0.0621509
21 0.6136920 0.5023470 0.0646690 0.0621509
18 0.6783609 0.5023470 0.0646689 0.0621509
24 0.2903473 0.5639003 0.0646689 0.0609557
10 0.3550163 0.5639003 0.0646689 0.0609557
9 0.4196852 0.5639003 0.0646690 0.0609557
11 0.5490231 0.5639003 0.0646689 0.0609557
26 0.6136920 0.5639003 0.0646690 0.0609557
29 0.6783609 0.5639003 0.0646689 0.0609557
27 0.2903473 0.6266488 0.0646689 0.0621509
5 0.4196852 0.6266488 0.0646690 0.0621509
15 0.4843541 0.6266488 0.0646689 0.0621509
19 0.5490231 0.6266488 0.0646689 0.0621509
2 0.6136920 0.6266488 0.0646690 0.0621509
1 0.3550163 0.6887997 0.0646689 0.0621509
6 0.5490231 0.6887997 0.0646689 0.0621509
30 0.2903473 0.7509505 0.0646689 0.0621509
3 0.3550163 0.7509505 0.0646689 0.0621509
13 0.4196852 0.7509505 0.0646690 0.0621509
31 0.6136920 0.7509505 0.0646690 0.0621509
23 0.6783609 0.7509505 0.0646689 0.0621509
