5 0.6056592 0.8169479 0.0618517 0.0639542
3 0.6675108 0.8169479 0.0618516 0.0639542
32 0.4837751 0.6785854 0.4365999 0.4292308
21 0.2964010 0.4971770 0.0618516 0.0639542
1 0.3582526 0.4971770 0.0618517 0.0639542
8 0.4201043 0.4971770 0.0618517 0.0639542
2 0.6056592 0.4971770 0.0618517 0.0639542
17 0.6675108 0.4971770 0.0618516 0.0639542
25 0.3582526 0.5605162 0.0618517 0.0627243
29 0.5438076 0.5605162 0.0618517 0.0627243
26 0.6675108 0.5605162 0.0618516 0.0627243
22 0.3582526 0.6250854 0.0618517 0.0639542
12 0.4819559 0.6250854 0.0618516 0.0639542
16 0.5438076 0.6250854 0.0618517 0.0639542
20 0.2964010 0.6890395 0.0618516 0.0639542
30 0.3582526 0.6890395 0.0618517 0.0639542
11 0.4201043 0.6890395 0.0618517 0.0639542
6 0.5438076 0.6890395 0.0618517 0.0639542
9 0.6675108 0.6890395 0.0618516 0.0639542
24 0.2964010 0.7529937 0.0618516 0.0639542
15 0.4201043 0.7529937 0.0618517 0.0639542
14 0.6056592 0.7529937 0.0618517 0.0639542
19 0.6675108 0.7529937 0.0618516 0.0639542
23 0.2964010 0.8169479 0.0618516 0.0639542
28 0.3582526 0.8169479 0.0618517 0.0639542
18 0.4201043 0.8169479 0.0618517 0.0639542
7 0.4819559 0.8169479 0.0618516 0.0639542
