21 0.4042340 0.9187065 0.0656781 0.0675195
5 0.6669463 0.9187065 0.0656781 0.0675195
32 0.4718438 0.7726309 0.4636098 0.4531591
3 0.2728779 0.5811095 0.0656781 0.0675194
13 0.4699121 0.5811095 0.0656781 0.0675194
22 0.5355901 0.5811095 0.0656781 0.0675194
18 0.6012682 0.5811095 0.0656781 0.0675194
2 0.2728779 0.6479797 0.0656781 0.0662210
20 0.3385560 0.6479797 0.0656780 0.0662210
26 0.4699121 0.6479797 0.0656781 0.0662210
16 0.5355901 0.6479797 0.0656781 0.0662210
6 0.6669463 0.6479797 0.0656781 0.0662210
28 0.3385560 0.7161483 0.0656780 0.0675194
14 0.4042340 0.7161483 0.0656781 0.0675194
12 0.5355901 0.7161483 0.0656781 0.0675194
19 0.6012682 0.7161483 0.0656781 0.0675194
4 0.2728779 0.7836678 0.0656781 0.0675195
24 0.4042340 0.7836678 0.0656781 0.0675195
30 0.5355901 0.7836678 0.0656781 0.0675195
8 0.6012682 0.7836678 0.0656781 0.0675195
17 0.6669463 0.7836678 0.0656781 0.0675195
9 0.2728779 0.8511871 0.0656781 0.0675194
7 0.5355901 0.8511871 0.0656781 0.0675194
1 0.6012682 0.8511871 0.0656781 0.0675194
15 0.6669463 0.8511871 0.0656781 0.0675194
23 0.2728779 0.9187065 0.0656781 0.0675195
11 0.3385560 0.9187065 0.0656780 0.0675195
