20 0.6202285 0.9034511 0.0644213 0.0647146
25 0.6846498 0.9034511 0.0644213 0.0647146
32 0.4932806 0.7634437 0.4547388 0.4343343
12 0.2981219 0.5798783 0.0644213 0.0647146
4 0.4913859 0.5798783 0.0644213 0.0647146
28 0.6202285 0.5798783 0.0644213 0.0647146
16 0.6846498 0.5798783 0.0644213 0.0647146
8 0.2981219 0.6439706 0.0644213 0.0634700
15 0.3625432 0.6439706 0.0644213 0.0634700
23 0.4913859 0.6439706 0.0644213 0.0634700
19 0.4913859 0.7093074 0.0644213 0.0647146
6 0.5558072 0.7093074 0.0644213 0.0647146
29 0.6202285 0.7093074 0.0644213 0.0647146
18 0.6846498 0.7093074 0.0644213 0.0647146
5 0.2981219 0.7740220 0.0644213 0.0647145
27 0.3625432 0.7740220 0.0644213 0.0647145
13 0.4269645 0.7740220 0.0644213 0.0647145
30 0.6846498 0.7740220 0.0644213 0.0647145
10 0.3625432 0.8387366 0.0644213 0.0647146
26 0.4913859 0.8387366 0.0644213 0.0647146
2 0.5558072 0.8387366 0.0644213 0.0647146
3 0.6846498 0.8387366 0.0644213 0.0647146
21 0.2981219 0.9034511 0.0644213 0.0647146
9 0.3625432 0.9034511 0.0644213 0.0647146
22 0.4913859 0.9034511 0.0644213 0.0647146
31 0.5558072 0.9034511 0.0644213 0.0647146
