26 0.5901598 0.8439490 0.0608917 0.0681010
22 0.6510515 0.8439490 0.0608917 0.0681010
32 0.4701672 0.6966152 0.4298239 0.4570623
18 0.3465929 0.5034442 0.0608917 0.0681010
31 0.4074846 0.5034442 0.0608917 0.0681010
9 0.4683763 0.5034442 0.0608917 0.0681010
19 0.5901598 0.5034442 0.0608917 0.0681010
4 0.6510515 0.5034442 0.0608917 0.0681010
2 0.2857012 0.5708904 0.0608917 0.0667913
13 0.5901598 0.5708904 0.0608917 0.0667913
7 0.2857012 0.6396461 0.0608917 0.0681010
14 0.3465929 0.6396461 0.0608917 0.0681010
8 0.4074846 0.6396461 0.0608917 0.0681010
12 0.5292680 0.6396461 0.0608917 0.0681010
20 0.2857012 0.7077470 0.0608917 0.0681010
29 0.3465929 0.7077470 0.0608917 0.0681010
21 0.4074846 0.7077470 0.0608917 0.0681010
30 0.2857012 0.7758481 0.0608917 0.0681010
25 0.3465929 0.7758481 0.0608917 0.0681010
24 0.4074846 0.7758481 0.0608917 0.0681010
10 0.4683763 0.7758481 0.0608917 0.0681010
3 0.5292680 0.7758481 0.0608917 0.0681010
11 0.5901598 0.7758481 0.0608917 0.0681010
15 0.6510515 0.7758481 0.0608917 0.0681010
6 0.3465929 0.8439490 0.0608917 0.0681010
16 0.4074846 0.8439490 0.0608917 0.0681010
