31 0.6646411 0.8832931 0.0616274 0.0641470
9 0.7262685 0.8832931 0.0616274 0.0641470
32 0.5431989 0.7445135 0.4350169 0.4305251
6 0.3565041 0.5625581 0.0616274 0.0641470
23 0.4797589 0.5625581 0.0616274 0.0641470
16 0.5413863 0.5625581 0.0616274 0.0641470
21 0.6030137 0.5625581 0.0616274 0.0641470
20 0.7262685 0.5625581 0.0616274 0.0641470
8 0.3565041 0.6260883 0.0616274 0.0629134
15 0.4181316 0.6260883 0.0616274 0.0629134
12 0.4797589 0.6260883 0.0616274 0.0629134
18 0.5413863 0.6260883 0.0616274 0.0629134
29 0.6646411 0.6260883 0.0616274 0.0629134
27 0.4797589 0.6908521 0.0616274 0.0641470
19 0.6646411 0.6908521 0.0616274 0.0641470
2 0.4181316 0.7549991 0.0616274 0.0641470
11 0.4797589 0.7549991 0.0616274 0.0641470
24 0.6030137 0.7549991 0.0616274 0.0641470
28 0.7262685 0.7549991 0.0616274 0.0641470
13 0.3565041 0.8191461 0.0616274 0.0641470
14 0.4797589 0.8191461 0.0616274 0.0641470
25 0.5413863 0.8191461 0.0616274 0.0641470
17 0.6646411 0.8191461 0.0616274 0.0641470
3 0.7262685 0.8191461 0.0616274 0.0641470
22 0.3565041 0.8832931 0.0616274 0.0641470
1 0.6030137 0.8832931 0.0616274 0.0641470
