1 0.5943224 0.8520881 0.0644109 0.0650240
6 0.6587332 0.8520881 0.0644108 0.0650240
32 0.4673951 0.7114114 0.4546649 0.4364106
7 0.2722681 0.5269685 0.0644109 0.0650239
12 0.4010898 0.5269685 0.0644109 0.0650239
11 0.5299115 0.5269685 0.0644109 0.0650239
24 0.6587332 0.5269685 0.0644108 0.0650239
5 0.2722681 0.5913672 0.0644109 0.0637735
8 0.4010898 0.5913672 0.0644109 0.0637735
13 0.5299115 0.5913672 0.0644109 0.0637735
29 0.5943224 0.5913672 0.0644109 0.0637735
30 0.6587332 0.5913672 0.0644108 0.0637735
20 0.2722681 0.6570163 0.0644109 0.0650239
4 0.3366789 0.6570163 0.0644109 0.0650239
23 0.4010898 0.6570163 0.0644109 0.0650239
2 0.2722681 0.7220403 0.0644109 0.0650240
31 0.3366789 0.7220403 0.0644109 0.0650240
27 0.5943224 0.7220403 0.0644109 0.0650240
28 0.6587332 0.7220403 0.0644108 0.0650240
26 0.2722681 0.7870642 0.0644109 0.0650239
17 0.4010898 0.7870642 0.0644109 0.0650239
21 0.5299115 0.7870642 0.0644109 0.0650239
10 0.6587332 0.7870642 0.0644108 0.0650239
25 0.2722681 0.8520881 0.0644109 0.0650240
9 0.3366789 0.8520881 0.0644109 0.0650240
15 0.5299115 0.8520881 0.0644109 0.0650240
