16 0.5737690 0.8197971 0.0634841 0.0645522
6 0.7007373 0.8197971 0.0634841 0.0645522
32 0.5121521 0.6801410 0.4481232 0.4332441
31 0.3833167 0.4970364 0.0634841 0.0645522
13 0.5102849 0.4970364 0.0634841 0.0645522
17 0.5737690 0.4970364 0.0634841 0.0645522
23 0.6372531 0.4970364 0.0634842 0.0645522
2 0.7007373 0.4970364 0.0634841 0.0645522
3 0.3833167 0.5609679 0.0634841 0.0633107
18 0.4468008 0.5609679 0.0634841 0.0633107
28 0.6372531 0.5609679 0.0634842 0.0633107
26 0.7007373 0.5609679 0.0634841 0.0633107
30 0.3833167 0.6261407 0.0634841 0.0645521
15 0.4468008 0.6261407 0.0634841 0.0645521
21 0.5102849 0.6261407 0.0634841 0.0645521
5 0.6372531 0.6261407 0.0634842 0.0645521
12 0.4468008 0.6906928 0.0634841 0.0645522
29 0.5737690 0.6906928 0.0634841 0.0645522
7 0.3833167 0.7552449 0.0634841 0.0645521
22 0.4468008 0.7552449 0.0634841 0.0645521
10 0.5102849 0.7552449 0.0634841 0.0645521
9 0.6372531 0.7552449 0.0634842 0.0645521
20 0.3198325 0.8197971 0.0634841 0.0645522
19 0.3833167 0.8197971 0.0634841 0.0645522
25 0.4468008 0.8197971 0.0634841 0.0645522
8 0.5102849 0.8197971 0.0634841 0.0645522
