29 0.4738462 0.8965535 0.0620284 0.0631699
27 0.5358746 0.8965535 0.0620284 0.0631699
32 0.5376990 0.7598878 0.4378476 0.4239675
23 0.3497894 0.5807038 0.0620284 0.0631699
5 0.4738462 0.5807038 0.0620284 0.0631699
12 0.5979031 0.5807038 0.0620284 0.0631699
2 0.3497894 0.6432664 0.0620284 0.0619551
31 0.4738462 0.6432664 0.0620284 0.0619551
14 0.5979031 0.6432664 0.0620284 0.0619551
30 0.4118178 0.7070438 0.0620284 0.0631699
24 0.5358746 0.7070438 0.0620284 0.0631699
1 0.6599315 0.7070438 0.0620284 0.0631699
7 0.3497894 0.7702136 0.0620284 0.0631699
3 0.4118178 0.7702136 0.0620284 0.0631699
18 0.4738462 0.7702136 0.0620284 0.0631699
8 0.5358746 0.7702136 0.0620284 0.0631699
21 0.5979031 0.7702136 0.0620284 0.0631699
11 0.6599315 0.7702136 0.0620284 0.0631699
26 0.3497894 0.8333836 0.0620284 0.0631699
15 0.4118178 0.8333836 0.0620284 0.0631699
22 0.5358746 0.8333836 0.0620284 0.0631699
4 0.5979031 0.8333836 0.0620284 0.0631699
25 0.6599315 0.8333836 0.0620284 0.0631699
6 0.7219598 0.8333836 0.0620284 0.0631699
17 0.3497894 0.8965535 0.0620284 0.0631699
20 0.4118178 0.8965535 0.0620284 0.0631699
