31 0.5191238 0.8503773 0.0636318 0.0627992
30 0.6463873 0.8503773 0.0636318 0.0627992
32 0.4573635 0.7145137 0.4491654 0.4214790
21 0.3282285 0.5363815 0.0636318 0.0627991
19 0.5827555 0.5363815 0.0636317 0.0627991
14 0.6463873 0.5363815 0.0636318 0.0627991
18 0.2645967 0.5985768 0.0636318 0.0615915
3 0.5827555 0.5985768 0.0636317 0.0615915
5 0.6463873 0.5985768 0.0636318 0.0615915
25 0.3282285 0.6619798 0.0636318 0.0627991
26 0.5191238 0.6619798 0.0636318 0.0627991
24 0.5827555 0.6619798 0.0636317 0.0627991
13 0.6463873 0.6619798 0.0636318 0.0627991
28 0.2645967 0.7247789 0.0636318 0.0627991
20 0.3282285 0.7247789 0.0636318 0.0627991
23 0.3918603 0.7247789 0.0636318 0.0627991
11 0.4554920 0.7247789 0.0636317 0.0627991
12 0.5191238 0.7247789 0.0636318 0.0627991
7 0.6463873 0.7247789 0.0636318 0.0627991
16 0.2645967 0.7875781 0.0636318 0.0627991
27 0.3282285 0.7875781 0.0636318 0.0627991
4 0.3918603 0.7875781 0.0636318 0.0627991
29 0.5191238 0.7875781 0.0636318 0.0627991
10 0.6463873 0.7875781 0.0636318 0.0627991
2 0.3282285 0.8503773 0.0636318 0.0627992
6 0.3918603 0.8503773 0.0636318 0.0627992
