1 0.6007232 0.8233212 0.0638971 0.0625772
8 0.7285175 0.8233212 0.0638971 0.0625772
32 0.5387054 0.6879379 0.4510386 0.4199892
5 0.3451347 0.5104353 0.0638971 0.0625772
31 0.4729289 0.5104353 0.0638971 0.0625772
10 0.4090318 0.5724108 0.0638972 0.0613737
22 0.4729289 0.5724108 0.0638971 0.0613737
14 0.5368261 0.5724108 0.0638971 0.0613737
15 0.6646204 0.5724108 0.0638971 0.0613737
13 0.7285175 0.5724108 0.0638971 0.0613737
30 0.3451347 0.6355897 0.0638971 0.0625772
17 0.4090318 0.6355897 0.0638972 0.0625772
21 0.4729289 0.6355897 0.0638971 0.0625772
24 0.5368261 0.6355897 0.0638971 0.0625772
9 0.6007232 0.6355897 0.0638971 0.0625772
26 0.7285175 0.6355897 0.0638971 0.0625772
6 0.3451347 0.6981668 0.0638971 0.0625771
7 0.5368261 0.6981668 0.0638971 0.0625771
19 0.6007232 0.6981668 0.0638971 0.0625771
16 0.7285175 0.6981668 0.0638971 0.0625771
12 0.3451347 0.7607440 0.0638971 0.0625772
29 0.5368261 0.7607440 0.0638971 0.0625772
28 0.6646204 0.7607440 0.0638971 0.0625772
11 0.7285175 0.7607440 0.0638971 0.0625772
2 0.4090318 0.8233212 0.0638972 0.0625772
25 0.5368261 0.8233212 0.0638971 0.0625772
