4 0.4823048 0.8754742 0.0606160 0.0682182
10 0.5429208 0.8754742 0.0606159 0.0682182
32 0.4840877 0.7278868 0.4278772 0.4578492
3 0.3004570 0.5343832 0.0606159 0.0682182
27 0.3610730 0.5343832 0.0606160 0.0682182
30 0.4823048 0.5343832 0.0606160 0.0682182
5 0.5429208 0.5343832 0.0606159 0.0682182
28 0.6035368 0.5343832 0.0606160 0.0682182
23 0.3610730 0.6019455 0.0606160 0.0669063
19 0.4216889 0.6019455 0.0606159 0.0669063
24 0.4823048 0.6019455 0.0606160 0.0669063
31 0.3610730 0.6708196 0.0606160 0.0682182
20 0.4216889 0.6708196 0.0606159 0.0682182
21 0.4823048 0.6708196 0.0606160 0.0682182
15 0.5429208 0.6708196 0.0606159 0.0682182
11 0.6641527 0.6708196 0.0606160 0.0682182
1 0.3004570 0.7390379 0.0606159 0.0682182
6 0.4216889 0.7390379 0.0606159 0.0682182
22 0.5429208 0.7390379 0.0606159 0.0682182
16 0.3004570 0.8072560 0.0606159 0.0682182
29 0.4216889 0.8072560 0.0606159 0.0682182
26 0.5429208 0.8072560 0.0606159 0.0682182
2 0.6035368 0.8072560 0.0606160 0.0682182
14 0.6641527 0.8072560 0.0606160 0.0682182
13 0.3004570 0.8754742 0.0606159 0.0682182
9 0.4216889 0.8754742 0.0606159 0.0682182
