14 0.3202340 0.8404179 0.0649678 0.0663071
22 0.5801054 0.8404179 0.0649678 0.0663071
32 0.4520805 0.6969650 0.4585964 0.4450229
17 0.3202340 0.5088822 0.0649678 0.0663071
19 0.3852019 0.5088822 0.0649678 0.0663071
20 0.4501697 0.5088822 0.0649678 0.0663071
27 0.5801054 0.5088822 0.0649678 0.0663071
7 0.2552662 0.5745518 0.0649678 0.0650320
31 0.3852019 0.5745518 0.0649678 0.0650320
28 0.5151375 0.5745518 0.0649678 0.0650320
13 0.5801054 0.5745518 0.0649678 0.0650320
6 0.6450732 0.5745518 0.0649678 0.0650320
21 0.2552662 0.6414965 0.0649678 0.0663071
8 0.3202340 0.6414965 0.0649678 0.0663071
12 0.3852019 0.6414965 0.0649678 0.0663071
23 0.4501697 0.6414965 0.0649678 0.0663071
2 0.5151375 0.6414965 0.0649678 0.0663071
9 0.5801054 0.6414965 0.0649678 0.0663071
1 0.2552662 0.7078036 0.0649678 0.0663071
4 0.3202340 0.7078036 0.0649678 0.0663071
18 0.4501697 0.7078036 0.0649678 0.0663071
26 0.5151375 0.7078036 0.0649678 0.0663071
5 0.2552662 0.7741107 0.0649678 0.0663071
25 0.3202340 0.7741107 0.0649678 0.0663071
29 0.5801054 0.7741107 0.0649678 0.0663071
15 0.2552662 0.8404179 0.0649678 0.0663071
