12 0.5303364 0.8026431 0.0654439 0.0618143
26 0.5957803 0.8026431 0.0654439 0.0618143
32 0.5322612 0.6689100 0.4619570 0.4148697
21 0.3340047 0.4935711 0.0654439 0.0618144
1 0.3994486 0.4935711 0.0654439 0.0618144
14 0.5303364 0.4935711 0.0654439 0.0618144
30 0.7266682 0.4935711 0.0654439 0.0618144
16 0.3340047 0.5547911 0.0654439 0.0606257
23 0.4648925 0.5547911 0.0654439 0.0606257
31 0.5303364 0.5547911 0.0654439 0.0606257
2 0.7266682 0.5547911 0.0654439 0.0606257
3 0.3340047 0.6171999 0.0654439 0.0618144
13 0.5303364 0.6171999 0.0654439 0.0618144
27 0.6612242 0.6171999 0.0654440 0.0618144
4 0.7266682 0.6171999 0.0654439 0.0618144
15 0.3994486 0.6790143 0.0654439 0.0618144
10 0.5303364 0.6790143 0.0654439 0.0618144
5 0.5957803 0.6790143 0.0654439 0.0618144
24 0.6612242 0.6790143 0.0654440 0.0618144
28 0.3340047 0.7408287 0.0654439 0.0618144
8 0.3994486 0.7408287 0.0654439 0.0618144
6 0.4648925 0.7408287 0.0654439 0.0618144
9 0.5957803 0.7408287 0.0654439 0.0618144
25 0.6612242 0.7408287 0.0654440 0.0618144
7 0.7266682 0.7408287 0.0654439 0.0618144
29 0.4648925 0.8026431 0.0654439 0.0618143
