23 0.5996564 0.9065528 0.0622111 0.0651437
26 0.6618674 0.9065528 0.0622110 0.0651437
32 0.4770641 0.7656168 0.4391368 0.4372149
6 0.2886012 0.5808340 0.0622110 0.0651438
8 0.3508122 0.5808340 0.0622110 0.0651438
29 0.5374454 0.5808340 0.0622110 0.0651438
24 0.6618674 0.5808340 0.0622110 0.0651438
22 0.5374454 0.6453514 0.0622110 0.0638910
20 0.2886012 0.7111215 0.0622110 0.0651437
10 0.4752343 0.7111215 0.0622110 0.0651437
28 0.5996564 0.7111215 0.0622111 0.0651437
16 0.3508122 0.7762653 0.0622110 0.0651438
27 0.4752343 0.7762653 0.0622110 0.0651438
17 0.5374454 0.7762653 0.0622110 0.0651438
11 0.5996564 0.7762653 0.0622111 0.0651438
4 0.6618674 0.7762653 0.0622110 0.0651438
3 0.2886012 0.8414091 0.0622110 0.0651437
31 0.3508122 0.8414091 0.0622110 0.0651437
19 0.4130233 0.8414091 0.0622110 0.0651437
2 0.5374454 0.8414091 0.0622110 0.0651437
30 0.6618674 0.8414091 0.0622110 0.0651437
14 0.2886012 0.9065528 0.0622110 0.0651437
15 0.3508122 0.9065528 0.0622110 0.0651437
18 0.4130233 0.9065528 0.0622110 0.0651437
9 0.4752343 0.9065528 0.0622110 0.0651437
12 0.5374454 0.9065528 0.0622110 0.0651437
