24 0.6067556 0.8954738 0.0651026 0.0656786
15 0.6718582 0.8954738 0.0651026 0.0656786
32 0.4784652 0.7533806 0.4595478 0.4408048
10 0.2812425 0.5670805 0.0651026 0.0656786
23 0.5416530 0.5670805 0.0651026 0.0656786
3 0.6067556 0.5670805 0.0651026 0.0656786
19 0.6718582 0.5670805 0.0651026 0.0656786
29 0.2812425 0.6321276 0.0651026 0.0644156
4 0.3463451 0.6321276 0.0651026 0.0644156
30 0.5416530 0.6321276 0.0651026 0.0644156
27 0.6718582 0.6321276 0.0651026 0.0644156
22 0.3463451 0.6984378 0.0651026 0.0656787
21 0.4114478 0.6984378 0.0651026 0.0656787
17 0.5416530 0.6984378 0.0651026 0.0656787
18 0.2812425 0.7641165 0.0651026 0.0656786
7 0.3463451 0.7641165 0.0651026 0.0656786
16 0.4114478 0.7641165 0.0651026 0.0656786
6 0.5416530 0.7641165 0.0651026 0.0656786
31 0.6718582 0.7641165 0.0651026 0.0656786
12 0.2812425 0.8297951 0.0651026 0.0656786
28 0.4114478 0.8297951 0.0651026 0.0656786
5 0.4765504 0.8297951 0.0651026 0.0656786
14 0.2812425 0.8954738 0.0651026 0.0656786
25 0.3463451 0.8954738 0.0651026 0.0656786
9 0.4765504 0.8954738 0.0651026 0.0656786
8 0.5416530 0.8954738 0.0651026 0.0656786
