23 0.6133503 0.8729955 0.0651076 0.0679906
31 0.6784579 0.8729955 0.0651076 0.0679906
32 0.4850501 0.7259003 0.4595828 0.4563219
12 0.2878125 0.5330421 0.0651076 0.0679907
16 0.3529201 0.5330421 0.0651076 0.0679907
10 0.5482427 0.5330421 0.0651075 0.0679907
8 0.6133503 0.5330421 0.0651076 0.0679907
15 0.6784579 0.5330421 0.0651076 0.0679907
2 0.3529201 0.6003790 0.0651076 0.0666832
24 0.5482427 0.6003790 0.0651075 0.0666832
4 0.6133503 0.6003790 0.0651076 0.0666832
7 0.6784579 0.6003790 0.0651076 0.0666832
26 0.2878125 0.6690234 0.0651076 0.0679907
14 0.4180276 0.6690234 0.0651075 0.0679907
27 0.6133503 0.6690234 0.0651076 0.0679907
25 0.3529201 0.7370142 0.0651076 0.0679906
22 0.4180276 0.7370142 0.0651075 0.0679906
18 0.4831352 0.7370142 0.0651076 0.0679906
6 0.5482427 0.7370142 0.0651075 0.0679906
3 0.6133503 0.7370142 0.0651076 0.0679906
19 0.6784579 0.7370142 0.0651076 0.0679906
13 0.4180276 0.8050047 0.0651075 0.0679906
11 0.4831352 0.8050047 0.0651076 0.0679906
5 0.5482427 0.8050047 0.0651075 0.0679906
29 0.2878125 0.8729955 0.0651076 0.0679906
20 0.5482427 0.8729955 0.0651075 0.0679906
