17 0.4958506 0.8917587 0.0644617 0.0669737
20 0.6892358 0.8917587 0.0644617 0.0669737
32 0.4977465 0.7468636 0.4550240 0.4494967
11 0.3024654 0.5568901 0.0644617 0.0669737
27 0.3669271 0.5568901 0.0644617 0.0669737
2 0.4958506 0.5568901 0.0644617 0.0669737
23 0.6892358 0.5568901 0.0644617 0.0669737
14 0.3024654 0.6232198 0.0644617 0.0656858
3 0.4313889 0.6232198 0.0644617 0.0656858
21 0.4958506 0.6232198 0.0644617 0.0656858
1 0.5603123 0.6232198 0.0644617 0.0656858
24 0.6247741 0.6232198 0.0644617 0.0656858
15 0.3024654 0.6908375 0.0644617 0.0669737
13 0.3669271 0.6908375 0.0644617 0.0669737
29 0.4313889 0.6908375 0.0644617 0.0669737
22 0.6892358 0.6908375 0.0644617 0.0669737
31 0.3024654 0.7578112 0.0644617 0.0669737
5 0.4958506 0.7578112 0.0644617 0.0669737
16 0.5603123 0.7578112 0.0644617 0.0669737
30 0.6892358 0.7578112 0.0644617 0.0669737
26 0.3024654 0.8247849 0.0644617 0.0669737
10 0.4958506 0.8247849 0.0644617 0.0669737
25 0.5603123 0.8247849 0.0644617 0.0669737
28 0.6247741 0.8247849 0.0644617 0.0669737
6 0.6892358 0.8247849 0.0644617 0.0669737
12 0.4313889 0.8917587 0.0644617 0.0669737
