28 0.4970375 0.8173300 0.0610773 0.0650075
5 0.6802695 0.8173300 0.0610773 0.0650075
32 0.4988339 0.6766888 0.4311341 0.4363004
4 0.3748829 0.4922925 0.0610773 0.0650075
25 0.4970375 0.4922925 0.0610773 0.0650075
24 0.5581149 0.4922925 0.0610773 0.0650075
23 0.6802695 0.4922925 0.0610773 0.0650075
8 0.3138055 0.5566749 0.0610773 0.0637574
21 0.4359602 0.5566749 0.0610773 0.0637574
14 0.5581149 0.5566749 0.0610773 0.0637574
10 0.6191922 0.5566749 0.0610773 0.0637574
30 0.6802695 0.5566749 0.0610773 0.0637574
19 0.3138055 0.6223075 0.0610773 0.0650075
12 0.4970375 0.6223075 0.0610773 0.0650075
6 0.5581149 0.6223075 0.0610773 0.0650075
16 0.6802695 0.6223075 0.0610773 0.0650075
13 0.3748829 0.6873150 0.0610773 0.0650075
26 0.4359602 0.6873150 0.0610773 0.0650075
27 0.5581149 0.6873150 0.0610773 0.0650075
11 0.6191922 0.6873150 0.0610773 0.0650075
7 0.3748829 0.7523225 0.0610773 0.0650076
1 0.4970375 0.7523225 0.0610773 0.0650076
31 0.5581149 0.7523225 0.0610773 0.0650076
18 0.6191922 0.7523225 0.0610773 0.0650076
3 0.3138055 0.8173300 0.0610773 0.0650075
22 0.3748829 0.8173300 0.0610773 0.0650075
