19 0.6035197 0.8878966 0.0658277 0.0647112
11 0.7351752 0.8878966 0.0658277 0.0647112
32 0.5396281 0.7478966 0.4646661 0.4343111
9 0.3402089 0.5643410 0.0658277 0.0647111
31 0.4060366 0.5643410 0.0658277 0.0647111
28 0.4718643 0.5643410 0.0658277 0.0647111
17 0.6693474 0.5643410 0.0658277 0.0647111
21 0.7351752 0.5643410 0.0658277 0.0647111
25 0.4060366 0.6284299 0.0658277 0.0634667
2 0.6035197 0.6284299 0.0658277 0.0634667
24 0.4060366 0.6937633 0.0658277 0.0647111
4 0.4718643 0.6937633 0.0658277 0.0647111
27 0.5376920 0.6937633 0.0658277 0.0647111
18 0.6035197 0.6937633 0.0658277 0.0647111
8 0.6693474 0.6937633 0.0658277 0.0647111
26 0.4060366 0.7584743 0.0658277 0.0647112
5 0.4718643 0.7584743 0.0658277 0.0647112
20 0.7351752 0.7584743 0.0658277 0.0647112
29 0.3402089 0.8231854 0.0658277 0.0647111
14 0.4060366 0.8231854 0.0658277 0.0647111
30 0.4718643 0.8231854 0.0658277 0.0647111
13 0.6693474 0.8231854 0.0658277 0.0647111
23 0.7351752 0.8231854 0.0658277 0.0647111
15 0.4060366 0.8878966 0.0658277 0.0647112
16 0.4718643 0.8878966 0.0658277 0.0647112
12 0.5376920 0.8878966 0.0658277 0.0647112
