21 0.6743338 0.8838889 0.0650701 0.0648967
28 0.7394039 0.8838889 0.0650702 0.0648967
32 0.5461073 0.7434874 0.4593187 0.4355565
30 0.4140532 0.5594055 0.0650702 0.0648967
20 0.5441935 0.5594055 0.0650701 0.0648967
14 0.6092636 0.5594055 0.0650702 0.0648967
15 0.6743338 0.5594055 0.0650701 0.0648967
1 0.7394039 0.5594055 0.0650702 0.0648967
29 0.3489831 0.6236781 0.0650701 0.0636486
16 0.5441935 0.6236781 0.0650701 0.0636486
6 0.7394039 0.6236781 0.0650702 0.0636486
5 0.3489831 0.6891988 0.0650701 0.0648967
17 0.4791234 0.6891988 0.0650702 0.0648967
18 0.5441935 0.6891988 0.0650701 0.0648967
25 0.6743338 0.6891988 0.0650701 0.0648967
19 0.7394039 0.6891988 0.0650702 0.0648967
9 0.3489831 0.7540955 0.0650701 0.0648966
7 0.4140532 0.7540955 0.0650702 0.0648966
2 0.7394039 0.7540955 0.0650702 0.0648966
31 0.4140532 0.8189922 0.0650702 0.0648967
11 0.5441935 0.8189922 0.0650701 0.0648967
23 0.6743338 0.8189922 0.0650701 0.0648967
10 0.7394039 0.8189922 0.0650702 0.0648967
4 0.4140532 0.8838889 0.0650702 0.0648967
24 0.5441935 0.8838889 0.0650701 0.0648967
13 0.6092636 0.8838889 0.0650702 0.0648967
