4 0.6019798 0.8319257 0.0622881 0.0627922
11 0.6642679 0.8319257 0.0622881 0.0627922
32 0.5415237 0.6960771 0.4396805 0.4214324
16 0.4151156 0.5179646 0.0622881 0.0627922
18 0.4774036 0.5179646 0.0622881 0.0627922
14 0.5396917 0.5179646 0.0622881 0.0627922
28 0.6019798 0.5179646 0.0622881 0.0627922
19 0.5396917 0.5801530 0.0622881 0.0615847
12 0.7265559 0.5801530 0.0622881 0.0615847
5 0.3528275 0.6435490 0.0622881 0.0627922
17 0.4774036 0.6435490 0.0622881 0.0627922
2 0.5396917 0.6435490 0.0622881 0.0627922
24 0.6019798 0.6435490 0.0622881 0.0627922
8 0.7265559 0.6435490 0.0622881 0.0627922
31 0.3528275 0.7063412 0.0622881 0.0627922
9 0.4151156 0.7063412 0.0622881 0.0627922
21 0.4774036 0.7063412 0.0622881 0.0627922
22 0.6019798 0.7063412 0.0622881 0.0627922
29 0.6642679 0.7063412 0.0622881 0.0627922
26 0.3528275 0.7691335 0.0622881 0.0627922
13 0.5396917 0.7691335 0.0622881 0.0627922
25 0.6019798 0.7691335 0.0622881 0.0627922
7 0.6642679 0.7691335 0.0622881 0.0627922
20 0.3528275 0.8319257 0.0622881 0.0627922
6 0.4774036 0.8319257 0.0622881 0.0627922
1 0.5396917 0.8319257 0.0622881 0.0627922
