15 0.4784851 0.9222803 0.0642997 0.0678395
7 0.6070845 0.9222803 0.0642997 0.0678395
32 0.5446759 0.7739292 0.4538804 0.4521416
31 0.4141853 0.5830827 0.0642997 0.0678395
26 0.5427848 0.5830827 0.0642997 0.0678395
11 0.6713843 0.5830827 0.0642997 0.0678395
9 0.7356840 0.5830827 0.0642998 0.0678395
12 0.3498856 0.6502700 0.0642997 0.0665349
23 0.4141853 0.6502700 0.0642997 0.0665349
5 0.4784851 0.6502700 0.0642997 0.0665349
18 0.5427848 0.6502700 0.0642997 0.0665349
13 0.6713843 0.6502700 0.0642997 0.0665349
8 0.7356840 0.6502700 0.0642998 0.0665349
1 0.3498856 0.7187617 0.0642997 0.0678395
10 0.4141853 0.7187617 0.0642997 0.0678395
24 0.6070845 0.7187617 0.0642997 0.0678395
25 0.4784851 0.7866013 0.0642997 0.0678396
3 0.5427848 0.7866013 0.0642997 0.0678396
22 0.6070845 0.7866013 0.0642997 0.0678396
16 0.7356840 0.7866013 0.0642998 0.0678396
28 0.3498856 0.8544408 0.0642997 0.0678395
30 0.4784851 0.8544408 0.0642997 0.0678395
14 0.5427848 0.8544408 0.0642997 0.0678395
27 0.6713843 0.8544408 0.0642997 0.0678395
17 0.7356840 0.8544408 0.0642998 0.0678395
19 0.3498856 0.9222803 0.0642997 0.0678395
