22 0.5873789 0.8642863 0.0667094 0.0625735
8 0.7207978 0.8642863 0.0667094 0.0625735
32 0.5226315 0.7289108 0.4708902 0.4199649
29 0.5873789 0.5514185 0.0667094 0.0625735
21 0.6540884 0.5514185 0.0667094 0.0625735
7 0.7207978 0.5514185 0.0667094 0.0625735
14 0.3872506 0.6133904 0.0667094 0.0613702
11 0.4539600 0.6133904 0.0667094 0.0613702
2 0.6540884 0.6133904 0.0667094 0.0613702
15 0.7207978 0.6133904 0.0667094 0.0613702
6 0.3205412 0.6765656 0.0667095 0.0625736
18 0.4539600 0.6765656 0.0667094 0.0625736
4 0.6540884 0.6765656 0.0667094 0.0625736
9 0.7207978 0.6765656 0.0667094 0.0625736
25 0.3205412 0.7391392 0.0667095 0.0625735
30 0.3872506 0.7391392 0.0667094 0.0625735
12 0.4539600 0.7391392 0.0667094 0.0625735
19 0.6540884 0.7391392 0.0667094 0.0625735
17 0.7207978 0.7391392 0.0667094 0.0625735
24 0.5206695 0.8017127 0.0667094 0.0625735
23 0.6540884 0.8017127 0.0667094 0.0625735
26 0.7207978 0.8017127 0.0667094 0.0625735
13 0.3205412 0.8642863 0.0667095 0.0625735
20 0.3872506 0.8642863 0.0667094 0.0625735
3 0.4539600 0.8642863 0.0667094 0.0625735
31 0.5206695 0.8642863 0.0667094 0.0625735
