8 0.4806368 0.8485052 0.0617408 0.0645499
26 0.6041183 0.8485052 0.0617407 0.0645499
32 0.4824527 0.7088541 0.4358172 0.4332288
22 0.2954145 0.5257560 0.0617408 0.0645499
9 0.3571553 0.5257560 0.0617408 0.0645499
7 0.4188961 0.5257560 0.0617408 0.0645499
18 0.4806368 0.5257560 0.0617408 0.0645499
4 0.5423776 0.5257560 0.0617408 0.0645499
24 0.6041183 0.5257560 0.0617407 0.0645499
6 0.2954145 0.5896852 0.0617408 0.0633085
31 0.5423776 0.5896852 0.0617408 0.0633085
1 0.6658591 0.5896852 0.0617408 0.0633085
17 0.2954145 0.6548557 0.0617408 0.0645498
23 0.4188961 0.6548557 0.0617408 0.0645498
2 0.4806368 0.6548557 0.0617408 0.0645498
3 0.6041183 0.6548557 0.0617407 0.0645498
12 0.2954145 0.7194055 0.0617408 0.0645499
20 0.4188961 0.7194055 0.0617408 0.0645499
30 0.4806368 0.7194055 0.0617408 0.0645499
21 0.5423776 0.7194055 0.0617408 0.0645499
13 0.6041183 0.7194055 0.0617407 0.0645499
19 0.2954145 0.7839554 0.0617408 0.0645499
14 0.3571553 0.7839554 0.0617408 0.0645499
5 0.6658591 0.7839554 0.0617408 0.0645499
25 0.2954145 0.8485052 0.0617408 0.0645499
27 0.4188961 0.8485052 0.0617408 0.0645499
