26 0.4972473 0.8219716 0.0630823 0.0636297
19 0.5603296 0.8219716 0.0630823 0.0636297
32 0.4991027 0.6843112 0.4452869 0.4270533
5 0.4341650 0.5038231 0.0630823 0.0636297
3 0.4972473 0.5038231 0.0630823 0.0636297
12 0.5603296 0.5038231 0.0630823 0.0636297
11 0.3710827 0.5668410 0.0630823 0.0624060
30 0.4341650 0.5668410 0.0630823 0.0624060
25 0.4972473 0.5668410 0.0630823 0.0624060
2 0.5603296 0.5668410 0.0630823 0.0624060
28 0.6234119 0.5668410 0.0630823 0.0624060
15 0.3080004 0.6310825 0.0630823 0.0636297
31 0.3710827 0.6310825 0.0630823 0.0636297
6 0.5603296 0.6310825 0.0630823 0.0636297
27 0.6234119 0.6310825 0.0630823 0.0636297
29 0.6864943 0.6310825 0.0630824 0.0636297
10 0.3710827 0.6947122 0.0630823 0.0636297
18 0.4341650 0.6947122 0.0630823 0.0636297
13 0.4972473 0.6947122 0.0630823 0.0636297
14 0.6234119 0.6947122 0.0630823 0.0636297
7 0.6864943 0.6947122 0.0630824 0.0636297
21 0.3080004 0.7583419 0.0630823 0.0636298
20 0.3710827 0.7583419 0.0630823 0.0636298
22 0.4341650 0.7583419 0.0630823 0.0636298
16 0.4972473 0.7583419 0.0630823 0.0636298
9 0.6864943 0.7583419 0.0630824 0.0636298
