19 0.5211208 0.8836079 0.0659491 0.0656661
25 0.5870699 0.8836079 0.0659491 0.0656661
32 0.4571113 0.7415418 0.4655230 0.4407208
10 0.3892225 0.5552773 0.0659491 0.0656661
29 0.4551716 0.5552773 0.0659491 0.0656661
30 0.5870699 0.5552773 0.0659491 0.0656661
2 0.6530190 0.5552773 0.0659491 0.0656661
24 0.3232734 0.6203120 0.0659491 0.0644033
23 0.4551716 0.6203120 0.0659491 0.0644033
16 0.5870699 0.6203120 0.0659491 0.0644033
1 0.6530190 0.6203120 0.0659491 0.0644033
21 0.4551716 0.6866096 0.0659491 0.0656661
28 0.5211208 0.6866096 0.0659491 0.0656661
20 0.5870699 0.6866096 0.0659491 0.0656661
12 0.6530190 0.6866096 0.0659491 0.0656661
5 0.2573243 0.7522757 0.0659491 0.0656661
4 0.3232734 0.7522757 0.0659491 0.0656661
7 0.4551716 0.7522757 0.0659491 0.0656661
11 0.5211208 0.7522757 0.0659491 0.0656661
18 0.5870699 0.7522757 0.0659491 0.0656661
13 0.2573243 0.8179419 0.0659491 0.0656661
6 0.3892225 0.8179419 0.0659491 0.0656661
27 0.4551716 0.8179419 0.0659491 0.0656661
22 0.5870699 0.8179419 0.0659491 0.0656661
14 0.2573243 0.8836079 0.0659491 0.0656661
9 0.4551716 0.8836079 0.0659491 0.0656661
