18 0.6082336 0.8607843 0.0639527 0.0619337
15 0.7361389 0.8607843 0.0639527 0.0619337
32 0.5461619 0.7267931 0.4514307 0.4156705
5 0.3524229 0.5511157 0.0639527 0.0619337
26 0.4163756 0.5511157 0.0639527 0.0619337
31 0.5442809 0.5511157 0.0639527 0.0619337
2 0.6082336 0.5511157 0.0639527 0.0619337
25 0.7361389 0.5511157 0.0639527 0.0619337
3 0.3524229 0.6124539 0.0639527 0.0607427
27 0.4803282 0.6124539 0.0639527 0.0607427
12 0.5442809 0.6124539 0.0639527 0.0607427
4 0.6721863 0.6124539 0.0639526 0.0607427
11 0.4163756 0.6749831 0.0639527 0.0619337
1 0.5442809 0.6749831 0.0639527 0.0619337
9 0.6082336 0.6749831 0.0639527 0.0619337
20 0.6721863 0.6749831 0.0639526 0.0619337
13 0.4803282 0.7369169 0.0639527 0.0619337
14 0.5442809 0.7369169 0.0639527 0.0619337
6 0.3524229 0.7988506 0.0639527 0.0619337
16 0.4803282 0.7988506 0.0639527 0.0619337
10 0.5442809 0.7988506 0.0639527 0.0619337
28 0.6082336 0.7988506 0.0639527 0.0619337
30 0.3524229 0.8607843 0.0639527 0.0619337
29 0.4163756 0.8607843 0.0639527 0.0619337
24 0.4803282 0.8607843 0.0639527 0.0619337
8 0.5442809 0.8607843 0.0639527 0.0619337
