4 0.6100951 0.8229566 0.0622257 0.0624011
20 0.7345465 0.8229566 0.0622257 0.0624011
32 0.5496996 0.6879541 0.4392404 0.4188077
7 0.3611922 0.5109509 0.0622257 0.0624012
26 0.6100951 0.5109509 0.0622257 0.0624012
31 0.6723209 0.5109509 0.0622257 0.0624012
16 0.7345465 0.5109509 0.0622257 0.0624012
11 0.3611922 0.5727520 0.0622257 0.0612011
17 0.4234179 0.5727520 0.0622257 0.0612011
21 0.5478694 0.5727520 0.0622257 0.0612011
28 0.6100951 0.5727520 0.0622257 0.0612011
29 0.6723209 0.5727520 0.0622257 0.0612011
12 0.7345465 0.5727520 0.0622257 0.0612011
3 0.4856437 0.6357532 0.0622257 0.0624012
8 0.5478694 0.6357532 0.0622257 0.0624012
15 0.6100951 0.6357532 0.0622257 0.0624012
6 0.6723209 0.6357532 0.0622257 0.0624012
25 0.3611922 0.6981543 0.0622257 0.0624011
23 0.4856437 0.6981543 0.0622257 0.0624011
9 0.5478694 0.6981543 0.0622257 0.0624011
5 0.6100951 0.6981543 0.0622257 0.0624011
14 0.4856437 0.7605554 0.0622257 0.0624012
19 0.6100951 0.7605554 0.0622257 0.0624012
10 0.6723209 0.7605554 0.0622257 0.0624012
2 0.7345465 0.7605554 0.0622257 0.0624012
27 0.3611922 0.8229566 0.0622257 0.0624011
