13 0.5778672 0.9024445 0.0644065 0.0680644
28 0.7066801 0.9024445 0.0644064 0.0680644
32 0.5153551 0.7551898 0.4546340 0.4568169
3 0.3846478 0.5621225 0.0644065 0.0680644
29 0.5778672 0.5621225 0.0644065 0.0680644
20 0.7066801 0.5621225 0.0644064 0.0680644
2 0.3202413 0.6295324 0.0644065 0.0667554
31 0.3846478 0.6295324 0.0644065 0.0667554
27 0.5134607 0.6295324 0.0644065 0.0667554
19 0.6422737 0.6295324 0.0644065 0.0667554
17 0.7066801 0.6295324 0.0644064 0.0667554
21 0.3202413 0.6982513 0.0644065 0.0680643
11 0.3846478 0.6982513 0.0644065 0.0680643
9 0.4490543 0.6982513 0.0644065 0.0680643
14 0.5134607 0.6982513 0.0644065 0.0680643
15 0.5778672 0.6982513 0.0644065 0.0680643
5 0.3846478 0.7663157 0.0644065 0.0680644
7 0.4490543 0.7663157 0.0644065 0.0680644
23 0.6422737 0.7663157 0.0644065 0.0680644
18 0.3846478 0.8343801 0.0644065 0.0680644
16 0.5134607 0.8343801 0.0644065 0.0680644
10 0.6422737 0.8343801 0.0644065 0.0680644
6 0.7066801 0.8343801 0.0644064 0.0680644
25 0.3846478 0.9024445 0.0644065 0.0680644
22 0.4490543 0.9024445 0.0644065 0.0680644
8 0.5134607 0.9024445 0.0644065 0.0680644
