20 0.5999525 0.8499721 0.0665028 0.0667925
3 0.6664552 0.8499721 0.0665028 0.0667925
32 0.4689029 0.7054691 0.4694313 0.4482804
12 0.2674386 0.5160097 0.0665028 0.0667925
2 0.3339414 0.5160097 0.0665028 0.0667925
5 0.4004442 0.5160097 0.0665028 0.0667925
13 0.5334497 0.5160097 0.0665028 0.0667925
18 0.6664552 0.5160097 0.0665028 0.0667925
29 0.5999525 0.5821599 0.0665028 0.0655080
27 0.6664552 0.5821599 0.0665028 0.0655080
15 0.3339414 0.6495947 0.0665028 0.0667925
17 0.4669469 0.6495947 0.0665028 0.0667925
23 0.2674386 0.7163872 0.0665028 0.0667925
6 0.3339414 0.7163872 0.0665028 0.0667925
14 0.4004442 0.7163872 0.0665028 0.0667925
16 0.5334497 0.7163872 0.0665028 0.0667925
30 0.5999525 0.7163872 0.0665028 0.0667925
26 0.2674386 0.7831796 0.0665028 0.0667924
21 0.3339414 0.7831796 0.0665028 0.0667924
8 0.4004442 0.7831796 0.0665028 0.0667924
10 0.4669469 0.7831796 0.0665028 0.0667924
24 0.5334497 0.7831796 0.0665028 0.0667924
31 0.5999525 0.7831796 0.0665028 0.0667924
25 0.2674386 0.8499721 0.0665028 0.0667925
1 0.3339414 0.8499721 0.0665028 0.0667925
19 0.4004442 0.8499721 0.0665028 0.0667925
