25 0.5637664 0.8808559 0.0645919 0.0632413
13 0.6283583 0.8808559 0.0645919 0.0632413
32 0.5010743 0.7440355 0.4559426 0.4244472
22 0.3699908 0.5646487 0.0645919 0.0632414
5 0.6283583 0.5646487 0.0645919 0.0632414
30 0.6929501 0.5646487 0.0645919 0.0632414
12 0.3053990 0.6272821 0.0645919 0.0620252
1 0.5637664 0.6272821 0.0645919 0.0620252
9 0.3053990 0.6911316 0.0645919 0.0632414
28 0.3699908 0.6911316 0.0645919 0.0632414
15 0.4345827 0.6911316 0.0645919 0.0632414
11 0.4991746 0.6911316 0.0645919 0.0632414
3 0.5637664 0.6911316 0.0645919 0.0632414
24 0.6283583 0.6911316 0.0645919 0.0632414
14 0.6929501 0.6911316 0.0645919 0.0632414
29 0.3053990 0.7543730 0.0645919 0.0632414
27 0.3699908 0.7543730 0.0645919 0.0632414
17 0.4345827 0.7543730 0.0645919 0.0632414
20 0.5637664 0.7543730 0.0645919 0.0632414
2 0.6283583 0.7543730 0.0645919 0.0632414
23 0.6929501 0.7543730 0.0645919 0.0632414
6 0.3699908 0.8176144 0.0645919 0.0632414
16 0.6283583 0.8176144 0.0645919 0.0632414
21 0.3053990 0.8808559 0.0645919 0.0632413
19 0.3699908 0.8808559 0.0645919 0.0632413
18 0.4345827 0.8808559 0.0645919 0.0632413
