21 0.5817223 0.8873617 0.0609528 0.0655170
29 0.7036279 0.8873617 0.0609528 0.0655170
32 0.5225623 0.7456183 0.4302551 0.4397195
12 0.3988639 0.5597769 0.0609528 0.0655169
16 0.4598167 0.5597769 0.0609528 0.0655169
10 0.5207696 0.5597769 0.0609528 0.0655169
23 0.6426752 0.5597769 0.0609528 0.0655169
28 0.3379111 0.6246639 0.0609528 0.0642570
13 0.3988639 0.6246639 0.0609528 0.0642570
20 0.6426752 0.6246639 0.0609528 0.0642570
4 0.3988639 0.6908109 0.0609528 0.0655170
24 0.5817223 0.6908109 0.0609528 0.0655170
19 0.6426752 0.6908109 0.0609528 0.0655170
26 0.7036279 0.6908109 0.0609528 0.0655170
25 0.3988639 0.7563278 0.0609528 0.0655169
27 0.4598167 0.7563278 0.0609528 0.0655169
14 0.5207696 0.7563278 0.0609528 0.0655169
1 0.5817223 0.7563278 0.0609528 0.0655169
5 0.6426752 0.7563278 0.0609528 0.0655169
6 0.3988639 0.8218447 0.0609528 0.0655170
17 0.5207696 0.8218447 0.0609528 0.0655170
18 0.6426752 0.8218447 0.0609528 0.0655170
30 0.3379111 0.8873617 0.0609528 0.0655170
3 0.3988639 0.8873617 0.0609528 0.0655170
11 0.4598167 0.8873617 0.0609528 0.0655170
31 0.5207696 0.8873617 0.0609528 0.0655170
