3 0.4840104 0.8152393 0.0607454 0.0627054
9 0.6055011 0.8152393 0.0607454 0.0627054
32 0.4857970 0.6795786 0.4287910 0.4208496
22 0.4232650 0.5017123 0.0607454 0.0627054
2 0.4840104 0.5017123 0.0607454 0.0627054
1 0.5447558 0.5017123 0.0607454 0.0627054
4 0.6055011 0.5017123 0.0607454 0.0627054
10 0.6662466 0.5017123 0.0607454 0.0627054
19 0.3017742 0.5638148 0.0607454 0.0614995
17 0.3625196 0.5638148 0.0607454 0.0614995
7 0.4232650 0.5638148 0.0607454 0.0614995
23 0.4840104 0.5638148 0.0607454 0.0614995
5 0.5447558 0.5638148 0.0607454 0.0614995
29 0.3017742 0.6271231 0.0607454 0.0627054
20 0.6055011 0.6271231 0.0607454 0.0627054
16 0.6662466 0.6271231 0.0607454 0.0627054
8 0.3625196 0.6898285 0.0607454 0.0627054
26 0.4232650 0.6898285 0.0607454 0.0627054
27 0.4840104 0.6898285 0.0607454 0.0627054
11 0.6055011 0.6898285 0.0607454 0.0627054
15 0.6662466 0.6898285 0.0607454 0.0627054
18 0.3017742 0.7525339 0.0607454 0.0627054
31 0.3625196 0.7525339 0.0607454 0.0627054
25 0.4232650 0.7525339 0.0607454 0.0627054
14 0.5447558 0.7525339 0.0607454 0.0627054
24 0.3625196 0.8152393 0.0607454 0.0627054
