17 0.4842938 0.8398470 0.0615447 0.0650106
8 0.6689279 0.8398470 0.0615447 0.0650106
32 0.5476486 0.6991991 0.4344331 0.4363211
14 0.4842938 0.5147940 0.0615447 0.0650106
6 0.5458385 0.5147940 0.0615447 0.0650106
5 0.7304726 0.5147940 0.0615446 0.0650106
18 0.3612044 0.5791795 0.0615447 0.0637604
26 0.4227491 0.5791795 0.0615447 0.0637604
30 0.4842938 0.5791795 0.0615447 0.0637604
11 0.6073832 0.5791795 0.0615447 0.0637604
10 0.7304726 0.5791795 0.0615446 0.0637604
21 0.4227491 0.6448152 0.0615447 0.0650106
2 0.4842938 0.6448152 0.0615447 0.0650106
13 0.5458385 0.6448152 0.0615447 0.0650106
22 0.6073832 0.6448152 0.0615447 0.0650106
29 0.4227491 0.7098257 0.0615447 0.0650106
3 0.4842938 0.7098257 0.0615447 0.0650106
4 0.5458385 0.7098257 0.0615447 0.0650106
16 0.6073832 0.7098257 0.0615447 0.0650106
24 0.3612044 0.7748364 0.0615447 0.0650106
12 0.4227491 0.7748364 0.0615447 0.0650106
19 0.4842938 0.7748364 0.0615447 0.0650106
20 0.5458385 0.7748364 0.0615447 0.0650106
28 0.6689279 0.7748364 0.0615447 0.0650106
23 0.3612044 0.8398470 0.0615447 0.0650106
31 0.4227491 0.8398470 0.0615447 0.0650106
