27 0.5768708 0.8799121 0.0609158 0.0655459
30 0.6377866 0.8799121 0.0609158 0.0655459
32 0.4568309 0.7381059 0.4299937 0.4399141
11 0.2722919 0.5521824 0.0609158 0.0655459
14 0.4550393 0.5521824 0.0609158 0.0655459
25 0.5159550 0.5521824 0.0609158 0.0655459
7 0.5768708 0.5521824 0.0609158 0.0655459
1 0.3332077 0.6170981 0.0609158 0.0642854
2 0.4550393 0.6170981 0.0609158 0.0642854
29 0.2722919 0.6832742 0.0609158 0.0655459
24 0.3332077 0.6832742 0.0609158 0.0655459
6 0.3941235 0.6832742 0.0609158 0.0655459
13 0.5159550 0.6832742 0.0609158 0.0655459
12 0.6377866 0.6832742 0.0609158 0.0655459
21 0.2722919 0.7488202 0.0609158 0.0655460
18 0.3332077 0.7488202 0.0609158 0.0655460
17 0.5159550 0.7488202 0.0609158 0.0655460
23 0.5768708 0.7488202 0.0609158 0.0655460
4 0.2722919 0.8143661 0.0609158 0.0655460
8 0.3332077 0.8143661 0.0609158 0.0655460
15 0.3941235 0.8143661 0.0609158 0.0655460
9 0.5768708 0.8143661 0.0609158 0.0655460
19 0.6377866 0.8143661 0.0609158 0.0655460
22 0.2722919 0.8799121 0.0609158 0.0655459
28 0.3332077 0.8799121 0.0609158 0.0655459
20 0.4550393 0.8799121 0.0609158 0.0655459
