4 0.3557591 0.8891235 0.0643158 0.0665903
25 0.4200749 0.8891235 0.0643158 0.0665903
32 0.4862823 0.7450581 0.4539938 0.4469228
13 0.2914433 0.5561724 0.0643158 0.0665902
5 0.4200749 0.5561724 0.0643158 0.0665902
21 0.4843907 0.5561724 0.0643158 0.0665902
6 0.6130223 0.5561724 0.0643158 0.0665902
17 0.2914433 0.6221224 0.0643158 0.0653097
28 0.4200749 0.6221224 0.0643158 0.0653097
26 0.4843907 0.6221224 0.0643158 0.0653097
15 0.5487065 0.6221224 0.0643158 0.0653097
7 0.6130223 0.6221224 0.0643158 0.0653097
20 0.6773381 0.6221224 0.0643158 0.0653097
23 0.2914433 0.6893529 0.0643158 0.0665903
16 0.4200749 0.6893529 0.0643158 0.0665903
3 0.4843907 0.6893529 0.0643158 0.0665903
2 0.5487065 0.6893529 0.0643158 0.0665903
8 0.6130223 0.6893529 0.0643158 0.0665903
27 0.6773381 0.6893529 0.0643158 0.0665903
19 0.2914433 0.7559431 0.0643158 0.0665902
10 0.5487065 0.7559431 0.0643158 0.0665902
9 0.6130223 0.7559431 0.0643158 0.0665902
22 0.3557591 0.8225333 0.0643158 0.0665902
18 0.4200749 0.8225333 0.0643158 0.0665902
1 0.4843907 0.8225333 0.0643158 0.0665902
11 0.6130223 0.8225333 0.0643158 0.0665902
