10 0.5852256 0.9160017 0.0621494 0.0663862
20 0.6473750 0.9160017 0.0621494 0.0663862
32 0.4627548 0.7723777 0.4387015 0.4455534
4 0.2744788 0.5840707 0.0621494 0.0663862
11 0.3366281 0.5840707 0.0621494 0.0663862
26 0.4609269 0.5840707 0.0621494 0.0663862
29 0.5230762 0.5840707 0.0621494 0.0663862
28 0.5852256 0.5840707 0.0621494 0.0663862
15 0.3366281 0.6498186 0.0621494 0.0651095
25 0.3987775 0.6498186 0.0621494 0.0651095
30 0.5852256 0.6498186 0.0621494 0.0651095
24 0.6473750 0.6498186 0.0621494 0.0651095
2 0.5230762 0.7168431 0.0621494 0.0663862
16 0.5852256 0.7168431 0.0621494 0.0663862
17 0.6473750 0.7168431 0.0621494 0.0663862
19 0.3366281 0.7832293 0.0621494 0.0663863
5 0.3987775 0.7832293 0.0621494 0.0663863
7 0.5230762 0.7832293 0.0621494 0.0663863
1 0.3987775 0.8496155 0.0621494 0.0663862
3 0.5230762 0.8496155 0.0621494 0.0663862
13 0.5852256 0.8496155 0.0621494 0.0663862
9 0.6473750 0.8496155 0.0621494 0.0663862
14 0.3366281 0.9160017 0.0621494 0.0663862
23 0.3987775 0.9160017 0.0621494 0.0663862
18 0.4609269 0.9160017 0.0621494 0.0663862
12 0.5230762 0.9160017 0.0621494 0.0663862
