26 0.5601036 0.8731854 0.0625291 0.0643273
7 0.6226327 0.8731854 0.0625291 0.0643273
32 0.4994136 0.7340157 0.4413818 0.4317355
19 0.3099872 0.5515488 0.0625291 0.0643274
25 0.3725163 0.5515488 0.0625291 0.0643274
13 0.4350454 0.5515488 0.0625291 0.0643274
11 0.6226327 0.5515488 0.0625291 0.0643274
22 0.3099872 0.6152576 0.0625291 0.0630902
27 0.5601036 0.6152576 0.0625291 0.0630902
14 0.6851617 0.6152576 0.0625291 0.0630902
29 0.3099872 0.6802034 0.0625291 0.0643273
16 0.3725163 0.6802034 0.0625291 0.0643273
15 0.4975745 0.6802034 0.0625291 0.0643273
10 0.6226327 0.6802034 0.0625291 0.0643273
21 0.6851617 0.6802034 0.0625291 0.0643273
20 0.3099872 0.7445308 0.0625291 0.0643274
23 0.4350454 0.7445308 0.0625291 0.0643274
5 0.5601036 0.7445308 0.0625291 0.0643274
31 0.6226327 0.7445308 0.0625291 0.0643274
4 0.6851617 0.7445308 0.0625291 0.0643274
8 0.4350454 0.8088582 0.0625291 0.0643273
9 0.6226327 0.8088582 0.0625291 0.0643273
3 0.6851617 0.8088582 0.0625291 0.0643273
6 0.3099872 0.8731854 0.0625291 0.0643273
18 0.3725163 0.8731854 0.0625291 0.0643273
17 0.4975745 0.8731854 0.0625291 0.0643273
