22 0.5294469 0.8713889 0.0622445 0.0675959
10 0.5916914 0.8713889 0.0622445 0.0675959
32 0.5312777 0.7251477 0.4393729 0.4536726
14 0.3427135 0.5334093 0.0622445 0.0675959
18 0.4049580 0.5334093 0.0622445 0.0675959
5 0.5294469 0.5334093 0.0622445 0.0675959
17 0.5916914 0.5334093 0.0622445 0.0675959
30 0.6539359 0.5334093 0.0622445 0.0675959
8 0.3427135 0.6003553 0.0622445 0.0662960
28 0.4049580 0.6003553 0.0622445 0.0662960
21 0.4672025 0.6003553 0.0622445 0.0662960
3 0.5916914 0.6003553 0.0622445 0.0662960
16 0.7161804 0.6003553 0.0622446 0.0662960
24 0.3427135 0.6686012 0.0622445 0.0675959
20 0.5916914 0.6686012 0.0622445 0.0675959
26 0.7161804 0.6686012 0.0622446 0.0675959
12 0.5916914 0.7361971 0.0622445 0.0675959
2 0.6539359 0.7361971 0.0622445 0.0675959
7 0.7161804 0.7361971 0.0622446 0.0675959
15 0.3427135 0.8037930 0.0622445 0.0675959
9 0.4049580 0.8037930 0.0622445 0.0675959
31 0.5916914 0.8037930 0.0622445 0.0675959
27 0.6539359 0.8037930 0.0622445 0.0675959
6 0.7161804 0.8037930 0.0622446 0.0675959
23 0.3427135 0.8713889 0.0622445 0.0675959
4 0.4049580 0.8713889 0.0622445 0.0675959
