15 0.5313573 0.8978880 0.0634925 0.0676056
23 0.6583424 0.8978880 0.0634925 0.0676056
32 0.4697323 0.7516261 0.4481827 0.4537372
11 0.2773872 0.5598604 0.0634925 0.0676056
10 0.3408797 0.5598604 0.0634925 0.0676056
4 0.4678648 0.5598604 0.0634925 0.0676056
9 0.5313573 0.5598604 0.0634925 0.0676056
6 0.5948499 0.5598604 0.0634925 0.0676056
28 0.6583424 0.5598604 0.0634925 0.0676056
24 0.2773872 0.6268159 0.0634925 0.0663054
19 0.3408797 0.6268159 0.0634925 0.0663054
18 0.4678648 0.6268159 0.0634925 0.0663054
14 0.5948499 0.6268159 0.0634925 0.0663054
16 0.3408797 0.6950714 0.0634925 0.0676055
22 0.4043723 0.6950714 0.0634925 0.0676055
29 0.5313573 0.6950714 0.0634925 0.0676055
21 0.2773872 0.7626770 0.0634925 0.0676055
5 0.4043723 0.7626770 0.0634925 0.0676055
7 0.4678648 0.7626770 0.0634925 0.0676055
30 0.5948499 0.7626770 0.0634925 0.0676055
8 0.6583424 0.7626770 0.0634925 0.0676055
12 0.2773872 0.8302824 0.0634925 0.0676055
3 0.4043723 0.8302824 0.0634925 0.0676055
31 0.5948499 0.8302824 0.0634925 0.0676055
27 0.6583424 0.8302824 0.0634925 0.0676055
13 0.4043723 0.8978880 0.0634925 0.0676056
