29 0.5170871 0.8703476 0.0621134 0.0640470
18 0.5792005 0.8703476 0.0621134 0.0640470
32 0.4568006 0.7317844 0.4384475 0.4298538
22 0.3307469 0.5501128 0.0621134 0.0640470
31 0.3928603 0.5501128 0.0621134 0.0640470
27 0.2686335 0.6135439 0.0621134 0.0628153
23 0.3307469 0.6135439 0.0621134 0.0628153
4 0.3928603 0.6135439 0.0621134 0.0628153
6 0.5170871 0.6135439 0.0621134 0.0628153
3 0.2686335 0.6782066 0.0621134 0.0640470
24 0.3928603 0.6782066 0.0621134 0.0640470
1 0.4549737 0.6782066 0.0621134 0.0640470
2 0.5170871 0.6782066 0.0621134 0.0640470
17 0.5792005 0.6782066 0.0621134 0.0640470
8 0.6413139 0.6782066 0.0621134 0.0640470
7 0.2686335 0.7422537 0.0621134 0.0640470
14 0.3307469 0.7422537 0.0621134 0.0640470
26 0.3928603 0.7422537 0.0621134 0.0640470
16 0.4549737 0.7422537 0.0621134 0.0640470
25 0.5170871 0.7422537 0.0621134 0.0640470
30 0.3928603 0.8063007 0.0621134 0.0640469
15 0.4549737 0.8063007 0.0621134 0.0640469
20 0.6413139 0.8063007 0.0621134 0.0640469
9 0.3307469 0.8703476 0.0621134 0.0640470
10 0.3928603 0.8703476 0.0621134 0.0640470
28 0.4549737 0.8703476 0.0621134 0.0640470
