27 0.6571643 0.9260281 0.0652280 0.0675449
23 0.7223923 0.9260281 0.0652281 0.0675449
32 0.5286266 0.7766160 0.4604334 0.4467680
21 0.3310239 0.5883035 0.0652281 0.0675450
7 0.5919362 0.5883035 0.0652280 0.0675450
24 0.6571643 0.5883035 0.0652280 0.0675450
22 0.4614801 0.6551989 0.0652281 0.0662460
1 0.5267081 0.6551989 0.0652281 0.0662460
16 0.6571643 0.6551989 0.0652280 0.0662460
3 0.7223923 0.6551989 0.0652281 0.0662460
15 0.3962520 0.7233933 0.0652280 0.0675450
30 0.4614801 0.7233933 0.0652281 0.0675450
12 0.5919362 0.7233933 0.0652280 0.0675450
29 0.3962520 0.7909383 0.0652280 0.0675449
11 0.5267081 0.7909383 0.0652281 0.0675449
13 0.5919362 0.7909383 0.0652280 0.0675449
5 0.6571643 0.7909383 0.0652280 0.0675449
14 0.3962520 0.8584833 0.0652280 0.0675449
2 0.4614801 0.8584833 0.0652281 0.0675449
8 0.5919362 0.8584833 0.0652280 0.0675449
6 0.6571643 0.8584833 0.0652280 0.0675449
20 0.7223923 0.8584833 0.0652281 0.0675449
25 0.3310239 0.9260281 0.0652281 0.0675449
10 0.3962520 0.9260281 0.0652280 0.0675449
31 0.4614801 0.9260281 0.0652281 0.0675449
28 0.5919362 0.9260281 0.0652280 0.0675449
