19 0.6488642 0.8409883 0.0631218 0.0649245
28 0.7119859 0.8409883 0.0631217 0.0649245
32 0.5244772 0.7005267 0.4455655 0.4357429
9 0.4594989 0.5163661 0.0631218 0.0649244
15 0.5226206 0.5163661 0.0631218 0.0649244
20 0.6488642 0.5163661 0.0631218 0.0649244
24 0.7119859 0.5163661 0.0631217 0.0649244
5 0.3963771 0.5806663 0.0631218 0.0636759
10 0.4594989 0.5806663 0.0631218 0.0636759
2 0.5857424 0.5806663 0.0631218 0.0636759
22 0.6488642 0.5806663 0.0631218 0.0636759
12 0.3332553 0.6462150 0.0631218 0.0649245
8 0.3963771 0.6462150 0.0631218 0.0649245
7 0.5226206 0.6462150 0.0631218 0.0649245
27 0.7119859 0.6462150 0.0631217 0.0649245
21 0.3332553 0.7111394 0.0631218 0.0649244
4 0.3963771 0.7111394 0.0631218 0.0649244
11 0.6488642 0.7111394 0.0631218 0.0649244
1 0.3332553 0.7760638 0.0631218 0.0649245
26 0.3963771 0.7760638 0.0631218 0.0649245
16 0.5857424 0.7760638 0.0631218 0.0649245
17 0.7119859 0.7760638 0.0631217 0.0649245
14 0.4594989 0.8409883 0.0631218 0.0649245
30 0.5226206 0.8409883 0.0631218 0.0649245
23 0.5857424 0.8409883 0.0631218 0.0649245
