5 0.6012702 0.8415880 0.0648091 0.0646336
20 0.6660793 0.8415880 0.0648091 0.0646336
32 0.4735582 0.7017557 0.4574757 0.4337908
26 0.2772249 0.5184200 0.0648091 0.0646336
4 0.6660793 0.5184200 0.0648091 0.0646336
22 0.2772249 0.5824321 0.0648091 0.0633907
2 0.3420339 0.5824321 0.0648091 0.0633907
6 0.4716521 0.5824321 0.0648091 0.0633907
17 0.6660793 0.5824321 0.0648091 0.0633907
28 0.3420339 0.6476872 0.0648091 0.0646336
23 0.4068430 0.6476872 0.0648090 0.0646336
21 0.4716521 0.6476872 0.0648091 0.0646336
8 0.6012702 0.6476872 0.0648091 0.0646336
11 0.5364611 0.7123208 0.0648091 0.0646336
25 0.6012702 0.7123208 0.0648091 0.0646336
13 0.6660793 0.7123208 0.0648091 0.0646336
29 0.3420339 0.7769543 0.0648091 0.0646336
3 0.4716521 0.7769543 0.0648091 0.0646336
16 0.5364611 0.7769543 0.0648091 0.0646336
1 0.6012702 0.7769543 0.0648091 0.0646336
12 0.6660793 0.7769543 0.0648091 0.0646336
18 0.2772249 0.8415880 0.0648091 0.0646336
10 0.3420339 0.8415880 0.0648091 0.0646336
9 0.4068430 0.8415880 0.0648090 0.0646336
7 0.5364611 0.8415880 0.0648091 0.0646336
