28 0.5947159 0.8532147 0.0626353 0.0653059
21 0.6573512 0.8532147 0.0626353 0.0653059
32 0.5339228 0.7119282 0.4421317 0.4383025
17 0.3441746 0.5266857 0.0626353 0.0653058
24 0.4068099 0.5266857 0.0626353 0.0653058
19 0.4694452 0.5266857 0.0626353 0.0653058
23 0.5320805 0.5266857 0.0626353 0.0653058
9 0.5947159 0.5266857 0.0626353 0.0653058
22 0.7199866 0.5266857 0.0626353 0.0653058
26 0.3441746 0.5913636 0.0626353 0.0640499
25 0.4068099 0.5913636 0.0626353 0.0640499
27 0.5320805 0.5913636 0.0626353 0.0640499
16 0.5947159 0.5913636 0.0626353 0.0640499
6 0.6573512 0.5913636 0.0626353 0.0640499
18 0.7199866 0.5913636 0.0626353 0.0640499
14 0.4694452 0.6572974 0.0626353 0.0653058
15 0.5320805 0.6572974 0.0626353 0.0653058
10 0.6573512 0.6572974 0.0626353 0.0653058
20 0.4068099 0.7226031 0.0626353 0.0653058
4 0.5320805 0.7226031 0.0626353 0.0653058
30 0.5947159 0.7226031 0.0626353 0.0653058
1 0.7199866 0.7879089 0.0626353 0.0653058
29 0.3441746 0.8532147 0.0626353 0.0653059
7 0.4068099 0.8532147 0.0626353 0.0653059
2 0.4694452 0.8532147 0.0626353 0.0653059
