14 0.5620553 0.8740945 0.0641565 0.0619090
28 0.6262119 0.8740945 0.0641565 0.0619090
32 0.4997857 0.7401569 0.4528697 0.4155043
2 0.3054291 0.5645499 0.0641565 0.0619090
1 0.3695856 0.5645499 0.0641565 0.0619090
16 0.4337422 0.5645499 0.0641566 0.0619090
11 0.5620553 0.5645499 0.0641565 0.0619090
31 0.6262119 0.5645499 0.0641565 0.0619090
29 0.6903683 0.5645499 0.0641566 0.0619090
25 0.3695856 0.6258635 0.0641565 0.0607183
27 0.6903683 0.6258635 0.0641566 0.0607183
5 0.3695856 0.6883678 0.0641565 0.0619090
9 0.4978988 0.6883678 0.0641565 0.0619090
19 0.5620553 0.6883678 0.0641565 0.0619090
8 0.6262119 0.6883678 0.0641565 0.0619090
22 0.3054291 0.7502766 0.0641565 0.0619090
21 0.4978988 0.7502766 0.0641565 0.0619090
17 0.5620553 0.7502766 0.0641565 0.0619090
10 0.3695856 0.8121857 0.0641565 0.0619090
4 0.4337422 0.8121857 0.0641566 0.0619090
7 0.4978988 0.8121857 0.0641565 0.0619090
15 0.5620553 0.8121857 0.0641565 0.0619090
20 0.6262119 0.8121857 0.0641565 0.0619090
3 0.6903683 0.8121857 0.0641566 0.0619090
18 0.3695856 0.8740945 0.0641565 0.0619090
