25 0.6095009 0.8656260 0.0633163 0.0681895
13 0.7361334 0.8656260 0.0633163 0.0681895
32 0.5480469 0.7181005 0.4469383 0.4576569
9 0.3562358 0.5246782 0.0633163 0.0681895
8 0.4828684 0.5246782 0.0633163 0.0681895
26 0.6095009 0.5246782 0.0633163 0.0681895
1 0.6728172 0.5246782 0.0633163 0.0681895
30 0.7361334 0.5246782 0.0633163 0.0681895
17 0.4195521 0.5922121 0.0633163 0.0668782
22 0.6728172 0.5922121 0.0633163 0.0668782
27 0.7361334 0.5922121 0.0633163 0.0668782
7 0.4195521 0.6610573 0.0633163 0.0681895
3 0.4828684 0.6610573 0.0633163 0.0681895
18 0.6095009 0.6610573 0.0633163 0.0681895
2 0.6728172 0.6610573 0.0633163 0.0681895
15 0.7361334 0.6610573 0.0633163 0.0681895
23 0.3562358 0.7292468 0.0633163 0.0681896
12 0.4195521 0.7292468 0.0633163 0.0681896
24 0.4828684 0.7292468 0.0633163 0.0681896
6 0.4195521 0.7974364 0.0633163 0.0681895
29 0.4828684 0.7974364 0.0633163 0.0681895
4 0.5461847 0.7974364 0.0633163 0.0681895
20 0.7361334 0.7974364 0.0633163 0.0681895
10 0.4828684 0.8656260 0.0633163 0.0681895
19 0.5461847 0.8656260 0.0633163 0.0681895
