30 0.4824535 0.8489515 0.0620814 0.0644052
29 0.5445349 0.8489515 0.0620814 0.0644052
32 0.4842795 0.7096133 0.4382216 0.4322578
21 0.2962094 0.5269256 0.0620814 0.0644052
14 0.4203722 0.5269256 0.0620814 0.0644052
25 0.4824535 0.5269256 0.0620814 0.0644052
10 0.6066163 0.5269256 0.0620814 0.0644052
26 0.6686977 0.5269256 0.0620814 0.0644052
28 0.3582907 0.5907115 0.0620814 0.0631666
7 0.5445349 0.5907115 0.0620814 0.0631666
31 0.6686977 0.5907115 0.0620814 0.0631666
18 0.2962094 0.6557359 0.0620814 0.0644052
16 0.3582907 0.6557359 0.0620814 0.0644052
27 0.4203722 0.6557359 0.0620814 0.0644052
11 0.5445349 0.6557359 0.0620814 0.0644052
2 0.6066163 0.6557359 0.0620814 0.0644052
5 0.6686977 0.6557359 0.0620814 0.0644052
24 0.4824535 0.7201411 0.0620814 0.0644052
17 0.5445349 0.7201411 0.0620814 0.0644052
6 0.6066163 0.7201411 0.0620814 0.0644052
8 0.6686977 0.7201411 0.0620814 0.0644052
15 0.3582907 0.7845464 0.0620814 0.0644051
13 0.4203722 0.7845464 0.0620814 0.0644051
22 0.6686977 0.7845464 0.0620814 0.0644051
3 0.3582907 0.8489515 0.0620814 0.0644052
