22 0.4121407 0.8264758 0.0632710 0.0632848
27 0.6019537 0.8264758 0.0632710 0.0632848
32 0.5405436 0.6895616 0.4466189 0.4247382
13 0.4121407 0.5100519 0.0632710 0.0632848
11 0.5386826 0.5100519 0.0632710 0.0632848
12 0.6019537 0.5100519 0.0632710 0.0632848
7 0.7284956 0.5100519 0.0632710 0.0632848
2 0.4121407 0.5727282 0.0632710 0.0620678
1 0.4754116 0.5727282 0.0632710 0.0620678
21 0.5386826 0.5727282 0.0632710 0.0620678
26 0.6652246 0.5727282 0.0632710 0.0620678
4 0.3488696 0.6366215 0.0632710 0.0632848
18 0.4121407 0.6366215 0.0632710 0.0632848
6 0.4754116 0.6366215 0.0632710 0.0632848
3 0.5386826 0.6366215 0.0632710 0.0632848
29 0.6019537 0.6366215 0.0632710 0.0632848
20 0.7284956 0.6366215 0.0632710 0.0632848
30 0.4754116 0.6999062 0.0632710 0.0632848
28 0.5386826 0.6999062 0.0632710 0.0632848
9 0.6019537 0.6999062 0.0632710 0.0632848
24 0.7284956 0.6999062 0.0632710 0.0632848
14 0.3488696 0.7631910 0.0632710 0.0632848
19 0.6019537 0.7631910 0.0632710 0.0632848
25 0.6652246 0.7631910 0.0632710 0.0632848
16 0.7284956 0.7631910 0.0632710 0.0632848
