23 0.3695840 0.9079171 0.0653807 0.0638992
11 0.5003455 0.9079171 0.0653807 0.0638992
32 0.5022684 0.7696736 0.4615110 0.4288622
2 0.3042033 0.5884210 0.0653807 0.0638992
21 0.5003455 0.5884210 0.0653807 0.0638992
29 0.6311069 0.5884210 0.0653807 0.0638992
22 0.6964876 0.5884210 0.0653807 0.0638992
20 0.3042033 0.6517058 0.0653807 0.0626704
3 0.3695840 0.6517058 0.0653807 0.0626704
6 0.5003455 0.6517058 0.0653807 0.0626704
30 0.3042033 0.7162194 0.0653807 0.0638992
16 0.3695840 0.7162194 0.0653807 0.0638992
18 0.5657262 0.7162194 0.0653807 0.0638992
10 0.6311069 0.7162194 0.0653807 0.0638992
25 0.6964876 0.7162194 0.0653807 0.0638992
19 0.3042033 0.7801186 0.0653807 0.0638992
31 0.3695840 0.7801186 0.0653807 0.0638992
9 0.4349648 0.7801186 0.0653807 0.0638992
5 0.5003455 0.7801186 0.0653807 0.0638992
28 0.6311069 0.7801186 0.0653807 0.0638992
26 0.3695840 0.8440179 0.0653807 0.0638992
4 0.4349648 0.8440179 0.0653807 0.0638992
7 0.5657262 0.8440179 0.0653807 0.0638992
24 0.6311069 0.8440179 0.0653807 0.0638992
17 0.6964876 0.8440179 0.0653807 0.0638992
