14 0.6037080 0.8848024 0.0664432 0.0636800
13 0.6701512 0.8848024 0.0664432 0.0636800
32 0.4727759 0.7470332 0.4690108 0.4273907
18 0.2714921 0.5664025 0.0664432 0.0636800
9 0.3379353 0.5664025 0.0664432 0.0636800
12 0.4708217 0.5664025 0.0664432 0.0636800
30 0.5372649 0.5664025 0.0664432 0.0636800
1 0.6037080 0.5664025 0.0664432 0.0636800
15 0.3379353 0.6294701 0.0664432 0.0624554
23 0.6701512 0.6294701 0.0664432 0.0624554
16 0.3379353 0.6937624 0.0664432 0.0636800
8 0.4043785 0.6937624 0.0664432 0.0636800
4 0.4708217 0.6937624 0.0664432 0.0636800
31 0.6037080 0.6937624 0.0664432 0.0636800
19 0.6701512 0.6937624 0.0664432 0.0636800
24 0.2714921 0.7574425 0.0664432 0.0636800
22 0.4043785 0.7574425 0.0664432 0.0636800
21 0.6037080 0.7574425 0.0664432 0.0636800
10 0.4043785 0.8211224 0.0664432 0.0636800
7 0.4708217 0.8211224 0.0664432 0.0636800
20 0.5372649 0.8211224 0.0664432 0.0636800
17 0.6701512 0.8211224 0.0664432 0.0636800
11 0.3379353 0.8848024 0.0664432 0.0636800
6 0.4708217 0.8848024 0.0664432 0.0636800
3 0.5372649 0.8848024 0.0664432 0.0636800
