5 0.5399838 0.8760454 0.0658333 0.0650903
15 0.6716504 0.8760454 0.0658333 0.0650903
32 0.5419201 0.7352251 0.4647056 0.4368557
9 0.3424839 0.5505941 0.0658333 0.0650903
22 0.4083172 0.5505941 0.0658333 0.0650903
21 0.6058171 0.5505941 0.0658333 0.0650903
14 0.6716504 0.5505941 0.0658333 0.0650903
6 0.7374837 0.5505941 0.0658333 0.0650903
24 0.3424839 0.6150585 0.0658333 0.0638385
3 0.4083172 0.6150585 0.0658333 0.0638385
29 0.4741505 0.6150585 0.0658333 0.0638385
11 0.6716504 0.6150585 0.0658333 0.0638385
19 0.7374837 0.6150585 0.0658333 0.0638385
13 0.4083172 0.6807747 0.0658333 0.0650903
27 0.4741505 0.6807747 0.0658333 0.0650903
8 0.6716504 0.6807747 0.0658333 0.0650903
7 0.7374837 0.6807747 0.0658333 0.0650903
31 0.3424839 0.7458649 0.0658333 0.0650903
26 0.4083172 0.7458649 0.0658333 0.0650903
1 0.5399838 0.7458649 0.0658333 0.0650903
18 0.7374837 0.7458649 0.0658333 0.0650903
30 0.5399838 0.8109552 0.0658333 0.0650903
10 0.6716504 0.8109552 0.0658333 0.0650903
28 0.3424839 0.8760454 0.0658333 0.0650903
25 0.4083172 0.8760454 0.0658333 0.0650903
