5 0.5721302 0.8353111 0.0610609 0.0665844
29 0.6942521 0.8353111 0.0610609 0.0665844
32 0.5128651 0.6912584 0.4310186 0.4468839
10 0.3889473 0.5023891 0.0610609 0.0665844
23 0.4500082 0.5023891 0.0610610 0.0665844
4 0.5110692 0.5023891 0.0610610 0.0665844
21 0.5721302 0.5023891 0.0610609 0.0665844
11 0.6942521 0.5023891 0.0610609 0.0665844
20 0.3889473 0.5683333 0.0610609 0.0653040
14 0.5110692 0.5683333 0.0610610 0.0653040
27 0.6942521 0.5683333 0.0610609 0.0653040
15 0.3278863 0.6355579 0.0610610 0.0665844
26 0.4500082 0.6355579 0.0610610 0.0665844
24 0.5110692 0.6355579 0.0610610 0.0665844
30 0.5721302 0.6355579 0.0610609 0.0665844
3 0.6942521 0.6355579 0.0610609 0.0665844
17 0.3889473 0.7021423 0.0610609 0.0665845
6 0.5721302 0.7021423 0.0610609 0.0665845
31 0.6331911 0.7021423 0.0610610 0.0665845
8 0.6942521 0.7021423 0.0610609 0.0665845
12 0.3278863 0.7687268 0.0610610 0.0665844
19 0.6331911 0.7687268 0.0610610 0.0665844
13 0.3889473 0.8353111 0.0610609 0.0665844
1 0.4500082 0.8353111 0.0610610 0.0665844
9 0.5110692 0.8353111 0.0610610 0.0665844
