10 0.4504076 0.8950166 0.0662832 0.0665215
30 0.5166908 0.8950166 0.0662832 0.0665215
32 0.5186403 0.7511000 0.4678814 0.4464614
26 0.3178412 0.5624092 0.0662832 0.0665215
16 0.4504076 0.5624092 0.0662832 0.0665215
24 0.5166908 0.5624092 0.0662832 0.0665215
29 0.5829740 0.5624092 0.0662832 0.0665215
11 0.6492572 0.5624092 0.0662832 0.0665215
5 0.3178412 0.6282911 0.0662832 0.0652422
20 0.3841245 0.6282911 0.0662832 0.0652422
15 0.4504076 0.6282911 0.0662832 0.0652422
9 0.5829740 0.6282911 0.0662832 0.0652422
12 0.7155405 0.6282911 0.0662832 0.0652422
25 0.3178412 0.6954522 0.0662832 0.0665215
14 0.3841245 0.6954522 0.0662832 0.0665215
3 0.5166908 0.6954522 0.0662832 0.0665215
6 0.5829740 0.6954522 0.0662832 0.0665215
7 0.7155405 0.6954522 0.0662832 0.0665215
1 0.3178412 0.7619737 0.0662832 0.0665215
4 0.4504076 0.7619737 0.0662832 0.0665215
13 0.5166908 0.7619737 0.0662832 0.0665215
8 0.5829740 0.7619737 0.0662832 0.0665215
27 0.6492572 0.7619737 0.0662832 0.0665215
22 0.5166908 0.8284952 0.0662832 0.0665215
18 0.6492572 0.8284952 0.0662832 0.0665215
