7 0.5718369 0.9163757 0.0612007 0.0665021
8 0.6330376 0.9163757 0.0612007 0.0665021
32 0.4512356 0.7725011 0.4320046 0.4463312
12 0.2658336 0.5838654 0.0612007 0.0665021
14 0.3882349 0.5838654 0.0612006 0.0665021
1 0.5718369 0.5838654 0.0612007 0.0665021
13 0.2658336 0.6497280 0.0612007 0.0652232
26 0.3882349 0.6497280 0.0612006 0.0652232
31 0.4494356 0.6497280 0.0612007 0.0652232
10 0.5106363 0.6497280 0.0612006 0.0652232
3 0.5718369 0.6497280 0.0612007 0.0652232
17 0.6330376 0.6497280 0.0612007 0.0652232
24 0.2658336 0.7168695 0.0612007 0.0665021
9 0.3270343 0.7168695 0.0612007 0.0665021
16 0.4494356 0.7168695 0.0612007 0.0665021
30 0.5106363 0.7168695 0.0612006 0.0665021
4 0.3270343 0.7833716 0.0612007 0.0665021
6 0.5106363 0.7833716 0.0612006 0.0665021
29 0.5718369 0.7833716 0.0612007 0.0665021
11 0.3270343 0.8498737 0.0612007 0.0665021
28 0.5106363 0.8498737 0.0612006 0.0665021
23 0.2658336 0.9163757 0.0612007 0.0665021
20 0.3270343 0.9163757 0.0612007 0.0665021
21 0.4494356 0.9163757 0.0612007 0.0665021
15 0.5106363 0.9163757 0.0612006 0.0665021
