6 0.6479767 0.8980988 0.0646240 0.0665604
12 0.7126007 0.8980988 0.0646240 0.0665604
32 0.5206295 0.7540978 0.4561694 0.4467230
17 0.3248568 0.5652966 0.0646240 0.0665604
1 0.4541048 0.5652966 0.0646240 0.0665604
29 0.5187287 0.5652966 0.0646240 0.0665604
22 0.3248568 0.6312170 0.0646240 0.0652805
2 0.5187287 0.6312170 0.0646240 0.0652805
14 0.5833527 0.6312170 0.0646240 0.0652805
5 0.6479767 0.6312170 0.0646240 0.0652805
19 0.7126007 0.6312170 0.0646240 0.0652805
31 0.3248568 0.6984175 0.0646240 0.0665604
4 0.5187287 0.6984175 0.0646240 0.0665604
7 0.5833527 0.6984175 0.0646240 0.0665604
15 0.6479767 0.6984175 0.0646240 0.0665604
10 0.7126007 0.6984175 0.0646240 0.0665604
30 0.3248568 0.7649779 0.0646240 0.0665604
9 0.4541048 0.7649779 0.0646240 0.0665604
20 0.5187287 0.7649779 0.0646240 0.0665604
8 0.3894807 0.8315384 0.0646240 0.0665604
11 0.5187287 0.8315384 0.0646240 0.0665604
18 0.7126007 0.8315384 0.0646240 0.0665604
28 0.3894807 0.8980988 0.0646240 0.0665604
21 0.4541048 0.8980988 0.0646240 0.0665604
27 0.5187287 0.8980988 0.0646240 0.0665604
