24 0.6233234 0.8632806 0.0610521 0.0635909
28 0.6843755 0.8632806 0.0610522 0.0635909
32 0.5030147 0.7257041 0.4309564 0.4267926
14 0.3180626 0.5453262 0.0610522 0.0635909
9 0.3791147 0.5453262 0.0610522 0.0635909
8 0.5012190 0.5453262 0.0610521 0.0635909
12 0.6233234 0.5453262 0.0610521 0.0635909
30 0.3180626 0.6083056 0.0610522 0.0623680
21 0.3791147 0.6083056 0.0610522 0.0623680
22 0.4401669 0.6083056 0.0610522 0.0623680
20 0.5622712 0.6083056 0.0610522 0.0623680
6 0.6843755 0.6083056 0.0610522 0.0623680
13 0.3180626 0.6725079 0.0610522 0.0635909
19 0.3791147 0.6725079 0.0610522 0.0635909
18 0.5012190 0.6725079 0.0610521 0.0635909
16 0.6843755 0.6725079 0.0610522 0.0635909
2 0.5012190 0.7360988 0.0610521 0.0635909
31 0.6233234 0.7360988 0.0610521 0.0635909
10 0.3791147 0.7996896 0.0610522 0.0635909
27 0.5012190 0.7996896 0.0610521 0.0635909
11 0.5622712 0.7996896 0.0610522 0.0635909
3 0.6233234 0.7996896 0.0610521 0.0635909
23 0.6843755 0.7996896 0.0610522 0.0635909
15 0.3180626 0.8632806 0.0610522 0.0635909
1 0.3791147 0.8632806 0.0610522 0.0635909
