4 0.5950675 0.8869021 0.0654243 0.0681970
20 0.6604919 0.8869021 0.0654243 0.0681970
32 0.4661432 0.7393604 0.4618187 0.4577069
8 0.2679460 0.5459169 0.0654243 0.0681971
29 0.3333703 0.5459169 0.0654243 0.0681971
31 0.5296432 0.5459169 0.0654243 0.0681971
16 0.2679460 0.6134583 0.0654243 0.0668856
3 0.4642189 0.6134583 0.0654243 0.0668856
2 0.6604919 0.6134583 0.0654243 0.0668856
17 0.2679460 0.6823109 0.0654243 0.0681970
11 0.6604919 0.6823109 0.0654243 0.0681970
13 0.2679460 0.7505080 0.0654243 0.0681971
23 0.3333703 0.7505080 0.0654243 0.0681971
22 0.3987946 0.7505080 0.0654243 0.0681971
9 0.4642189 0.7505080 0.0654243 0.0681971
24 0.5296432 0.7505080 0.0654243 0.0681971
5 0.5950675 0.7505080 0.0654243 0.0681971
6 0.6604919 0.7505080 0.0654243 0.0681971
7 0.3333703 0.8187051 0.0654243 0.0681970
25 0.5296432 0.8187051 0.0654243 0.0681970
30 0.6604919 0.8187051 0.0654243 0.0681970
19 0.2679460 0.8869021 0.0654243 0.0681970
14 0.3987946 0.8869021 0.0654243 0.0681970
26 0.4642189 0.8869021 0.0654243 0.0681970
18 0.5296432 0.8869021 0.0654243 0.0681970
