23 0.4232870 0.8673331 0.0639804 0.0680674
27 0.4872674 0.8673331 0.0639804 0.0680674
32 0.4891492 0.7200719 0.4516263 0.4568369
26 0.2953262 0.5269961 0.0639804 0.0680674
1 0.4232870 0.5269961 0.0639804 0.0680674
25 0.4872674 0.5269961 0.0639804 0.0680674
15 0.5512478 0.5269961 0.0639804 0.0680674
10 0.6152281 0.5269961 0.0639804 0.0680674
9 0.3593066 0.5944090 0.0639804 0.0667584
14 0.4872674 0.5944090 0.0639804 0.0667584
5 0.6152281 0.5944090 0.0639804 0.0667584
3 0.6792085 0.5944090 0.0639804 0.0667584
4 0.2953262 0.6631309 0.0639804 0.0680674
2 0.3593066 0.6631309 0.0639804 0.0680674
6 0.4872674 0.6631309 0.0639804 0.0680674
16 0.5512478 0.6631309 0.0639804 0.0680674
7 0.6792085 0.6631309 0.0639804 0.0680674
29 0.3593066 0.7311983 0.0639804 0.0680674
11 0.4872674 0.7311983 0.0639804 0.0680674
8 0.6152281 0.7311983 0.0639804 0.0680674
30 0.3593066 0.7992656 0.0639804 0.0680674
22 0.4232870 0.7992656 0.0639804 0.0680674
21 0.6792085 0.7992656 0.0639804 0.0680674
24 0.2953262 0.8673331 0.0639804 0.0680674
31 0.3593066 0.8673331 0.0639804 0.0680674
