4 0.5311703 0.8886244 0.0640937 0.0679652
17 0.5952639 0.8886244 0.0640936 0.0679652
32 0.4689617 0.7415842 0.4524258 0.4561513
13 0.2747956 0.5487983 0.0640937 0.0679652
29 0.5311703 0.5487983 0.0640937 0.0679652
30 0.6593576 0.5487983 0.0640937 0.0679652
25 0.2747956 0.6161100 0.0640937 0.0666582
14 0.3388893 0.6161100 0.0640937 0.0666582
23 0.4029829 0.6161100 0.0640937 0.0666582
3 0.4670766 0.6161100 0.0640937 0.0666582
16 0.5311703 0.6161100 0.0640937 0.0666582
26 0.6593576 0.6161100 0.0640937 0.0666582
27 0.2747956 0.6847287 0.0640937 0.0679652
8 0.4029829 0.6847287 0.0640937 0.0679652
28 0.4670766 0.6847287 0.0640937 0.0679652
1 0.5311703 0.6847287 0.0640937 0.0679652
22 0.2747956 0.7526939 0.0640937 0.0679652
31 0.4029829 0.7526939 0.0640937 0.0679652
11 0.4670766 0.7526939 0.0640937 0.0679652
15 0.5311703 0.7526939 0.0640937 0.0679652
18 0.3388893 0.8206592 0.0640937 0.0679652
21 0.5311703 0.8206592 0.0640937 0.0679652
9 0.5952639 0.8206592 0.0640936 0.0679652
24 0.6593576 0.8206592 0.0640937 0.0679652
19 0.4670766 0.8886244 0.0640937 0.0679652
