21 0.4582209 0.8704547 0.0609742 0.0629639
9 0.7021176 0.8704547 0.0609742 0.0629639
32 0.5209884 0.7342346 0.4304058 0.4225849
16 0.3972468 0.5556350 0.0609742 0.0629639
7 0.4582209 0.5556350 0.0609742 0.0629639
4 0.5191951 0.5556350 0.0609742 0.0629639
29 0.5801692 0.5556350 0.0609742 0.0629639
11 0.6411434 0.5556350 0.0609742 0.0629639
10 0.3362726 0.6179935 0.0609742 0.0617531
20 0.4582209 0.6179935 0.0609742 0.0617531
13 0.5801692 0.6179935 0.0609742 0.0617531
2 0.7021176 0.6179935 0.0609742 0.0617531
27 0.3362726 0.6815630 0.0609742 0.0629639
23 0.3972468 0.6815630 0.0609742 0.0629639
6 0.4582209 0.6815630 0.0609742 0.0629639
8 0.5191951 0.6815630 0.0609742 0.0629639
1 0.6411434 0.6815630 0.0609742 0.0629639
28 0.3362726 0.7445268 0.0609742 0.0629639
18 0.5191951 0.7445268 0.0609742 0.0629639
25 0.5801692 0.7445268 0.0609742 0.0629639
31 0.6411434 0.7445268 0.0609742 0.0629639
19 0.3972468 0.8074908 0.0609742 0.0629639
24 0.4582209 0.8074908 0.0609742 0.0629639
30 0.7021176 0.8074908 0.0609742 0.0629639
17 0.3972468 0.8704547 0.0609742 0.0629639
