17 0.6106227 0.8854028 0.0627679 0.0629918
29 0.7361585 0.8854028 0.0627679 0.0629918
32 0.5497009 0.7491225 0.4430677 0.4227718
8 0.3595510 0.5704439 0.0627679 0.0629918
7 0.4223190 0.5704439 0.0627679 0.0629918
16 0.5478548 0.5704439 0.0627679 0.0629918
1 0.7361585 0.5704439 0.0627679 0.0629918
10 0.3595510 0.6328300 0.0627679 0.0617804
9 0.4223190 0.6328300 0.0627679 0.0617804
4 0.4850868 0.6328300 0.0627679 0.0617804
26 0.6106227 0.6328300 0.0627679 0.0617804
22 0.7361585 0.6328300 0.0627679 0.0617804
27 0.3595510 0.6964275 0.0627679 0.0629918
21 0.6106227 0.6964275 0.0627679 0.0629918
23 0.6733907 0.6964275 0.0627679 0.0629918
14 0.3595510 0.7594193 0.0627679 0.0629918
13 0.4223190 0.7594193 0.0627679 0.0629918
25 0.4850868 0.7594193 0.0627679 0.0629918
18 0.6733907 0.7594193 0.0627679 0.0629918
19 0.3595510 0.8224110 0.0627679 0.0629918
15 0.4850868 0.8224110 0.0627679 0.0629918
28 0.6106227 0.8224110 0.0627679 0.0629918
2 0.6733907 0.8224110 0.0627679 0.0629918
31 0.4223190 0.8854028 0.0627679 0.0629918
5 0.5478548 0.8854028 0.0627679 0.0629918
