4 0.6497658 0.8433056 0.0655465 0.0674355
8 0.7153123 0.8433056 0.0655465 0.0674355
32 0.5206006 0.6974115 0.4626812 0.4525958
25 0.3220333 0.5061282 0.0655465 0.0674355
5 0.4531263 0.5061282 0.0655465 0.0674355
29 0.5842193 0.5061282 0.0655465 0.0674355
3 0.6497658 0.5061282 0.0655465 0.0674355
12 0.4531263 0.5729153 0.0655465 0.0661386
26 0.5186728 0.5729153 0.0655465 0.0661386
19 0.5842193 0.5729153 0.0655465 0.0661386
18 0.4531263 0.6409991 0.0655465 0.0674355
17 0.3220333 0.7084346 0.0655465 0.0674355
2 0.3875798 0.7084346 0.0655465 0.0674355
16 0.4531263 0.7084346 0.0655465 0.0674355
11 0.5186728 0.7084346 0.0655465 0.0674355
31 0.5842193 0.7084346 0.0655465 0.0674355
1 0.7153123 0.7084346 0.0655465 0.0674355
7 0.3220333 0.7758701 0.0655465 0.0674355
15 0.4531263 0.7758701 0.0655465 0.0674355
23 0.5186728 0.7758701 0.0655465 0.0674355
24 0.5842193 0.7758701 0.0655465 0.0674355
28 0.6497658 0.7758701 0.0655465 0.0674355
22 0.3220333 0.8433056 0.0655465 0.0674355
13 0.3875798 0.8433056 0.0655465 0.0674355
20 0.5842193 0.8433056 0.0655465 0.0674355
