23 0.4351788 0.8621091 0.0617931 0.0641335
30 0.6205580 0.8621091 0.0617931 0.0641335
32 0.4987893 0.7233585 0.4361864 0.4304347
22 0.6823511 0.5414413 0.0617931 0.0641335
18 0.3115926 0.6049582 0.0617931 0.0629002
9 0.3733857 0.6049582 0.0617931 0.0629002
11 0.4351788 0.6049582 0.0617931 0.0629002
25 0.4969719 0.6049582 0.0617931 0.0629002
26 0.3115926 0.6697084 0.0617931 0.0641335
10 0.3733857 0.6697084 0.0617931 0.0641335
31 0.5587650 0.6697084 0.0617931 0.0641335
17 0.6205580 0.6697084 0.0617931 0.0641335
21 0.6823511 0.6697084 0.0617931 0.0641335
20 0.3115926 0.7338419 0.0617931 0.0641335
14 0.3733857 0.7338419 0.0617931 0.0641335
24 0.4351788 0.7338419 0.0617931 0.0641335
5 0.5587650 0.7338419 0.0617931 0.0641335
16 0.3115926 0.7979755 0.0617931 0.0641336
29 0.3733857 0.7979755 0.0617931 0.0641336
4 0.4351788 0.7979755 0.0617931 0.0641336
13 0.4969719 0.7979755 0.0617931 0.0641336
28 0.5587650 0.7979755 0.0617931 0.0641336
12 0.6823511 0.7979755 0.0617931 0.0641336
19 0.3115926 0.8621091 0.0617931 0.0641335
2 0.3733857 0.8621091 0.0617931 0.0641335
