21 0.6576132 0.8276729 0.0625833 0.0644329
1 0.7201965 0.8276729 0.0625832 0.0644329
32 0.5342873 0.6882748 0.4417642 0.4324440
6 0.3446969 0.5055083 0.0625833 0.0644329
19 0.4072801 0.5055083 0.0625833 0.0644329
31 0.4698634 0.5055083 0.0625833 0.0644329
18 0.5324467 0.5055083 0.0625833 0.0644329
24 0.6576132 0.5055083 0.0625833 0.0644329
26 0.3446969 0.5693217 0.0625833 0.0631938
22 0.4072801 0.5693217 0.0625833 0.0631938
17 0.4698634 0.5693217 0.0625833 0.0631938
25 0.5950299 0.5693217 0.0625832 0.0631938
30 0.7201965 0.5693217 0.0625832 0.0631938
4 0.3446969 0.6343742 0.0625833 0.0644329
5 0.5324467 0.6343742 0.0625833 0.0644329
29 0.6576132 0.6343742 0.0625833 0.0644329
23 0.4698634 0.6988071 0.0625833 0.0644329
7 0.5324467 0.6988071 0.0625833 0.0644329
9 0.6576132 0.6988071 0.0625833 0.0644329
13 0.7201965 0.6988071 0.0625832 0.0644329
27 0.3446969 0.7632401 0.0625833 0.0644329
16 0.4072801 0.7632401 0.0625833 0.0644329
20 0.5950299 0.7632401 0.0625832 0.0644329
15 0.4072801 0.8276729 0.0625833 0.0644329
8 0.5324467 0.8276729 0.0625833 0.0644329
