6 0.5726960 0.9165688 0.0633749 0.0670077
27 0.6360709 0.9165688 0.0633749 0.0670077
32 0.5111850 0.7716003 0.4473527 0.4497245
23 0.3191961 0.5815305 0.0633750 0.0670077
30 0.3825711 0.5815305 0.0633749 0.0670077
16 0.5093211 0.5815305 0.0633750 0.0670077
19 0.6360709 0.5815305 0.0633749 0.0670077
9 0.6994460 0.5815305 0.0633750 0.0670077
3 0.5093211 0.6478938 0.0633750 0.0657191
20 0.6360709 0.6478938 0.0633749 0.0657191
11 0.6994460 0.6478938 0.0633750 0.0657191
24 0.3191961 0.7155458 0.0633750 0.0670077
15 0.3825711 0.7155458 0.0633749 0.0670077
10 0.4459460 0.7155458 0.0633750 0.0670077
4 0.6360709 0.7155458 0.0633749 0.0670077
7 0.6994460 0.7155458 0.0633750 0.0670077
28 0.3191961 0.7825536 0.0633750 0.0670077
22 0.3825711 0.7825536 0.0633749 0.0670077
12 0.4459460 0.7825536 0.0633750 0.0670077
5 0.6360709 0.7825536 0.0633749 0.0670077
31 0.5093211 0.8495612 0.0633750 0.0670076
18 0.6360709 0.8495612 0.0633749 0.0670076
29 0.6994460 0.8495612 0.0633750 0.0670076
8 0.3825711 0.9165688 0.0633749 0.0670077
13 0.4459460 0.9165688 0.0633750 0.0670077
