21 0.5350670 0.9031972 0.0658471 0.0675317
13 0.6667610 0.9031972 0.0658470 0.0675317
32 0.4711566 0.7570950 0.4648026 0.4532415
8 0.3375259 0.6324212 0.0658470 0.0662330
20 0.4033729 0.6324212 0.0658471 0.0662330
12 0.4692199 0.6324212 0.0658470 0.0662330
4 0.6009140 0.6324212 0.0658470 0.0662330
18 0.6667610 0.6324212 0.0658470 0.0662330
17 0.3375259 0.7006021 0.0658470 0.0675317
26 0.5350670 0.7006021 0.0658471 0.0675317
5 0.6009140 0.7006021 0.0658470 0.0675317
30 0.6667610 0.7006021 0.0658470 0.0675317
14 0.2716788 0.7681339 0.0658470 0.0675317
23 0.3375259 0.7681339 0.0658470 0.0675317
10 0.4692199 0.7681339 0.0658470 0.0675317
25 0.6009140 0.7681339 0.0658470 0.0675317
16 0.2716788 0.8356656 0.0658470 0.0675317
29 0.3375259 0.8356656 0.0658470 0.0675317
27 0.4033729 0.8356656 0.0658471 0.0675317
24 0.6009140 0.8356656 0.0658470 0.0675317
3 0.6667610 0.8356656 0.0658470 0.0675317
22 0.2716788 0.9031972 0.0658470 0.0675317
11 0.3375259 0.9031972 0.0658470 0.0675317
6 0.4033729 0.9031972 0.0658471 0.0675317
19 0.4692199 0.9031972 0.0658470 0.0675317
