5 0.5993429 0.8739940 0.0656368 0.0624440
1 0.7306165 0.8739940 0.0656367 0.0624440
32 0.5356366 0.7388988 0.4633186 0.4190953
18 0.3367957 0.5617740 0.0656368 0.0624440
24 0.4680693 0.5617740 0.0656368 0.0624440
31 0.5337061 0.5617740 0.0656368 0.0624440
17 0.6649797 0.5617740 0.0656368 0.0624440
2 0.7306165 0.5617740 0.0656367 0.0624440
4 0.3367957 0.6236176 0.0656368 0.0612432
23 0.4680693 0.6236176 0.0656368 0.0612432
21 0.5337061 0.6236176 0.0656368 0.0612432
3 0.5993429 0.6236176 0.0656368 0.0612432
14 0.6649797 0.6236176 0.0656368 0.0612432
29 0.7306165 0.6236176 0.0656367 0.0612432
16 0.5337061 0.6866621 0.0656368 0.0624440
22 0.5993429 0.6866621 0.0656368 0.0624440
10 0.4680693 0.7491060 0.0656368 0.0624439
11 0.3367957 0.8115500 0.0656368 0.0624440
28 0.4024325 0.8115500 0.0656368 0.0624440
7 0.4680693 0.8115500 0.0656368 0.0624440
8 0.5337061 0.8115500 0.0656368 0.0624440
13 0.7306165 0.8115500 0.0656367 0.0624440
9 0.3367957 0.8739940 0.0656368 0.0624440
19 0.4680693 0.8739940 0.0656368 0.0624440
30 0.5337061 0.8739940 0.0656368 0.0624440
