3 0.6670564 0.8502720 0.0650239 0.0647925
16 0.7320802 0.8502720 0.0650239 0.0647925
32 0.5389211 0.7100961 0.4589920 0.4348570
14 0.4069609 0.5263097 0.0650238 0.0647924
13 0.4719848 0.5263097 0.0650239 0.0647924
7 0.5370087 0.5263097 0.0650239 0.0647924
30 0.6020325 0.5263097 0.0650238 0.0647924
27 0.3419371 0.5904792 0.0650239 0.0635464
15 0.4719848 0.5904792 0.0650239 0.0635464
20 0.5370087 0.5904792 0.0650239 0.0635464
23 0.6670564 0.5904792 0.0650239 0.0635464
26 0.7320802 0.5904792 0.0650239 0.0635464
9 0.3419371 0.6558946 0.0650239 0.0647924
17 0.7320802 0.6558946 0.0650239 0.0647924
31 0.3419371 0.7206871 0.0650239 0.0647925
24 0.5370087 0.7206871 0.0650239 0.0647925
4 0.6670564 0.7206871 0.0650239 0.0647925
11 0.7320802 0.7206871 0.0650239 0.0647925
25 0.3419371 0.7854796 0.0650239 0.0647924
19 0.4069609 0.7854796 0.0650238 0.0647924
21 0.5370087 0.7854796 0.0650239 0.0647924
22 0.6020325 0.7854796 0.0650238 0.0647924
28 0.6670564 0.7854796 0.0650239 0.0647924
2 0.7320802 0.7854796 0.0650239 0.0647924
5 0.4719848 0.8502720 0.0650239 0.0647925
