16 0.5188550 0.8201556 0.0669320 0.0645448
28 0.5857870 0.8201556 0.0669320 0.0645448
32 0.4538917 0.6805153 0.4724608 0.4331952
4 0.3849911 0.4974314 0.0669320 0.0645448
21 0.4519231 0.4974314 0.0669319 0.0645448
12 0.5188550 0.4974314 0.0669320 0.0645448
5 0.5857870 0.4974314 0.0669320 0.0645448
30 0.6527189 0.4974314 0.0669319 0.0645448
27 0.2511272 0.5613556 0.0669320 0.0633036
9 0.3180592 0.5613556 0.0669319 0.0633036
22 0.4519231 0.5613556 0.0669319 0.0633036
10 0.2511272 0.6265211 0.0669320 0.0645448
8 0.6527189 0.6265211 0.0669319 0.0645448
25 0.2511272 0.6910659 0.0669320 0.0645448
7 0.3180592 0.6910659 0.0669319 0.0645448
2 0.3849911 0.6910659 0.0669320 0.0645448
19 0.5188550 0.6910659 0.0669320 0.0645448
17 0.2511272 0.7556107 0.0669320 0.0645448
23 0.3849911 0.7556107 0.0669320 0.0645448
1 0.4519231 0.7556107 0.0669319 0.0645448
24 0.5857870 0.7556107 0.0669320 0.0645448
6 0.6527189 0.7556107 0.0669319 0.0645448
14 0.2511272 0.8201556 0.0669320 0.0645448
26 0.3849911 0.8201556 0.0669320 0.0645448
31 0.4519231 0.8201556 0.0669319 0.0645448
