6 0.5361901 0.8173941 0.0628032 0.0650603
19 0.6617966 0.8173941 0.0628032 0.0650603
32 0.4752341 0.6766386 0.4433168 0.4366548
20 0.3477805 0.4920925 0.0628032 0.0650603
23 0.4733869 0.4920925 0.0628032 0.0650603
17 0.5361901 0.4920925 0.0628032 0.0650603
21 0.5989933 0.4920925 0.0628032 0.0650603
26 0.6617966 0.4920925 0.0628032 0.0650603
14 0.2849772 0.5565273 0.0628032 0.0638092
25 0.4105836 0.5565273 0.0628032 0.0638092
30 0.4733869 0.5565273 0.0628032 0.0638092
27 0.5989933 0.5565273 0.0628032 0.0638092
8 0.6617966 0.5565273 0.0628032 0.0638092
11 0.2849772 0.6222132 0.0628032 0.0650603
7 0.3477805 0.6222132 0.0628032 0.0650603
16 0.4733869 0.6222132 0.0628032 0.0650603
2 0.5989933 0.6222132 0.0628032 0.0650603
1 0.2849772 0.6872736 0.0628032 0.0650603
10 0.3477805 0.6872736 0.0628032 0.0650603
24 0.4733869 0.6872736 0.0628032 0.0650603
29 0.5361901 0.6872736 0.0628032 0.0650603
31 0.5989933 0.6872736 0.0628032 0.0650603
3 0.6617966 0.6872736 0.0628032 0.0650603
5 0.5989933 0.7523338 0.0628032 0.0650603
18 0.4733869 0.8173941 0.0628032 0.0650603
