30 0.6158236 0.8214388 0.0645074 0.0650138
3 0.6803310 0.8214388 0.0645074 0.0650138
32 0.4887061 0.6807838 0.4553465 0.4363428
25 0.3577939 0.4963696 0.0645074 0.0650138
4 0.6803310 0.4963696 0.0645074 0.0650138
15 0.2932865 0.5607582 0.0645074 0.0637635
26 0.4868088 0.5607582 0.0645074 0.0637635
19 0.5513162 0.5607582 0.0645074 0.0637635
12 0.6158236 0.5607582 0.0645074 0.0637635
23 0.3577939 0.6263972 0.0645074 0.0650138
1 0.6803310 0.6263972 0.0645074 0.0650138
13 0.3577939 0.6914110 0.0645074 0.0650138
9 0.4223013 0.6914110 0.0645074 0.0650138
31 0.4868088 0.6914110 0.0645074 0.0650138
10 0.5513162 0.6914110 0.0645074 0.0650138
18 0.6158236 0.6914110 0.0645074 0.0650138
27 0.6803310 0.6914110 0.0645074 0.0650138
22 0.3577939 0.7564249 0.0645074 0.0650139
8 0.4223013 0.7564249 0.0645074 0.0650139
16 0.5513162 0.7564249 0.0645074 0.0650139
29 0.6158236 0.7564249 0.0645074 0.0650139
2 0.2932865 0.8214388 0.0645074 0.0650138
11 0.3577939 0.8214388 0.0645074 0.0650138
14 0.4223013 0.8214388 0.0645074 0.0650138
28 0.5513162 0.8214388 0.0645074 0.0650138
