22 0.5284169 0.8131197 0.0656849 0.0628516
5 0.6597867 0.8131197 0.0656849 0.0628516
32 0.4646639 0.6771428 0.4636580 0.4218306
18 0.2656774 0.4988620 0.0656849 0.0628516
25 0.3313622 0.4988620 0.0656849 0.0628516
6 0.6597867 0.4988620 0.0656849 0.0628516
21 0.2656774 0.5611092 0.0656849 0.0616429
30 0.3313622 0.5611092 0.0656849 0.0616429
26 0.5284169 0.5611092 0.0656849 0.0616429
1 0.5941018 0.5611092 0.0656849 0.0616429
7 0.2656774 0.6245650 0.0656849 0.0628515
14 0.3970471 0.6245650 0.0656849 0.0628515
10 0.5284169 0.6245650 0.0656849 0.0628515
11 0.5941018 0.6245650 0.0656849 0.0628515
27 0.6597867 0.6245650 0.0656849 0.0628515
23 0.3313622 0.6874166 0.0656849 0.0628516
8 0.4627320 0.6874166 0.0656849 0.0628516
15 0.5284169 0.6874166 0.0656849 0.0628516
31 0.2656774 0.7502682 0.0656849 0.0628516
29 0.3313622 0.7502682 0.0656849 0.0628516
12 0.3970471 0.7502682 0.0656849 0.0628516
9 0.4627320 0.7502682 0.0656849 0.0628516
20 0.5941018 0.7502682 0.0656849 0.0628516
2 0.2656774 0.8131197 0.0656849 0.0628516
17 0.3313622 0.8131197 0.0656849 0.0628516
