30 0.5343772 0.8213041 0.0642723 0.0649942
22 0.6629220 0.8213041 0.0642724 0.0649942
32 0.4719952 0.6806916 0.4536874 0.4362111
7 0.4058325 0.4963330 0.0642724 0.0649942
19 0.4701049 0.4963330 0.0642724 0.0649942
9 0.5986496 0.4963330 0.0642724 0.0649942
11 0.4058325 0.5607023 0.0642724 0.0637443
29 0.5343772 0.5607023 0.0642723 0.0637443
6 0.5986496 0.5607023 0.0642724 0.0637443
3 0.6629220 0.5607023 0.0642724 0.0637443
25 0.4058325 0.6263215 0.0642724 0.0649942
26 0.4701049 0.6263215 0.0642724 0.0649942
21 0.5986496 0.6263215 0.0642724 0.0649942
23 0.6629220 0.6263215 0.0642724 0.0649942
31 0.2772877 0.6913157 0.0642724 0.0649942
13 0.3415601 0.6913157 0.0642724 0.0649942
15 0.4058325 0.6913157 0.0642724 0.0649942
16 0.4701049 0.6913157 0.0642724 0.0649942
24 0.5343772 0.6913157 0.0642723 0.0649942
17 0.5986496 0.6913157 0.0642724 0.0649942
18 0.6629220 0.6913157 0.0642724 0.0649942
27 0.5986496 0.7563099 0.0642724 0.0649942
14 0.6629220 0.7563099 0.0642724 0.0649942
10 0.3415601 0.8213041 0.0642724 0.0649942
1 0.4701049 0.8213041 0.0642724 0.0649942
