10 0.4570306 0.8701642 0.0620705 0.0656765
3 0.6432422 0.8701642 0.0620705 0.0656765
32 0.5209267 0.7280756 0.4381446 0.4407906
2 0.3949602 0.5417815 0.0620705 0.0656765
1 0.4570306 0.5417815 0.0620705 0.0656765
25 0.6432422 0.5417815 0.0620705 0.0656765
16 0.7053127 0.5417815 0.0620705 0.0656765
28 0.3328897 0.6068265 0.0620705 0.0644135
9 0.3949602 0.6068265 0.0620705 0.0644135
15 0.5191012 0.6068265 0.0620705 0.0644135
12 0.5811716 0.6068265 0.0620705 0.0644135
31 0.6432422 0.6068265 0.0620705 0.0644135
11 0.7053127 0.6068265 0.0620705 0.0644135
5 0.3328897 0.6731345 0.0620705 0.0656766
14 0.3949602 0.6731345 0.0620705 0.0656766
19 0.4570306 0.6731345 0.0620705 0.0656766
26 0.5811716 0.6731345 0.0620705 0.0656766
22 0.6432422 0.6731345 0.0620705 0.0656766
18 0.3328897 0.7388110 0.0620705 0.0656765
17 0.4570306 0.7388110 0.0620705 0.0656765
29 0.5811716 0.7388110 0.0620705 0.0656765
21 0.6432422 0.7388110 0.0620705 0.0656765
24 0.5191012 0.8044876 0.0620705 0.0656766
30 0.5811716 0.8044876 0.0620705 0.0656766
6 0.6432422 0.8044876 0.0620705 0.0656766
