12 0.5963215 0.9049486 0.0646806 0.0671349
7 0.7256827 0.9049486 0.0646806 0.0671349
32 0.5335433 0.7597048 0.4565686 0.4505783
23 0.3375993 0.5692742 0.0646806 0.0671349
18 0.4669604 0.5692742 0.0646806 0.0671349
17 0.5316409 0.5692742 0.0646806 0.0671349
8 0.5963215 0.5692742 0.0646806 0.0671349
29 0.7256827 0.5692742 0.0646806 0.0671349
19 0.4022798 0.6357635 0.0646806 0.0658438
6 0.5316409 0.6357635 0.0646806 0.0658438
1 0.6610020 0.6357635 0.0646806 0.0658438
31 0.7256827 0.6357635 0.0646806 0.0658438
28 0.3375993 0.7035439 0.0646806 0.0671349
9 0.4022798 0.7035439 0.0646806 0.0671349
15 0.4669604 0.7035439 0.0646806 0.0671349
10 0.5316409 0.7035439 0.0646806 0.0671349
25 0.5316409 0.7706788 0.0646806 0.0671349
27 0.5963215 0.7706788 0.0646806 0.0671349
4 0.6610020 0.7706788 0.0646806 0.0671349
22 0.3375993 0.8378137 0.0646806 0.0671349
3 0.4022798 0.8378137 0.0646806 0.0671349
30 0.5316409 0.8378137 0.0646806 0.0671349
21 0.7256827 0.8378137 0.0646806 0.0671349
20 0.4022798 0.9049486 0.0646806 0.0671349
11 0.4669604 0.9049486 0.0646806 0.0671349
