6 0.3814754 0.8663387 0.0667550 0.0623416
28 0.4482304 0.8663387 0.0667550 0.0623416
32 0.4501937 0.7314650 0.4712119 0.4184082
5 0.3147203 0.5546306 0.0667550 0.0623416
22 0.3814754 0.5546306 0.0667550 0.0623416
21 0.5149854 0.5546306 0.0667550 0.0623416
14 0.5817404 0.5546306 0.0667550 0.0623416
7 0.6484955 0.5546306 0.0667550 0.0623416
31 0.5149854 0.6163728 0.0667550 0.0611427
4 0.5817404 0.6163728 0.0667550 0.0611427
15 0.2479653 0.6793138 0.0667550 0.0623416
9 0.3147203 0.6793138 0.0667550 0.0623416
25 0.3814754 0.6793138 0.0667550 0.0623416
18 0.4482304 0.6793138 0.0667550 0.0623416
29 0.2479653 0.7416554 0.0667550 0.0623416
24 0.3814754 0.7416554 0.0667550 0.0623416
17 0.4482304 0.7416554 0.0667550 0.0623416
10 0.5149854 0.7416554 0.0667550 0.0623416
3 0.5817404 0.7416554 0.0667550 0.0623416
27 0.6484955 0.7416554 0.0667550 0.0623416
23 0.2479653 0.8039970 0.0667550 0.0623417
12 0.3147203 0.8039970 0.0667550 0.0623417
2 0.3814754 0.8039970 0.0667550 0.0623417
11 0.4482304 0.8039970 0.0667550 0.0623417
26 0.2479653 0.8663387 0.0667550 0.0623416
