29 0.6099854 0.8569262 0.0666597 0.0618347
10 0.7433049 0.8569262 0.0666598 0.0618347
32 0.5452862 0.7231492 0.4705396 0.4150061
11 0.5433256 0.5477527 0.0666597 0.0618347
18 0.6099854 0.5477527 0.0666597 0.0618347
22 0.6766451 0.5477527 0.0666598 0.0618347
21 0.7433049 0.5477527 0.0666598 0.0618347
20 0.3433463 0.6089928 0.0666598 0.0606456
16 0.4100061 0.6089928 0.0666598 0.0606456
13 0.4766658 0.6089928 0.0666598 0.0606456
8 0.5433256 0.6089928 0.0666597 0.0606456
15 0.6099854 0.6089928 0.0666597 0.0606456
12 0.6766451 0.6089928 0.0666598 0.0606456
14 0.6099854 0.6714221 0.0666597 0.0618347
1 0.3433463 0.7332568 0.0666598 0.0618346
6 0.4766658 0.7332568 0.0666598 0.0618346
17 0.5433256 0.7332568 0.0666597 0.0618346
7 0.6099854 0.7332568 0.0666597 0.0618346
26 0.6766451 0.7332568 0.0666598 0.0618346
3 0.3433463 0.7950915 0.0666598 0.0618347
31 0.4766658 0.7950915 0.0666598 0.0618347
24 0.7433049 0.7950915 0.0666598 0.0618347
23 0.4100061 0.8569262 0.0666598 0.0618347
5 0.4766658 0.8569262 0.0666598 0.0618347
9 0.5433256 0.8569262 0.0666597 0.0618347
