21 0.5878115 0.9040747 0.0632047 0.0678971
6 0.7142207 0.9040747 0.0632047 0.0678971
32 0.5264659 0.7571819 0.4461503 0.4556942
8 0.3349930 0.5645891 0.0632046 0.0678971
2 0.3981976 0.5645891 0.0632046 0.0678971
16 0.4614023 0.5645891 0.0632046 0.0678971
5 0.3981976 0.6318333 0.0632046 0.0665914
30 0.3981976 0.7003833 0.0632046 0.0678971
19 0.4614023 0.7003833 0.0632046 0.0678971
3 0.5878115 0.7003833 0.0632047 0.0678971
1 0.6510161 0.7003833 0.0632046 0.0678971
10 0.7142207 0.7003833 0.0632047 0.0678971
7 0.5246069 0.7682805 0.0632046 0.0678971
17 0.5878115 0.7682805 0.0632047 0.0678971
14 0.6510161 0.7682805 0.0632046 0.0678971
4 0.7142207 0.7682805 0.0632047 0.0678971
18 0.3349930 0.8361776 0.0632046 0.0678972
25 0.3981976 0.8361776 0.0632046 0.0678972
15 0.5246069 0.8361776 0.0632046 0.0678972
22 0.5878115 0.8361776 0.0632047 0.0678972
13 0.6510161 0.8361776 0.0632046 0.0678972
11 0.7142207 0.8361776 0.0632047 0.0678972
31 0.3349930 0.9040747 0.0632046 0.0678971
28 0.3981976 0.9040747 0.0632046 0.0678971
27 0.5246069 0.9040747 0.0632046 0.0678971
