28 0.3920154 0.8641405 0.0622031 0.0679974
19 0.5786246 0.8641405 0.0622031 0.0679974
32 0.4560480 0.7170308 0.4390804 0.4563668
13 0.2676093 0.5241537 0.0622031 0.0679973
6 0.3920154 0.5241537 0.0622031 0.0679973
8 0.5786246 0.5241537 0.0622031 0.0679973
25 0.2676093 0.5914972 0.0622031 0.0666897
26 0.3298124 0.5914972 0.0622030 0.0666897
9 0.3920154 0.5914972 0.0622031 0.0666897
15 0.6408277 0.5914972 0.0622031 0.0666897
10 0.2676093 0.6601484 0.0622031 0.0679973
3 0.3920154 0.6601484 0.0622031 0.0679973
22 0.4542185 0.6601484 0.0622031 0.0679973
20 0.5164215 0.6601484 0.0622031 0.0679973
16 0.5786246 0.6601484 0.0622031 0.0679973
2 0.6408277 0.6601484 0.0622031 0.0679973
14 0.3298124 0.7281458 0.0622030 0.0679974
7 0.3920154 0.7281458 0.0622031 0.0679974
30 0.4542185 0.7281458 0.0622031 0.0679974
18 0.6408277 0.7281458 0.0622031 0.0679974
17 0.3298124 0.7961430 0.0622030 0.0679974
11 0.3920154 0.7961430 0.0622031 0.0679974
12 0.4542185 0.7961430 0.0622031 0.0679974
1 0.5786246 0.7961430 0.0622031 0.0679974
27 0.2676093 0.8641405 0.0622031 0.0679974
