29 0.2824287 0.8465952 0.0610963 0.0643109
30 0.3435250 0.8465952 0.0610963 0.0643109
32 0.4675147 0.7074609 0.4312682 0.4316253
28 0.2824287 0.5250405 0.0610963 0.0643110
10 0.4046214 0.5250405 0.0610963 0.0643110
14 0.5268140 0.5250405 0.0610963 0.0643110
1 0.6490067 0.5250405 0.0610964 0.0643110
16 0.2824287 0.5887331 0.0610963 0.0630742
11 0.5268140 0.5887331 0.0610963 0.0630742
31 0.5879104 0.5887331 0.0610963 0.0630742
20 0.6490067 0.5887331 0.0610964 0.0630742
18 0.2824287 0.6536624 0.0610963 0.0643110
23 0.3435250 0.6536624 0.0610963 0.0643110
9 0.4046214 0.6536624 0.0610963 0.0643110
25 0.4657177 0.6536624 0.0610963 0.0643110
19 0.3435250 0.7179733 0.0610963 0.0643109
27 0.4046214 0.7179733 0.0610963 0.0643109
15 0.4657177 0.7179733 0.0610963 0.0643109
13 0.5879104 0.7179733 0.0610963 0.0643109
7 0.6490067 0.7179733 0.0610964 0.0643109
17 0.3435250 0.7822842 0.0610963 0.0643110
21 0.4046214 0.7822842 0.0610963 0.0643110
12 0.4657177 0.7822842 0.0610963 0.0643110
8 0.5268140 0.7822842 0.0610963 0.0643110
22 0.5879104 0.7822842 0.0610963 0.0643110
