29 0.5896111 0.8603938 0.0624040 0.0680673
27 0.6520151 0.8603938 0.0624040 0.0680673
32 0.4666385 0.7131328 0.4404990 0.4568362
1 0.2775909 0.5200573 0.0624040 0.0680673
22 0.4023990 0.5200573 0.0624040 0.0680673
19 0.5272070 0.5200573 0.0624040 0.0680673
30 0.5896111 0.5200573 0.0624040 0.0680673
24 0.6520151 0.5200573 0.0624040 0.0680673
9 0.2775909 0.5874701 0.0624040 0.0667583
2 0.6520151 0.5874701 0.0624040 0.0667583
4 0.5272070 0.6561919 0.0624040 0.0680673
16 0.6520151 0.6561919 0.0624040 0.0680673
3 0.3399950 0.7242592 0.0624040 0.0680673
7 0.4023990 0.7242592 0.0624040 0.0680673
17 0.5272070 0.7242592 0.0624040 0.0680673
11 0.6520151 0.7242592 0.0624040 0.0680673
25 0.2775909 0.7923265 0.0624040 0.0680672
26 0.3399950 0.7923265 0.0624040 0.0680672
13 0.5272070 0.7923265 0.0624040 0.0680672
12 0.5896111 0.7923265 0.0624040 0.0680672
5 0.6520151 0.7923265 0.0624040 0.0680672
8 0.2775909 0.8603938 0.0624040 0.0680673
18 0.4023990 0.8603938 0.0624040 0.0680673
15 0.4648030 0.8603938 0.0624040 0.0680673
28 0.5272070 0.8603938 0.0624040 0.0680673
