17 0.6316832 0.8955541 0.0606159 0.0671654
23 0.6922991 0.8955541 0.0606160 0.0671654
32 0.5122341 0.7502443 0.4278774 0.4507832
21 0.3286034 0.5597271 0.0606160 0.0671654
11 0.3892193 0.5597271 0.0606160 0.0671654
1 0.4498353 0.5597271 0.0606160 0.0671654
3 0.5710672 0.5597271 0.0606160 0.0671654
24 0.6316832 0.5597271 0.0606159 0.0671654
5 0.6922991 0.5597271 0.0606160 0.0671654
31 0.3892193 0.6262466 0.0606160 0.0658737
28 0.4498353 0.6262466 0.0606160 0.0658737
22 0.5104512 0.6262466 0.0606160 0.0658737
20 0.5710672 0.6262466 0.0606160 0.0658737
6 0.3892193 0.6940579 0.0606160 0.0671655
4 0.4498353 0.6940579 0.0606160 0.0671655
13 0.5104512 0.6940579 0.0606160 0.0671655
9 0.3286034 0.7612233 0.0606160 0.0671654
26 0.3892193 0.7612233 0.0606160 0.0671654
25 0.4498353 0.7612233 0.0606160 0.0671654
14 0.5104512 0.7612233 0.0606160 0.0671654
7 0.3892193 0.8283887 0.0606160 0.0671655
10 0.4498353 0.8283887 0.0606160 0.0671655
2 0.6922991 0.8283887 0.0606160 0.0671655
18 0.3892193 0.8955541 0.0606160 0.0671654
19 0.5104512 0.8955541 0.0606160 0.0671654
