26 0.5831201 0.8462700 0.0663454 0.0622837
6 0.6494656 0.8462700 0.0663454 0.0622837
32 0.4523805 0.7115216 0.4683208 0.4180196
5 0.2513929 0.5348515 0.0663454 0.0622837
12 0.3177383 0.5348515 0.0663455 0.0622837
25 0.3840838 0.5348515 0.0663454 0.0622837
18 0.4504292 0.5348515 0.0663454 0.0622837
24 0.5831201 0.5348515 0.0663454 0.0622837
28 0.6494656 0.5348515 0.0663454 0.0622837
14 0.3840838 0.5965363 0.0663454 0.0610860
17 0.5167747 0.5965363 0.0663454 0.0610860
23 0.6494656 0.5965363 0.0663454 0.0610860
27 0.2513929 0.6594189 0.0663454 0.0622837
22 0.4504292 0.6594189 0.0663454 0.0622837
1 0.5167747 0.6594189 0.0663454 0.0622837
16 0.6494656 0.6594189 0.0663454 0.0622837
2 0.2513929 0.7217026 0.0663454 0.0622837
20 0.3177383 0.7217026 0.0663455 0.0622837
3 0.3840838 0.7217026 0.0663454 0.0622837
11 0.5167747 0.7217026 0.0663454 0.0622837
29 0.3840838 0.7839864 0.0663454 0.0622837
4 0.5831201 0.7839864 0.0663454 0.0622837
21 0.3177383 0.8462700 0.0663455 0.0622837
10 0.3840838 0.8462700 0.0663454 0.0622837
7 0.4504292 0.8462700 0.0663454 0.0622837
