12 0.4723563 0.8457326 0.0626451 0.0657144
22 0.6602918 0.8457326 0.0626451 0.0657144
32 0.4741988 0.7035620 0.4422011 0.4410447
21 0.4097112 0.5171606 0.0626451 0.0657144
8 0.4723563 0.5171606 0.0626451 0.0657144
10 0.6602918 0.5171606 0.0626451 0.0657144
7 0.2844209 0.5822431 0.0626451 0.0644506
30 0.4723563 0.5822431 0.0626451 0.0644506
4 0.5350015 0.5822431 0.0626451 0.0644506
13 0.2844209 0.6485893 0.0626451 0.0657144
31 0.4097112 0.6485893 0.0626451 0.0657144
1 0.4723563 0.6485893 0.0626451 0.0657144
25 0.6602918 0.6485893 0.0626451 0.0657144
23 0.3470660 0.7143037 0.0626452 0.0657144
14 0.4723563 0.7143037 0.0626451 0.0657144
26 0.5350015 0.7143037 0.0626451 0.0657144
2 0.5976466 0.7143037 0.0626451 0.0657144
15 0.6602918 0.7143037 0.0626451 0.0657144
18 0.2844209 0.7800182 0.0626451 0.0657144
3 0.3470660 0.7800182 0.0626452 0.0657144
17 0.4097112 0.7800182 0.0626451 0.0657144
11 0.4723563 0.7800182 0.0626451 0.0657144
29 0.5350015 0.7800182 0.0626451 0.0657144
28 0.5976466 0.7800182 0.0626451 0.0657144
6 0.3470660 0.8457326 0.0626452 0.0657144
