16 0.5367184 0.8598325 0.0662277 0.0664509
29 0.6029461 0.8598325 0.0662277 0.0664509
32 0.4724387 0.7160684 0.4674895 0.4459879
19 0.3380354 0.5275778 0.0662277 0.0664509
7 0.4704908 0.5275778 0.0662276 0.0664509
13 0.5367184 0.5275778 0.0662277 0.0664509
20 0.6029461 0.5275778 0.0662277 0.0664509
30 0.6691738 0.5275778 0.0662277 0.0664509
17 0.2718077 0.5933898 0.0662277 0.0651730
24 0.3380354 0.5933898 0.0662277 0.0651730
15 0.4704908 0.5933898 0.0662276 0.0651730
26 0.6029461 0.5933898 0.0662277 0.0651730
1 0.2718077 0.6604797 0.0662277 0.0664510
22 0.3380354 0.6604797 0.0662277 0.0664510
14 0.4704908 0.6604797 0.0662276 0.0664510
23 0.5367184 0.6604797 0.0662277 0.0664510
3 0.2718077 0.7269305 0.0662277 0.0664509
5 0.4042631 0.7269305 0.0662277 0.0664509
27 0.6029461 0.7269305 0.0662277 0.0664509
31 0.3380354 0.7933815 0.0662277 0.0664510
10 0.4042631 0.7933815 0.0662277 0.0664510
21 0.5367184 0.7933815 0.0662277 0.0664510
18 0.3380354 0.8598325 0.0662277 0.0664509
12 0.4042631 0.8598325 0.0662277 0.0664509
9 0.4704908 0.8598325 0.0662276 0.0664509
