21 0.6369016 0.8344252 0.0612706 0.0668534
19 0.6981721 0.8344252 0.0612706 0.0668534
32 0.5161625 0.6897903 0.4324982 0.4486895
25 0.3918192 0.5001580 0.0612706 0.0668534
8 0.4530898 0.5001580 0.0612706 0.0668534
31 0.6981721 0.5001580 0.0612706 0.0668534
5 0.3918192 0.5663686 0.0612706 0.0655678
2 0.5143604 0.5663686 0.0612706 0.0655678
7 0.5756310 0.5663686 0.0612706 0.0655678
22 0.6981721 0.5663686 0.0612706 0.0655678
10 0.3305486 0.6338649 0.0612706 0.0668534
28 0.3918192 0.6338649 0.0612706 0.0668534
15 0.4530898 0.6338649 0.0612706 0.0668534
24 0.5143604 0.6338649 0.0612706 0.0668534
18 0.6369016 0.6338649 0.0612706 0.0668534
6 0.3918192 0.7007184 0.0612706 0.0668534
26 0.4530898 0.7007184 0.0612706 0.0668534
1 0.5143604 0.7007184 0.0612706 0.0668534
17 0.6369016 0.7007184 0.0612706 0.0668534
30 0.3918192 0.7675718 0.0612706 0.0668535
29 0.5756310 0.7675718 0.0612706 0.0668535
4 0.3305486 0.8344252 0.0612706 0.0668534
9 0.3918192 0.8344252 0.0612706 0.0668534
13 0.5143604 0.8344252 0.0612706 0.0668534
23 0.5756310 0.8344252 0.0612706 0.0668534
