19 0.5148315 0.8754532 0.0620957 0.0652931
8 0.7011185 0.8754532 0.0620957 0.0652931
32 0.5166578 0.7341940 0.4383224 0.4382176
22 0.3285444 0.5489874 0.0620957 0.0652932
11 0.5769271 0.5489874 0.0620957 0.0652932
18 0.6390228 0.5489874 0.0620957 0.0652932
24 0.7011185 0.5489874 0.0620957 0.0652932
26 0.3906401 0.6136527 0.0620957 0.0640375
31 0.4527357 0.6136527 0.0620957 0.0640375
9 0.5148315 0.6136527 0.0620957 0.0640375
23 0.5769271 0.6136527 0.0620957 0.0640375
21 0.6390228 0.6136527 0.0620957 0.0640375
25 0.3285444 0.6795737 0.0620957 0.0652932
28 0.3906401 0.6795737 0.0620957 0.0652932
30 0.4527357 0.6795737 0.0620957 0.0652932
5 0.5769271 0.6795737 0.0620957 0.0652932
3 0.6390228 0.6795737 0.0620957 0.0652932
17 0.3285444 0.7448669 0.0620957 0.0652931
7 0.5148315 0.7448669 0.0620957 0.0652931
12 0.5769271 0.7448669 0.0620957 0.0652931
20 0.5769271 0.8101601 0.0620957 0.0652932
4 0.6390228 0.8101601 0.0620957 0.0652932
6 0.3285444 0.8754532 0.0620957 0.0652931
27 0.3906401 0.8754532 0.0620957 0.0652931
1 0.4527357 0.8754532 0.0620957 0.0652931
