19 0.5220418 0.8501216 0.0661828 0.0626646
12 0.6544074 0.8501216 0.0661828 0.0626646
32 0.4578056 0.7145493 0.4671729 0.4205758
27 0.2573105 0.5367987 0.0661828 0.0626646
6 0.3234933 0.5367987 0.0661828 0.0626646
29 0.3896761 0.5367987 0.0661828 0.0626646
31 0.4558590 0.5367987 0.0661828 0.0626646
5 0.5220418 0.5367987 0.0661828 0.0626646
4 0.2573105 0.5988608 0.0661828 0.0614595
24 0.3234933 0.5988608 0.0661828 0.0614595
15 0.3896761 0.5988608 0.0661828 0.0614595
21 0.5220418 0.5988608 0.0661828 0.0614595
30 0.3234933 0.6621278 0.0661828 0.0626646
23 0.3896761 0.6621278 0.0661828 0.0626646
28 0.4558590 0.6621278 0.0661828 0.0626646
10 0.5220418 0.6621278 0.0661828 0.0626646
14 0.6544074 0.6621278 0.0661828 0.0626646
20 0.3234933 0.7247925 0.0661828 0.0626646
3 0.4558590 0.7247925 0.0661828 0.0626646
25 0.5220418 0.7247925 0.0661828 0.0626646
11 0.5882246 0.7247925 0.0661828 0.0626646
2 0.3896761 0.7874570 0.0661828 0.0626646
1 0.4558590 0.7874570 0.0661828 0.0626646
17 0.5220418 0.7874570 0.0661828 0.0626646
7 0.3896761 0.8501216 0.0661828 0.0626646
