18 0.4261788 0.9152995 0.0614331 0.0651170
11 0.6104782 0.9152995 0.0614331 0.0651170
32 0.4894188 0.7744215 0.4336456 0.4370349
7 0.3647457 0.5897147 0.0614331 0.0651170
26 0.4876120 0.5897147 0.0614331 0.0651170
13 0.5490451 0.5897147 0.0614331 0.0651170
28 0.6104782 0.5897147 0.0614331 0.0651170
17 0.6719113 0.5897147 0.0614331 0.0651170
25 0.3033126 0.6542056 0.0614331 0.0638647
9 0.5490451 0.6542056 0.0614331 0.0638647
8 0.3033126 0.7199486 0.0614331 0.0651170
4 0.3647457 0.7199486 0.0614331 0.0651170
16 0.4261788 0.7199486 0.0614331 0.0651170
5 0.4876120 0.7199486 0.0614331 0.0651170
20 0.5490451 0.7199486 0.0614331 0.0651170
24 0.3033126 0.7850656 0.0614331 0.0651170
15 0.5490451 0.7850656 0.0614331 0.0651170
19 0.6104782 0.7850656 0.0614331 0.0651170
14 0.6719113 0.7850656 0.0614331 0.0651170
30 0.3033126 0.8501825 0.0614331 0.0651170
1 0.4876120 0.8501825 0.0614331 0.0651170
6 0.6104782 0.8501825 0.0614331 0.0651170
22 0.3033126 0.9152995 0.0614331 0.0651170
2 0.3647457 0.9152995 0.0614331 0.0651170
