10 0.4376898 0.9000935 0.0656670 0.0657633
17 0.7003579 0.9000935 0.0656670 0.0657633
32 0.5052882 0.7578171 0.4635319 0.4413732
22 0.3063558 0.5712768 0.0656670 0.0657634
15 0.3720228 0.5712768 0.0656670 0.0657634
13 0.4376898 0.5712768 0.0656670 0.0657634
18 0.6346909 0.5712768 0.0656671 0.0657634
19 0.7003579 0.5712768 0.0656670 0.0657634
24 0.3063558 0.6364078 0.0656670 0.0644987
21 0.4376898 0.6364078 0.0656670 0.0644987
12 0.6346909 0.6364078 0.0656671 0.0644987
5 0.7003579 0.6364078 0.0656670 0.0644987
8 0.3063558 0.7028035 0.0656670 0.0657634
29 0.6346909 0.7028035 0.0656671 0.0657634
9 0.7003579 0.7028035 0.0656670 0.0657634
23 0.3063558 0.7685669 0.0656670 0.0657633
4 0.4376898 0.7685669 0.0656670 0.0657633
16 0.5033568 0.7685669 0.0656670 0.0657633
14 0.7003579 0.7685669 0.0656670 0.0657633
20 0.5033568 0.8343301 0.0656670 0.0657633
30 0.5690238 0.8343301 0.0656670 0.0657633
11 0.7003579 0.8343301 0.0656670 0.0657633
1 0.3063558 0.9000935 0.0656670 0.0657633
3 0.3720228 0.9000935 0.0656670 0.0657633
