14 0.6445733 0.9062106 0.0654926 0.0664352
26 0.7100659 0.9062106 0.0654926 0.0664352
32 0.5155143 0.7624808 0.4623008 0.4458820
5 0.3171103 0.5740349 0.0654926 0.0664351
6 0.4480955 0.5740349 0.0654926 0.0664351
8 0.5135881 0.5740349 0.0654926 0.0664351
13 0.6445733 0.5740349 0.0654926 0.0664351
24 0.3171103 0.6398312 0.0654926 0.0651575
20 0.4480955 0.6398312 0.0654926 0.0651575
12 0.5790807 0.6398312 0.0654926 0.0651575
15 0.3171103 0.7069052 0.0654926 0.0664352
29 0.4480955 0.7069052 0.0654926 0.0664352
19 0.5135881 0.7069052 0.0654926 0.0664352
30 0.5790807 0.7069052 0.0654926 0.0664352
17 0.7100659 0.7733403 0.0654926 0.0664352
28 0.3826028 0.8397755 0.0654926 0.0664351
23 0.4480955 0.8397755 0.0654926 0.0664351
21 0.5135881 0.8397755 0.0654926 0.0664351
18 0.5790807 0.8397755 0.0654926 0.0664351
25 0.6445733 0.8397755 0.0654926 0.0664351
7 0.3171103 0.9062106 0.0654926 0.0664352
31 0.4480955 0.9062106 0.0654926 0.0664352
1 0.5135881 0.9062106 0.0654926 0.0664352
27 0.5790807 0.9062106 0.0654926 0.0664352
