2 0.5843794 0.8565915 0.0637598 0.0618633
5 0.6481393 0.8565915 0.0637598 0.0618633
32 0.4587352 0.7227525 0.4500690 0.4151980
1 0.4568599 0.5472749 0.0637598 0.0618633
20 0.5206197 0.5472749 0.0637598 0.0618633
23 0.6481393 0.5472749 0.0637598 0.0618633
12 0.4568599 0.6085434 0.0637598 0.0606736
25 0.5843794 0.6085434 0.0637598 0.0606736
30 0.6481393 0.6085434 0.0637598 0.0606736
24 0.3293403 0.6710016 0.0637598 0.0618633
28 0.4568599 0.6710016 0.0637598 0.0618633
4 0.5206197 0.6710016 0.0637598 0.0618633
14 0.5843794 0.6710016 0.0637598 0.0618633
6 0.6481393 0.6710016 0.0637598 0.0618633
31 0.2655805 0.7328648 0.0637598 0.0618633
8 0.5206197 0.7328648 0.0637598 0.0618633
29 0.5843794 0.7328648 0.0637598 0.0618633
27 0.6481393 0.7328648 0.0637598 0.0618633
18 0.3293403 0.7947282 0.0637598 0.0618633
3 0.3931001 0.7947282 0.0637598 0.0618633
16 0.4568599 0.7947282 0.0637598 0.0618633
19 0.2655805 0.8565915 0.0637598 0.0618633
22 0.4568599 0.8565915 0.0637598 0.0618633
9 0.5206197 0.8565915 0.0637598 0.0618633
