1 0.3570306 0.8271365 0.0649518 0.0661240
4 0.6168378 0.8271365 0.0649518 0.0661240
32 0.4888445 0.6840797 0.4584833 0.4437938
29 0.2920788 0.4965164 0.0649518 0.0661240
27 0.3570306 0.4965164 0.0649518 0.0661240
9 0.4219824 0.4965164 0.0649518 0.0661240
8 0.4869342 0.4965164 0.0649518 0.0661240
21 0.2920788 0.5620046 0.0649518 0.0648524
31 0.3570306 0.5620046 0.0649518 0.0648524
15 0.4219824 0.5620046 0.0649518 0.0648524
7 0.4869342 0.5620046 0.0649518 0.0648524
20 0.5518860 0.5620046 0.0649518 0.0648524
3 0.6168378 0.5620046 0.0649518 0.0648524
23 0.3570306 0.6287645 0.0649518 0.0661240
30 0.5518860 0.6287645 0.0649518 0.0661240
24 0.6168378 0.6287645 0.0649518 0.0661240
22 0.2920788 0.6948885 0.0649518 0.0661240
17 0.4219824 0.6948885 0.0649518 0.0661240
10 0.4869342 0.6948885 0.0649518 0.0661240
11 0.5518860 0.6948885 0.0649518 0.0661240
2 0.2920788 0.7610124 0.0649518 0.0661240
28 0.3570306 0.7610124 0.0649518 0.0661240
5 0.5518860 0.7610124 0.0649518 0.0661240
19 0.6168378 0.7610124 0.0649518 0.0661240
