18 0.3645864 0.9078487 0.0615922 0.0643594
12 0.6725473 0.9078487 0.0615922 0.0643594
32 0.4895823 0.7686098 0.4347684 0.4319499
23 0.3645864 0.5860522 0.0615922 0.0643593
29 0.4261786 0.5860522 0.0615922 0.0643593
14 0.4877708 0.5860522 0.0615922 0.0643593
11 0.5493630 0.5860522 0.0615922 0.0643593
28 0.3029942 0.6497927 0.0615922 0.0631216
25 0.4261786 0.6497927 0.0615922 0.0631216
8 0.6109552 0.6497927 0.0615922 0.0631216
22 0.3029942 0.7147708 0.0615922 0.0643593
19 0.4261786 0.7147708 0.0615922 0.0643593
6 0.5493630 0.7147708 0.0615922 0.0643593
21 0.6725473 0.7147708 0.0615922 0.0643593
4 0.3029942 0.7791301 0.0615922 0.0643593
24 0.4261786 0.7791301 0.0615922 0.0643593
5 0.4877708 0.7791301 0.0615922 0.0643593
7 0.5493630 0.7791301 0.0615922 0.0643593
30 0.6109552 0.7791301 0.0615922 0.0643593
16 0.4261786 0.8434894 0.0615922 0.0643593
9 0.4877708 0.8434894 0.0615922 0.0643593
13 0.6109552 0.8434894 0.0615922 0.0643593
3 0.6725473 0.8434894 0.0615922 0.0643593
20 0.3029942 0.9078487 0.0615922 0.0643594
