30 0.5872114 0.8422343 0.0657096 0.0676044
29 0.7186307 0.8422343 0.0657096 0.0676044
32 0.5234344 0.6959748 0.4638327 0.4537295
14 0.3243729 0.5042123 0.0657096 0.0676044
7 0.4557921 0.5042123 0.0657096 0.0676044
20 0.5215017 0.5042123 0.0657096 0.0676044
15 0.7186307 0.5042123 0.0657096 0.0676044
12 0.3243729 0.5711667 0.0657096 0.0663043
2 0.5215017 0.5711667 0.0657096 0.0663043
21 0.5872114 0.5711667 0.0657096 0.0663043
9 0.3243729 0.6394212 0.0657096 0.0676044
1 0.3900825 0.6394212 0.0657096 0.0676044
5 0.6529210 0.6394212 0.0657096 0.0676044
17 0.3900825 0.7070255 0.0657096 0.0676044
22 0.4557921 0.7070255 0.0657096 0.0676044
3 0.6529210 0.7070255 0.0657096 0.0676044
18 0.3243729 0.7746300 0.0657096 0.0676044
16 0.3900825 0.7746300 0.0657096 0.0676044
27 0.4557921 0.7746300 0.0657096 0.0676044
6 0.5872114 0.7746300 0.0657096 0.0676044
8 0.7186307 0.7746300 0.0657096 0.0676044
4 0.3900825 0.8422343 0.0657096 0.0676044
13 0.4557921 0.8422343 0.0657096 0.0676044
26 0.5215017 0.8422343 0.0657096 0.0676044
