4 0.5477297 0.8473689 0.0645237 0.0649374
21 0.6122534 0.8473689 0.0645237 0.0649374
32 0.5496275 0.7068794 0.4554615 0.4358295
18 0.3541586 0.5226822 0.0645237 0.0649373
19 0.5477297 0.5226822 0.0645237 0.0649373
27 0.6122534 0.5226822 0.0645237 0.0649373
30 0.7413008 0.5226822 0.0645237 0.0649373
10 0.4186823 0.5869951 0.0645237 0.0636885
2 0.4832060 0.5869951 0.0645237 0.0636885
15 0.5477297 0.5869951 0.0645237 0.0636885
16 0.6122534 0.5869951 0.0645237 0.0636885
7 0.6767771 0.5869951 0.0645238 0.0636885
26 0.7413008 0.5869951 0.0645237 0.0636885
12 0.3541586 0.6525569 0.0645237 0.0649374
5 0.5477297 0.6525569 0.0645237 0.0649374
8 0.6122534 0.6525569 0.0645237 0.0649374
23 0.6767771 0.6525569 0.0645238 0.0649374
28 0.3541586 0.7174942 0.0645237 0.0649373
29 0.6122534 0.7174942 0.0645237 0.0649373
11 0.3541586 0.7824315 0.0645237 0.0649374
25 0.4186823 0.7824315 0.0645237 0.0649374
1 0.4832060 0.7824315 0.0645237 0.0649374
20 0.6767771 0.7824315 0.0645238 0.0649374
24 0.7413008 0.7824315 0.0645237 0.0649374
