26 0.4470509 0.8736446 0.0615666 0.0631432
13 0.6933172 0.8736446 0.0615666 0.0631432
32 0.5104282 0.7370366 0.4345876 0.4237881
25 0.3239177 0.5579285 0.0615666 0.0631432
8 0.3854843 0.5579285 0.0615666 0.0631432
19 0.4470509 0.5579285 0.0615666 0.0631432
17 0.5701840 0.5579285 0.0615666 0.0631432
1 0.6933172 0.5579285 0.0615666 0.0631432
29 0.3854843 0.6204645 0.0615666 0.0619289
21 0.4470509 0.6204645 0.0615666 0.0619289
7 0.6317506 0.6204645 0.0615665 0.0619289
28 0.3239177 0.6842149 0.0615666 0.0631432
11 0.4470509 0.6842149 0.0615666 0.0631432
12 0.5086175 0.6842149 0.0615666 0.0631432
27 0.5701840 0.6842149 0.0615666 0.0631432
9 0.6317506 0.6842149 0.0615665 0.0631432
10 0.3239177 0.7473581 0.0615666 0.0631432
15 0.3854843 0.7473581 0.0615666 0.0631432
24 0.4470509 0.7473581 0.0615666 0.0631432
3 0.5086175 0.7473581 0.0615666 0.0631432
2 0.6317506 0.7473581 0.0615665 0.0631432
4 0.6933172 0.7473581 0.0615666 0.0631432
23 0.6317506 0.8105013 0.0615665 0.0631432
18 0.3854843 0.8736446 0.0615666 0.0631432
