19 0.6255674 0.8240384 0.0659360 0.0654305
7 0.6915034 0.8240384 0.0659361 0.0654305
32 0.4956347 0.6824820 0.4654306 0.4391392
27 0.2958874 0.4968860 0.0659360 0.0654305
14 0.3618233 0.4968860 0.0659360 0.0654305
26 0.4277594 0.4968860 0.0659360 0.0654305
30 0.4936954 0.4968860 0.0659360 0.0654305
20 0.6255674 0.4968860 0.0659360 0.0654305
31 0.2958874 0.5616873 0.0659360 0.0641722
1 0.4277594 0.5616873 0.0659360 0.0641722
18 0.4936954 0.5616873 0.0659360 0.0641722
28 0.6915034 0.5616873 0.0659361 0.0641722
4 0.2958874 0.6277470 0.0659360 0.0654305
12 0.4277594 0.6277470 0.0659360 0.0654305
22 0.5596314 0.6277470 0.0659360 0.0654305
8 0.2958874 0.6931774 0.0659360 0.0654305
2 0.4277594 0.6931774 0.0659360 0.0654305
17 0.5596314 0.6931774 0.0659360 0.0654305
21 0.2958874 0.7586079 0.0659360 0.0654305
5 0.4277594 0.7586079 0.0659360 0.0654305
11 0.6915034 0.7586079 0.0659361 0.0654305
3 0.3618233 0.8240384 0.0659360 0.0654305
25 0.4277594 0.8240384 0.0659360 0.0654305
29 0.4936954 0.8240384 0.0659360 0.0654305
