19 0.6554200 0.8509761 0.0661235 0.0649266
9 0.7215435 0.8509761 0.0661235 0.0649266
32 0.5251179 0.7105100 0.4667540 0.4357570
25 0.3909261 0.5263434 0.0661235 0.0649265
1 0.4570496 0.5263434 0.0661235 0.0649265
27 0.6554200 0.5263434 0.0661235 0.0649265
6 0.7215435 0.5263434 0.0661235 0.0649265
12 0.3248026 0.5906456 0.0661235 0.0636780
17 0.3909261 0.5906456 0.0661235 0.0636780
22 0.5231731 0.5906456 0.0661235 0.0636780
13 0.5892966 0.5906456 0.0661235 0.0636780
30 0.7215435 0.5906456 0.0661235 0.0636780
7 0.3909261 0.6561964 0.0661235 0.0649265
16 0.5892966 0.6561964 0.0661235 0.0649265
14 0.7215435 0.6561964 0.0661235 0.0649265
26 0.3248026 0.7211230 0.0661235 0.0649265
28 0.5231731 0.7211230 0.0661235 0.0649265
4 0.5892966 0.7211230 0.0661235 0.0649265
29 0.5231731 0.7860495 0.0661235 0.0649265
11 0.5892966 0.7860495 0.0661235 0.0649265
20 0.7215435 0.7860495 0.0661235 0.0649265
23 0.3248026 0.8509761 0.0661235 0.0649266
5 0.3909261 0.8509761 0.0661235 0.0649266
21 0.5892966 0.8509761 0.0661235 0.0649266
