11 0.4651738 0.8902615 0.0627877 0.0635989
30 0.5907492 0.8902615 0.0627877 0.0635989
32 0.4670205 0.7526678 0.4432074 0.4268463
18 0.2768106 0.5722671 0.0627877 0.0635989
14 0.4023861 0.5722671 0.0627877 0.0635989
6 0.4651738 0.5722671 0.0627877 0.0635989
25 0.5907492 0.5722671 0.0627877 0.0635989
13 0.6535369 0.5722671 0.0627877 0.0635989
21 0.3395984 0.6352544 0.0627877 0.0623758
26 0.4023861 0.6352544 0.0627877 0.0623758
10 0.4651738 0.6352544 0.0627877 0.0623758
22 0.5279615 0.6352544 0.0627877 0.0623758
4 0.2768106 0.6994649 0.0627877 0.0635989
7 0.3395984 0.6994649 0.0627877 0.0635989
29 0.4023861 0.6994649 0.0627877 0.0635989
2 0.5279615 0.6994649 0.0627877 0.0635989
12 0.6535369 0.6994649 0.0627877 0.0635989
15 0.3395984 0.7630637 0.0627877 0.0635989
8 0.5279615 0.7630637 0.0627877 0.0635989
17 0.4651738 0.8266626 0.0627877 0.0635989
16 0.5279615 0.8266626 0.0627877 0.0635989
20 0.6535369 0.8266626 0.0627877 0.0635989
5 0.3395984 0.8902615 0.0627877 0.0635989
24 0.4023861 0.8902615 0.0627877 0.0635989
