10 0.3951336 0.8896634 0.0606868 0.0642209
29 0.6378808 0.8896634 0.0606868 0.0642209
32 0.4576052 0.7507239 0.4283775 0.4310212
19 0.2737599 0.5685588 0.0606868 0.0642209
27 0.3344468 0.5685588 0.0606868 0.0642209
8 0.5165071 0.5685588 0.0606868 0.0642209
20 0.5771939 0.5685588 0.0606868 0.0642209
9 0.6378808 0.5685588 0.0606868 0.0642209
15 0.2737599 0.6321622 0.0606868 0.0629859
30 0.4558204 0.6321622 0.0606868 0.0629859
24 0.5165071 0.6321622 0.0606868 0.0629859
4 0.6378808 0.6321622 0.0606868 0.0629859
26 0.2737599 0.6970007 0.0606868 0.0642209
31 0.4558204 0.6970007 0.0606868 0.0642209
13 0.6378808 0.6970007 0.0606868 0.0642209
16 0.3344468 0.7612215 0.0606868 0.0642209
1 0.3951336 0.7612215 0.0606868 0.0642209
21 0.5165071 0.7612215 0.0606868 0.0642209
17 0.6378808 0.7612215 0.0606868 0.0642209
25 0.2737599 0.8254425 0.0606868 0.0642210
11 0.3344468 0.8254425 0.0606868 0.0642210
5 0.5771939 0.8254425 0.0606868 0.0642210
7 0.2737599 0.8896634 0.0606868 0.0642209
2 0.3344468 0.8896634 0.0606868 0.0642209
