18 0.4533224 0.8653017 0.0640311 0.0672377
6 0.6454158 0.8653017 0.0640311 0.0672377
32 0.4552057 0.7198355 0.4519846 0.4512685
1 0.2612289 0.5291132 0.0640312 0.0672377
9 0.3252601 0.5291132 0.0640312 0.0672377
10 0.5173535 0.5291132 0.0640312 0.0672377
12 0.5813847 0.5291132 0.0640311 0.0672377
15 0.3252601 0.5957043 0.0640312 0.0659447
22 0.3892912 0.5957043 0.0640311 0.0659447
30 0.4533224 0.5957043 0.0640311 0.0659447
28 0.5813847 0.5957043 0.0640311 0.0659447
14 0.3252601 0.6635886 0.0640312 0.0672377
8 0.5813847 0.6635886 0.0640311 0.0672377
23 0.6454158 0.6635886 0.0640311 0.0672377
4 0.2612289 0.7308263 0.0640312 0.0672377
24 0.3252601 0.7308263 0.0640312 0.0672377
3 0.3892912 0.7308263 0.0640311 0.0672377
16 0.4533224 0.7308263 0.0640311 0.0672377
26 0.5813847 0.7308263 0.0640311 0.0672377
27 0.6454158 0.7308263 0.0640311 0.0672377
31 0.2612289 0.7980640 0.0640312 0.0672377
21 0.4533224 0.7980640 0.0640311 0.0672377
13 0.5173535 0.7980640 0.0640312 0.0672377
2 0.3252601 0.8653017 0.0640312 0.0672377
