18 0.5852959 0.9122739 0.0667113 0.0660566
14 0.6520071 0.9122739 0.0667112 0.0660566
32 0.4538354 0.7693629 0.4709032 0.4433417
29 0.3184508 0.5819907 0.0667113 0.0660566
19 0.3851620 0.5819907 0.0667113 0.0660566
30 0.5852959 0.5819907 0.0667113 0.0660566
2 0.2517395 0.6474121 0.0667113 0.0647863
9 0.3184508 0.6474121 0.0667113 0.0647863
4 0.3851620 0.6474121 0.0667113 0.0647863
12 0.5185846 0.6474121 0.0667113 0.0647863
5 0.5852959 0.6474121 0.0667113 0.0647863
1 0.3851620 0.7141039 0.0667113 0.0660567
20 0.5185846 0.7141039 0.0667113 0.0660567
28 0.5852959 0.7141039 0.0667113 0.0660567
6 0.2517395 0.7801605 0.0667113 0.0660566
7 0.3184508 0.7801605 0.0667113 0.0660566
8 0.5185846 0.7801605 0.0667113 0.0660566
21 0.6520071 0.7801605 0.0667112 0.0660566
25 0.2517395 0.8462172 0.0667113 0.0660567
3 0.3184508 0.8462172 0.0667113 0.0660567
13 0.4518733 0.8462172 0.0667113 0.0660567
15 0.6520071 0.8462172 0.0667112 0.0660567
10 0.2517395 0.9122739 0.0667113 0.0660566
22 0.4518733 0.9122739 0.0667113 0.0660566
