9 0.4478336 0.8839421 0.0615134 0.0639005
6 0.6323739 0.8839421 0.0615135 0.0639005
32 0.5111562 0.7456957 0.4342125 0.4288712
30 0.3248067 0.5644392 0.0615134 0.0639006
17 0.5093470 0.5644392 0.0615134 0.0639006
24 0.5708604 0.5644392 0.0615134 0.0639006
10 0.6323739 0.5644392 0.0615135 0.0639006
28 0.6938873 0.5644392 0.0615134 0.0639006
13 0.6938873 0.6277254 0.0615134 0.0626717
25 0.3863201 0.6922404 0.0615134 0.0639005
11 0.6323739 0.6922404 0.0615135 0.0639005
4 0.6938873 0.6922404 0.0615134 0.0639005
3 0.3248067 0.7561410 0.0615134 0.0639006
14 0.3863201 0.7561410 0.0615134 0.0639006
31 0.4478336 0.7561410 0.0615134 0.0639006
2 0.5093470 0.7561410 0.0615134 0.0639006
19 0.5708604 0.7561410 0.0615134 0.0639006
5 0.6323739 0.7561410 0.0615135 0.0639006
29 0.4478336 0.8200416 0.0615134 0.0639006
8 0.5093470 0.8200416 0.0615134 0.0639006
27 0.5708604 0.8200416 0.0615134 0.0639006
26 0.6323739 0.8200416 0.0615135 0.0639006
20 0.6938873 0.8200416 0.0615134 0.0639006
15 0.3248067 0.8839421 0.0615134 0.0639005
