20 0.6502164 0.8548705 0.0647048 0.0619912
5 0.7149211 0.8548705 0.0647047 0.0619912
32 0.5227100 0.7207549 0.4567394 0.4160563
19 0.3266926 0.5449145 0.0647047 0.0619912
18 0.5208068 0.5449145 0.0647047 0.0619912
21 0.3266926 0.6063096 0.0647047 0.0607990
25 0.3913974 0.6063096 0.0647047 0.0607990
3 0.5208068 0.6063096 0.0647047 0.0607990
1 0.5855116 0.6063096 0.0647047 0.0607990
8 0.7149211 0.6063096 0.0647047 0.0607990
11 0.3913974 0.6688968 0.0647047 0.0619912
4 0.5855116 0.6688968 0.0647047 0.0619912
24 0.7149211 0.6688968 0.0647047 0.0619912
9 0.5208068 0.7308881 0.0647047 0.0619912
15 0.5855116 0.7308881 0.0647047 0.0619912
12 0.6502164 0.7308881 0.0647048 0.0619912
13 0.7149211 0.7308881 0.0647047 0.0619912
2 0.3913974 0.7928792 0.0647047 0.0619912
10 0.5208068 0.7928792 0.0647047 0.0619912
23 0.6502164 0.7928792 0.0647048 0.0619912
7 0.7149211 0.7928792 0.0647047 0.0619912
31 0.3266926 0.8548705 0.0647047 0.0619912
16 0.3913974 0.8548705 0.0647047 0.0619912
27 0.4561021 0.8548705 0.0647047 0.0619912
