3 0.4672292 0.9002827 0.0616208 0.0670911
15 0.6520915 0.9002827 0.0616208 0.0670911
32 0.5306623 0.7551337 0.4349702 0.4502845
27 0.3439876 0.5648273 0.0616208 0.0670911
25 0.4056084 0.5648273 0.0616208 0.0670911
31 0.5904707 0.5648273 0.0616208 0.0670911
18 0.7137123 0.5648273 0.0616208 0.0670911
19 0.4672292 0.6312732 0.0616208 0.0658009
13 0.5288499 0.6312732 0.0616208 0.0658009
21 0.6520915 0.6312732 0.0616208 0.0658009
30 0.5288499 0.6990094 0.0616208 0.0670911
20 0.5904707 0.6990094 0.0616208 0.0670911
6 0.7137123 0.6990094 0.0616208 0.0670911
7 0.3439876 0.7661005 0.0616208 0.0670911
23 0.4056084 0.7661005 0.0616208 0.0670911
28 0.4672292 0.7661005 0.0616208 0.0670911
9 0.5288499 0.7661005 0.0616208 0.0670911
1 0.5904707 0.7661005 0.0616208 0.0670911
29 0.6520915 0.7661005 0.0616208 0.0670911
11 0.3439876 0.8331917 0.0616208 0.0670911
4 0.4056084 0.8331917 0.0616208 0.0670911
8 0.6520915 0.8331917 0.0616208 0.0670911
2 0.7137123 0.8331917 0.0616208 0.0670911
12 0.4056084 0.9002827 0.0616208 0.0670911
