25 0.6759668 0.8192204 0.0649146 0.0639458
5 0.7408813 0.8192204 0.0649145 0.0639458
32 0.5480471 0.6808762 0.4582200 0.4291746
20 0.3513943 0.4994915 0.0649145 0.0639458
18 0.4163088 0.4994915 0.0649145 0.0639458
6 0.4812233 0.4994915 0.0649145 0.0639458
24 0.7408813 0.4994915 0.0649145 0.0639458
21 0.3513943 0.5628224 0.0649145 0.0627160
7 0.4163088 0.5628224 0.0649145 0.0627160
4 0.6110523 0.5628224 0.0649145 0.0627160
11 0.7408813 0.5628224 0.0649145 0.0627160
23 0.4163088 0.6273831 0.0649145 0.0639458
19 0.4812233 0.6273831 0.0649145 0.0639458
8 0.5461378 0.6273831 0.0649145 0.0639458
10 0.6110523 0.6273831 0.0649145 0.0639458
2 0.7408813 0.6273831 0.0649145 0.0639458
1 0.3513943 0.6913289 0.0649145 0.0639458
30 0.4163088 0.6913289 0.0649145 0.0639458
12 0.6759668 0.6913289 0.0649146 0.0639458
28 0.4163088 0.7552747 0.0649145 0.0639458
14 0.6759668 0.7552747 0.0649146 0.0639458
15 0.7408813 0.7552747 0.0649145 0.0639458
31 0.4163088 0.8192204 0.0649145 0.0639458
22 0.5461378 0.8192204 0.0649145 0.0639458
