1 0.5912947 0.8279860 0.0629427 0.0623406
18 0.6542374 0.8279860 0.0629427 0.0623406
32 0.4672605 0.6931145 0.4443015 0.4184011
30 0.3395238 0.5162831 0.0629427 0.0623405
15 0.6542374 0.5162831 0.0629427 0.0623405
25 0.5283520 0.5780243 0.0629427 0.0611417
24 0.5912947 0.5780243 0.0629427 0.0611417
23 0.6542374 0.5780243 0.0629427 0.0611417
2 0.2765811 0.6409643 0.0629427 0.0623405
19 0.3395238 0.6409643 0.0629427 0.0623405
12 0.4024665 0.6409643 0.0629427 0.0623405
27 0.4654092 0.6409643 0.0629427 0.0623405
7 0.5283520 0.6409643 0.0629427 0.0623405
10 0.6542374 0.6409643 0.0629427 0.0623405
17 0.3395238 0.7033049 0.0629427 0.0623406
8 0.4024665 0.7033049 0.0629427 0.0623406
9 0.4654092 0.7033049 0.0629427 0.0623406
28 0.5912947 0.7033049 0.0629427 0.0623406
29 0.4654092 0.7656454 0.0629427 0.0623405
6 0.6542374 0.7656454 0.0629427 0.0623405
5 0.2765811 0.8279860 0.0629427 0.0623406
4 0.3395238 0.8279860 0.0629427 0.0623406
26 0.4654092 0.8279860 0.0629427 0.0623406
31 0.5283520 0.8279860 0.0629427 0.0623406
