18 0.5394416 0.8677704 0.0640392 0.0674679
31 0.6675200 0.8677704 0.0640392 0.0674679
32 0.5413251 0.7218063 0.4520414 0.4528134
26 0.3473240 0.5304310 0.0640392 0.0674679
8 0.4754024 0.5304310 0.0640392 0.0674679
2 0.5394416 0.5304310 0.0640392 0.0674679
3 0.6034808 0.5304310 0.0640392 0.0674679
29 0.7315592 0.5304310 0.0640392 0.0674679
12 0.4113632 0.5972501 0.0640392 0.0661705
22 0.4754024 0.5972501 0.0640392 0.0661705
14 0.5394416 0.5972501 0.0640392 0.0661705
24 0.6034808 0.5972501 0.0640392 0.0661705
11 0.7315592 0.5972501 0.0640392 0.0661705
23 0.4113632 0.6653668 0.0640392 0.0674679
7 0.5394416 0.6653668 0.0640392 0.0674679
6 0.6675200 0.6653668 0.0640392 0.0674679
5 0.4113632 0.7328346 0.0640392 0.0674679
16 0.4754024 0.7328346 0.0640392 0.0674679
20 0.6034808 0.7328346 0.0640392 0.0674679
10 0.5394416 0.8003026 0.0640392 0.0674679
17 0.6034808 0.8003026 0.0640392 0.0674679
13 0.6675200 0.8003026 0.0640392 0.0674679
25 0.7315592 0.8003026 0.0640392 0.0674679
4 0.4754024 0.8677704 0.0640392 0.0674679
