31 0.5628625 0.8804733 0.0667874 0.0675008
23 0.6964372 0.8804733 0.0667873 0.0675008
32 0.4980395 0.7344378 0.4714401 0.4530347
16 0.3625005 0.5429690 0.0667874 0.0675009
13 0.4292878 0.5429690 0.0667873 0.0675009
27 0.4960751 0.5429690 0.0667873 0.0675009
25 0.5628625 0.5429690 0.0667874 0.0675009
14 0.6296498 0.5429690 0.0667873 0.0675009
7 0.2957131 0.6098208 0.0667873 0.0662028
22 0.3625005 0.6098208 0.0667874 0.0662028
4 0.4960751 0.6098208 0.0667873 0.0662028
9 0.2957131 0.6779707 0.0667873 0.0675009
1 0.4292878 0.6779707 0.0667873 0.0675009
19 0.5628625 0.6779707 0.0667874 0.0675009
10 0.6964372 0.6779707 0.0667873 0.0675009
29 0.3625005 0.7454716 0.0667874 0.0675008
21 0.6964372 0.7454716 0.0667873 0.0675008
24 0.3625005 0.8129725 0.0667874 0.0675009
3 0.5628625 0.8129725 0.0667874 0.0675009
12 0.6296498 0.8129725 0.0667873 0.0675009
15 0.6964372 0.8129725 0.0667873 0.0675009
26 0.3625005 0.8804733 0.0667874 0.0675008
8 0.4292878 0.8804733 0.0667873 0.0675008
6 0.4960751 0.8804733 0.0667873 0.0675008
