9 0.5461012 0.8615431 0.0652732 0.0637926
2 0.6113745 0.8615431 0.0652733 0.0637926
32 0.4827478 0.7235302 0.4607525 0.4281470
18 0.2850081 0.5425798 0.0652733 0.0637927
11 0.4155547 0.5425798 0.0652733 0.0637927
15 0.4808280 0.5425798 0.0652733 0.0637927
24 0.5461012 0.5425798 0.0652732 0.0637927
31 0.6113745 0.5425798 0.0652733 0.0637927
22 0.4155547 0.6057590 0.0652733 0.0625659
8 0.4808280 0.6057590 0.0652733 0.0625659
13 0.5461012 0.6057590 0.0652732 0.0625659
12 0.6766478 0.6057590 0.0652733 0.0625659
17 0.4155547 0.6701651 0.0652733 0.0637926
19 0.4808280 0.6701651 0.0652733 0.0637926
21 0.5461012 0.6701651 0.0652732 0.0637926
7 0.2850081 0.7339578 0.0652733 0.0637926
25 0.3502814 0.7339578 0.0652733 0.0637926
3 0.4808280 0.7339578 0.0652733 0.0637926
20 0.6113745 0.7339578 0.0652733 0.0637926
10 0.6766478 0.7339578 0.0652733 0.0637926
29 0.2850081 0.7977505 0.0652733 0.0637927
4 0.4808280 0.7977505 0.0652733 0.0637927
16 0.6113745 0.7977505 0.0652733 0.0637927
6 0.4808280 0.8615431 0.0652733 0.0637926
