9 0.5902062 0.8353297 0.0624717 0.0673491
11 0.6526779 0.8353297 0.0624717 0.0673491
32 0.4671002 0.6896227 0.4409769 0.4520156
31 0.4027911 0.4985845 0.0624717 0.0673490
28 0.5902062 0.4985845 0.0624717 0.0673490
1 0.6526779 0.4985845 0.0624717 0.0673490
6 0.2778476 0.5652859 0.0624717 0.0660538
26 0.5277345 0.5652859 0.0624717 0.0660538
21 0.6526779 0.5652859 0.0624717 0.0660538
2 0.3403194 0.6332826 0.0624717 0.0673490
10 0.4027911 0.6332826 0.0624717 0.0673490
27 0.4652628 0.6332826 0.0624717 0.0673490
18 0.5902062 0.6332826 0.0624717 0.0673490
29 0.6526779 0.6332826 0.0624717 0.0673490
19 0.3403194 0.7006316 0.0624717 0.0673490
17 0.4652628 0.7006316 0.0624717 0.0673490
24 0.3403194 0.7679807 0.0624717 0.0673490
25 0.4652628 0.7679807 0.0624717 0.0673490
16 0.5277345 0.7679807 0.0624717 0.0673490
5 0.5902062 0.7679807 0.0624717 0.0673490
13 0.6526779 0.7679807 0.0624717 0.0673490
7 0.2778476 0.8353297 0.0624717 0.0673491
20 0.4027911 0.8353297 0.0624717 0.0673491
4 0.5277345 0.8353297 0.0624717 0.0673491
