23 0.4953268 0.8169041 0.0663758 0.0628044
16 0.6944540 0.8169041 0.0663758 0.0628044
32 0.4972790 0.6810291 0.4685348 0.4215145
27 0.4289510 0.5028818 0.0663758 0.0628045
7 0.4953268 0.5028818 0.0663758 0.0628045
18 0.6280783 0.5028818 0.0663758 0.0628045
24 0.3625752 0.5650823 0.0663758 0.0615967
5 0.6944540 0.5650823 0.0663758 0.0615967
10 0.2961995 0.6284907 0.0663758 0.0628044
28 0.3625752 0.6284907 0.0663758 0.0628044
25 0.4289510 0.6284907 0.0663758 0.0628044
31 0.5617025 0.6284907 0.0663757 0.0628044
8 0.6944540 0.6284907 0.0663758 0.0628044
29 0.2961995 0.6912952 0.0663758 0.0628045
9 0.3625752 0.6912952 0.0663758 0.0628045
20 0.4289510 0.6912952 0.0663758 0.0628045
21 0.4953268 0.6912952 0.0663758 0.0628045
15 0.6280783 0.6912952 0.0663758 0.0628045
19 0.3625752 0.7540996 0.0663758 0.0628045
30 0.4289510 0.7540996 0.0663758 0.0628045
17 0.4953268 0.7540996 0.0663758 0.0628045
14 0.5617025 0.7540996 0.0663757 0.0628045
2 0.2961995 0.8169041 0.0663758 0.0628044
3 0.3625752 0.8169041 0.0663758 0.0628044
