25 0.4810965 0.8451988 0.0646354 0.0643800
1 0.6103674 0.8451988 0.0646354 0.0643800
32 0.4829976 0.7059152 0.4562500 0.4320890
5 0.2871903 0.5232988 0.0646354 0.0643800
23 0.3518257 0.5232988 0.0646354 0.0643800
18 0.5457320 0.5232988 0.0646354 0.0643800
12 0.6103674 0.5232988 0.0646354 0.0643800
6 0.3518257 0.5870597 0.0646354 0.0631419
16 0.4164611 0.5870597 0.0646354 0.0631419
22 0.4810965 0.5870597 0.0646354 0.0631419
26 0.4164611 0.6520588 0.0646354 0.0643800
14 0.5457320 0.6520588 0.0646354 0.0643800
3 0.6103674 0.6520588 0.0646354 0.0643800
29 0.2871903 0.7164388 0.0646354 0.0643800
30 0.4164611 0.7164388 0.0646354 0.0643800
10 0.5457320 0.7164388 0.0646354 0.0643800
11 0.6750027 0.7164388 0.0646354 0.0643800
9 0.2871903 0.7808189 0.0646354 0.0643800
19 0.5457320 0.7808189 0.0646354 0.0643800
8 0.6103674 0.7808189 0.0646354 0.0643800
13 0.6750027 0.7808189 0.0646354 0.0643800
24 0.2871903 0.8451988 0.0646354 0.0643800
31 0.3518257 0.8451988 0.0646354 0.0643800
21 0.4164611 0.8451988 0.0646354 0.0643800
