10 0.6677005 0.9140726 0.0616171 0.0653809
18 0.7293176 0.9140726 0.0616171 0.0653809
32 0.5462785 0.7726235 0.4349443 0.4388065
22 0.3596149 0.5871680 0.0616171 0.0653809
6 0.4212321 0.5871680 0.0616171 0.0653809
5 0.5444663 0.5871680 0.0616171 0.0653809
28 0.7293176 0.5871680 0.0616171 0.0653809
31 0.3596149 0.6519203 0.0616171 0.0641236
8 0.4212321 0.6519203 0.0616171 0.0641236
14 0.5444663 0.6519203 0.0616171 0.0641236
25 0.6677005 0.6519203 0.0616171 0.0641236
7 0.3596149 0.7179298 0.0616171 0.0653809
13 0.4212321 0.7179298 0.0616171 0.0653809
27 0.5444663 0.7179298 0.0616171 0.0653809
30 0.6677005 0.7179298 0.0616171 0.0653809
2 0.4212321 0.7833108 0.0616171 0.0653809
16 0.4828492 0.7833108 0.0616171 0.0653809
3 0.5444663 0.7833108 0.0616171 0.0653809
17 0.7293176 0.7833108 0.0616171 0.0653809
19 0.3596149 0.8486917 0.0616171 0.0653809
15 0.4828492 0.8486917 0.0616171 0.0653809
21 0.5444663 0.8486917 0.0616171 0.0653809
23 0.6060834 0.8486917 0.0616171 0.0653809
4 0.4212321 0.9140726 0.0616171 0.0653809
