10 0.5948331 0.8516545 0.0619894 0.0662631
3 0.6568225 0.8516545 0.0619894 0.0662631
32 0.4726775 0.7082968 0.4375720 0.4447273
31 0.2848862 0.5203391 0.0619894 0.0662631
5 0.4708543 0.5203391 0.0619894 0.0662631
25 0.6568225 0.5203391 0.0619894 0.0662631
17 0.2848862 0.5859650 0.0619894 0.0649888
12 0.4708543 0.5859650 0.0619894 0.0649888
28 0.6568225 0.5859650 0.0619894 0.0649888
20 0.2848862 0.6528652 0.0619894 0.0662631
16 0.3468756 0.6528652 0.0619894 0.0662631
19 0.4088650 0.6528652 0.0619894 0.0662631
14 0.4708543 0.6528652 0.0619894 0.0662631
1 0.5328437 0.6528652 0.0619894 0.0662631
6 0.2848862 0.7191283 0.0619894 0.0662630
23 0.4088650 0.7191283 0.0619894 0.0662630
21 0.4708543 0.7191283 0.0619894 0.0662630
27 0.5328437 0.7191283 0.0619894 0.0662630
22 0.6568225 0.7191283 0.0619894 0.0662630
30 0.2848862 0.7853914 0.0619894 0.0662631
9 0.4088650 0.7853914 0.0619894 0.0662631
24 0.5948331 0.7853914 0.0619894 0.0662631
4 0.4088650 0.8516545 0.0619894 0.0662631
13 0.4708543 0.8516545 0.0619894 0.0662631
