5 0.5738831 0.8967867 0.0644278 0.0674779
31 0.7027388 0.8967867 0.0644279 0.0674779
32 0.5113502 0.7508009 0.4547847 0.4528801
22 0.3161718 0.5593975 0.0644278 0.0674778
16 0.3805996 0.5593975 0.0644278 0.0674778
30 0.4450274 0.5593975 0.0644278 0.0674778
10 0.7027388 0.5593975 0.0644279 0.0674778
11 0.4450274 0.6262265 0.0644278 0.0661802
27 0.5094553 0.6262265 0.0644278 0.0661802
29 0.7027388 0.6262265 0.0644279 0.0661802
25 0.3161718 0.6943532 0.0644278 0.0674779
26 0.3805996 0.6943532 0.0644278 0.0674779
12 0.5738831 0.6943532 0.0644278 0.0674779
4 0.3161718 0.7618311 0.0644278 0.0674778
24 0.5738831 0.7618311 0.0644278 0.0674778
14 0.6383109 0.7618311 0.0644278 0.0674778
18 0.7027388 0.7618311 0.0644279 0.0674778
17 0.3161718 0.8293088 0.0644278 0.0674778
21 0.3805996 0.8293088 0.0644278 0.0674778
7 0.4450274 0.8293088 0.0644278 0.0674778
9 0.6383109 0.8293088 0.0644278 0.0674778
1 0.7027388 0.8293088 0.0644279 0.0674778
13 0.4450274 0.8967867 0.0644278 0.0674779
15 0.5094553 0.8967867 0.0644278 0.0674779
