15 0.5972845 0.8373270 0.0651923 0.0680938
7 0.6624768 0.8373270 0.0651923 0.0680938
32 0.4688174 0.6900088 0.4601810 0.4570138
6 0.2713230 0.4968583 0.0651923 0.0680938
12 0.4017076 0.4968583 0.0651923 0.0680938
9 0.4668999 0.4968583 0.0651923 0.0680938
13 0.5320922 0.4968583 0.0651923 0.0680938
20 0.6624768 0.4968583 0.0651923 0.0680938
18 0.2713230 0.5642973 0.0651923 0.0667842
25 0.4668999 0.5642973 0.0651923 0.0667842
5 0.5320922 0.5642973 0.0651923 0.0667842
19 0.5972845 0.5642973 0.0651923 0.0667842
26 0.4668999 0.6330458 0.0651923 0.0680938
11 0.5320922 0.6330458 0.0651923 0.0680938
17 0.6624768 0.6330458 0.0651923 0.0680938
27 0.4017076 0.7011395 0.0651923 0.0680937
2 0.4668999 0.7011395 0.0651923 0.0680937
8 0.2713230 0.7692332 0.0651923 0.0680937
4 0.3365153 0.7692332 0.0651923 0.0680937
21 0.4017076 0.7692332 0.0651923 0.0680937
16 0.5320922 0.7692332 0.0651923 0.0680937
3 0.2713230 0.8373270 0.0651923 0.0680938
23 0.3365153 0.8373270 0.0651923 0.0680938
22 0.5320922 0.8373270 0.0651923 0.0680938
