26 0.2644995 0.8904961 0.0651583 0.0660896
12 0.3948162 0.8904961 0.0651583 0.0660896
32 0.4618909 0.7475138 0.4599412 0.4435629
11 0.2644995 0.5600481 0.0651583 0.0660896
30 0.3296579 0.5600481 0.0651583 0.0660896
10 0.5251329 0.5600481 0.0651583 0.0660896
27 0.6554495 0.5600481 0.0651583 0.0660896
18 0.2644995 0.6255022 0.0651583 0.0648187
6 0.3296579 0.6255022 0.0651583 0.0648187
7 0.4599745 0.6255022 0.0651583 0.0648187
3 0.5902912 0.6255022 0.0651583 0.0648187
25 0.6554495 0.6255022 0.0651583 0.0648187
19 0.2644995 0.6922273 0.0651583 0.0660896
21 0.3296579 0.6922273 0.0651583 0.0660896
5 0.5251329 0.6922273 0.0651583 0.0660896
9 0.6554495 0.6922273 0.0651583 0.0660896
22 0.2644995 0.7583170 0.0651583 0.0660896
28 0.3296579 0.7583170 0.0651583 0.0660896
15 0.5251329 0.7583170 0.0651583 0.0660896
23 0.6554495 0.7583170 0.0651583 0.0660896
2 0.3296579 0.8244066 0.0651583 0.0660896
4 0.4599745 0.8244066 0.0651583 0.0660896
17 0.5251329 0.8244066 0.0651583 0.0660896
14 0.5902912 0.8244066 0.0651583 0.0660896
