24 0.4263240 0.8563660 0.0629898 0.0678380
7 0.6782833 0.8563660 0.0629898 0.0678380
32 0.4911665 0.7096011 0.4446341 0.4552970
10 0.4263240 0.5171762 0.0629898 0.0678379
5 0.4893138 0.5171762 0.0629898 0.0678379
19 0.6782833 0.5171762 0.0629898 0.0678379
8 0.3003444 0.5843619 0.0629898 0.0665334
16 0.3633342 0.5843619 0.0629898 0.0665334
14 0.4893138 0.5843619 0.0629898 0.0665334
3 0.5523037 0.5843619 0.0629898 0.0665334
6 0.6782833 0.5843619 0.0629898 0.0665334
28 0.3003444 0.6528521 0.0629898 0.0678379
12 0.3633342 0.6528521 0.0629898 0.0678379
31 0.4263240 0.6528521 0.0629898 0.0678379
13 0.4893138 0.6528521 0.0629898 0.0678379
1 0.5523037 0.6528521 0.0629898 0.0678379
9 0.6782833 0.6528521 0.0629898 0.0678379
21 0.5523037 0.7206901 0.0629898 0.0678380
29 0.6782833 0.7206901 0.0629898 0.0678380
4 0.3633342 0.7885280 0.0629898 0.0678379
20 0.4893138 0.7885280 0.0629898 0.0678379
23 0.5523037 0.7885280 0.0629898 0.0678379
27 0.6152935 0.7885280 0.0629898 0.0678379
11 0.3633342 0.8563660 0.0629898 0.0678380
