18 0.6072887 0.8322829 0.0635164 0.0659982
25 0.6708052 0.8322829 0.0635164 0.0659982
32 0.4821240 0.6894983 0.4483514 0.4429494
21 0.3532230 0.5022919 0.0635164 0.0659982
28 0.4167394 0.5022919 0.0635165 0.0659982
31 0.4802559 0.5022919 0.0635164 0.0659982
5 0.5437723 0.5022919 0.0635165 0.0659982
12 0.6708052 0.5022919 0.0635164 0.0659982
22 0.4167394 0.5676555 0.0635165 0.0647290
2 0.4802559 0.5676555 0.0635164 0.0647290
30 0.5437723 0.5676555 0.0635165 0.0647290
15 0.6072887 0.5676555 0.0635164 0.0647290
17 0.4802559 0.6342883 0.0635164 0.0659982
1 0.6072887 0.6342883 0.0635164 0.0659982
23 0.6708052 0.6342883 0.0635164 0.0659982
3 0.4802559 0.7002864 0.0635164 0.0659982
27 0.6072887 0.7002864 0.0635164 0.0659982
4 0.6708052 0.7002864 0.0635164 0.0659982
8 0.3532230 0.7662846 0.0635164 0.0659982
14 0.4167394 0.7662846 0.0635165 0.0659982
13 0.6072887 0.7662846 0.0635164 0.0659982
9 0.3532230 0.8322829 0.0635164 0.0659982
11 0.4802559 0.8322829 0.0635164 0.0659982
19 0.5437723 0.8322829 0.0635165 0.0659982
