29 0.6083736 0.8252274 0.0621296 0.0627436
12 0.6705032 0.8252274 0.0621296 0.0627436
32 0.5480713 0.6894839 0.4385619 0.4211062
21 0.3598552 0.5115093 0.0621296 0.0627436
25 0.4841144 0.5115093 0.0621296 0.0627436
30 0.6083736 0.5115093 0.0621296 0.0627436
5 0.6705032 0.5115093 0.0621296 0.0627436
26 0.7326328 0.5115093 0.0621296 0.0627436
7 0.3598552 0.5736496 0.0621296 0.0615370
6 0.4219848 0.5736496 0.0621296 0.0615370
22 0.4841144 0.6369965 0.0621296 0.0627436
9 0.5462440 0.6369965 0.0621296 0.0627436
3 0.6705032 0.6369965 0.0621296 0.0627436
11 0.3598552 0.6997401 0.0621296 0.0627436
19 0.4219848 0.6997401 0.0621296 0.0627436
27 0.4841144 0.6997401 0.0621296 0.0627436
17 0.6705032 0.6997401 0.0621296 0.0627436
18 0.3598552 0.7624838 0.0621296 0.0627436
23 0.4219848 0.7624838 0.0621296 0.0627436
20 0.4841144 0.7624838 0.0621296 0.0627436
4 0.5462440 0.7624838 0.0621296 0.0627436
31 0.6083736 0.7624838 0.0621296 0.0627436
10 0.3598552 0.8252274 0.0621296 0.0627436
16 0.4841144 0.8252274 0.0621296 0.0627436
