25 0.6610035 0.8315356 0.0667737 0.0648675
8 0.7277772 0.8315356 0.0667737 0.0648675
32 0.5294200 0.6911973 0.4713437 0.4353607
30 0.5942298 0.5071981 0.0667737 0.0648675
28 0.6610035 0.5071981 0.0667737 0.0648675
26 0.7277772 0.5071981 0.0667737 0.0648675
4 0.3271350 0.5714419 0.0667737 0.0636201
21 0.3939087 0.5714419 0.0667737 0.0636201
2 0.5274561 0.5714419 0.0667737 0.0636201
11 0.5942298 0.5714419 0.0667737 0.0636201
17 0.3939087 0.6369331 0.0667737 0.0648675
22 0.4606824 0.6369331 0.0667737 0.0648675
18 0.3271350 0.7018007 0.0667737 0.0648675
12 0.3939087 0.7018007 0.0667737 0.0648675
27 0.5274561 0.7018007 0.0667737 0.0648675
23 0.5942298 0.7018007 0.0667737 0.0648675
10 0.6610035 0.7018007 0.0667737 0.0648675
6 0.5274561 0.7666681 0.0667737 0.0648675
15 0.5942298 0.7666681 0.0667737 0.0648675
14 0.6610035 0.7666681 0.0667737 0.0648675
9 0.7277772 0.7666681 0.0667737 0.0648675
31 0.3271350 0.8315356 0.0667737 0.0648675
3 0.4606824 0.8315356 0.0667737 0.0648675
5 0.5274561 0.8315356 0.0667737 0.0648675
