30 0.7191597 0.8003159 0.0667407 0.0618755
23 0.5189376 0.8621913 0.0667407 0.0618755
32 0.5209005 0.7283261 0.4711110 0.4152797
18 0.3187154 0.5528139 0.0667407 0.0618755
3 0.3854561 0.5528139 0.0667407 0.0618755
21 0.4521968 0.5528139 0.0667407 0.0618755
6 0.5189376 0.5528139 0.0667407 0.0618755
27 0.7191597 0.5528139 0.0667407 0.0618755
7 0.3187154 0.6140945 0.0667407 0.0606856
4 0.3854561 0.6140945 0.0667407 0.0606856
26 0.4521968 0.6140945 0.0667407 0.0606856
8 0.6524190 0.6140945 0.0667407 0.0606856
13 0.3854561 0.6765649 0.0667407 0.0618755
12 0.4521968 0.6765649 0.0667407 0.0618755
31 0.5189376 0.6765649 0.0667407 0.0618755
9 0.5856783 0.6765649 0.0667407 0.0618755
11 0.3187154 0.7384404 0.0667407 0.0618755
24 0.5856783 0.7384404 0.0667407 0.0618755
20 0.6524190 0.7384404 0.0667407 0.0618755
5 0.3187154 0.8003159 0.0667407 0.0618755
15 0.3854561 0.8003159 0.0667407 0.0618755
16 0.4521968 0.8003159 0.0667407 0.0618755
2 0.5189376 0.8003159 0.0667407 0.0618755
22 0.6524190 0.8003159 0.0667407 0.0618755
