30 0.4228886 0.8599670 0.0664514 0.0639125
9 0.4893399 0.8599670 0.0664514 0.0639125
32 0.4912944 0.7216948 0.4690686 0.4289510
10 0.4228886 0.5404046 0.0664514 0.0639125
15 0.4893399 0.5404046 0.0664514 0.0639125
3 0.6222427 0.5404046 0.0664514 0.0639125
11 0.6886942 0.5404046 0.0664514 0.0639125
7 0.2899858 0.6037025 0.0664514 0.0626834
23 0.3564371 0.6037025 0.0664514 0.0626834
5 0.5557913 0.6037025 0.0664514 0.0626834
12 0.6886942 0.6037025 0.0664514 0.0626834
26 0.2899858 0.6682295 0.0664514 0.0639125
19 0.4893399 0.6682295 0.0664514 0.0639125
25 0.2899858 0.7321420 0.0664514 0.0639125
27 0.3564371 0.7321420 0.0664514 0.0639125
31 0.4228886 0.7321420 0.0664514 0.0639125
21 0.5557913 0.7321420 0.0664514 0.0639125
18 0.6222427 0.7321420 0.0664514 0.0639125
6 0.6886942 0.7321420 0.0664514 0.0639125
1 0.3564371 0.7960545 0.0664514 0.0639124
24 0.4228886 0.7960545 0.0664514 0.0639124
4 0.4893399 0.7960545 0.0664514 0.0639124
28 0.5557913 0.7960545 0.0664514 0.0639124
13 0.6886942 0.7960545 0.0664514 0.0639124
