5 0.6150734 0.8375117 0.0609068 0.0668277
15 0.6759802 0.8375117 0.0609068 0.0668277
32 0.4950512 0.6929327 0.4299302 0.4485166
23 0.3105395 0.5033733 0.0609068 0.0668277
8 0.6150734 0.5033733 0.0609068 0.0668277
6 0.6759802 0.5033733 0.0609068 0.0668277
10 0.3714463 0.5695584 0.0609068 0.0655425
14 0.4323531 0.5695584 0.0609068 0.0655425
24 0.4932598 0.5695584 0.0609068 0.0655425
29 0.6759802 0.5695584 0.0609068 0.0655425
7 0.4323531 0.6370287 0.0609068 0.0668277
1 0.4932598 0.6370287 0.0609068 0.0668277
13 0.5541666 0.6370287 0.0609068 0.0668277
11 0.6150734 0.6370287 0.0609068 0.0668277
25 0.4323531 0.7038564 0.0609068 0.0668276
28 0.6150734 0.7038564 0.0609068 0.0668276
31 0.6759802 0.7038564 0.0609068 0.0668276
18 0.3105395 0.7706841 0.0609068 0.0668277
16 0.4932598 0.7706841 0.0609068 0.0668277
12 0.6150734 0.7706841 0.0609068 0.0668277
2 0.6759802 0.7706841 0.0609068 0.0668277
9 0.3714463 0.8375117 0.0609068 0.0668277
30 0.4932598 0.8375117 0.0609068 0.0668277
19 0.5541666 0.8375117 0.0609068 0.0668277
