23 0.5835819 0.8348214 0.0639645 0.0664851
24 0.6475464 0.8348214 0.0639644 0.0664851
32 0.4575343 0.6909832 0.4515139 0.4462179
14 0.3277241 0.5023954 0.0639645 0.0664852
25 0.3916885 0.5023954 0.0639645 0.0664852
3 0.4556530 0.5023954 0.0639645 0.0664852
12 0.3277241 0.5682413 0.0639645 0.0652066
18 0.3916885 0.5682413 0.0639645 0.0652066
8 0.5196175 0.5682413 0.0639645 0.0652066
10 0.2637596 0.6353658 0.0639645 0.0664852
20 0.3916885 0.6353658 0.0639645 0.0664852
21 0.4556530 0.6353658 0.0639645 0.0664852
2 0.5196175 0.6353658 0.0639645 0.0664852
22 0.5835819 0.6353658 0.0639645 0.0664852
4 0.3916885 0.7018510 0.0639645 0.0664852
27 0.4556530 0.7018510 0.0639645 0.0664852
5 0.5835819 0.7018510 0.0639645 0.0664852
7 0.6475464 0.7018510 0.0639644 0.0664852
13 0.4556530 0.7683362 0.0639645 0.0664852
26 0.6475464 0.7683362 0.0639644 0.0664852
1 0.2637596 0.8348214 0.0639645 0.0664851
19 0.3277241 0.8348214 0.0639645 0.0664851
31 0.4556530 0.8348214 0.0639645 0.0664851
17 0.5196175 0.8348214 0.0639645 0.0664851
