6 0.6168901 0.9009152 0.0611404 0.0646285
14 0.6780305 0.9009152 0.0611404 0.0646285
32 0.4964075 0.7610939 0.4315794 0.4337565
13 0.3111880 0.5777728 0.0611404 0.0646284
4 0.3723285 0.5777728 0.0611404 0.0646284
31 0.4946093 0.5777728 0.0611404 0.0646284
16 0.6780305 0.5777728 0.0611404 0.0646284
8 0.5557497 0.6417799 0.0611404 0.0633857
25 0.6168901 0.6417799 0.0611404 0.0633857
27 0.3111880 0.7070297 0.0611404 0.0646284
26 0.3723285 0.7070297 0.0611404 0.0646284
20 0.4334689 0.7070297 0.0611404 0.0646284
23 0.5557497 0.7070297 0.0611404 0.0646284
3 0.6168901 0.7070297 0.0611404 0.0646284
22 0.3723285 0.7716582 0.0611404 0.0646285
28 0.4946093 0.7716582 0.0611404 0.0646285
5 0.3111880 0.8362867 0.0611404 0.0646284
11 0.4946093 0.8362867 0.0611404 0.0646284
21 0.5557497 0.8362867 0.0611404 0.0646284
15 0.6168901 0.8362867 0.0611404 0.0646284
12 0.6780305 0.8362867 0.0611404 0.0646284
2 0.3111880 0.9009152 0.0611404 0.0646285
1 0.3723285 0.9009152 0.0611404 0.0646285
29 0.4946093 0.9009152 0.0611404 0.0646285
