4 0.5404595 0.8657846 0.0645641 0.0641754
10 0.6695877 0.8657846 0.0645641 0.0641754
32 0.4777943 0.7269436 0.4557466 0.4307158
11 0.4113313 0.5449076 0.0645641 0.0641754
18 0.5404595 0.5449076 0.0645641 0.0641754
29 0.6050236 0.5449076 0.0645641 0.0641754
26 0.2822031 0.6084659 0.0645641 0.0629412
2 0.3467672 0.6084659 0.0645641 0.0629412
31 0.4113313 0.6084659 0.0645641 0.0629412
7 0.4758954 0.6084659 0.0645641 0.0629412
27 0.6050236 0.6084659 0.0645641 0.0629412
5 0.2822031 0.6732584 0.0645641 0.0641754
24 0.4113313 0.6732584 0.0645641 0.0641754
23 0.4758954 0.6732584 0.0645641 0.0641754
17 0.3467672 0.7374338 0.0645641 0.0641754
8 0.4113313 0.7374338 0.0645641 0.0641754
22 0.6050236 0.7374338 0.0645641 0.0641754
19 0.2822031 0.8016092 0.0645641 0.0641754
25 0.4113313 0.8016092 0.0645641 0.0641754
3 0.4758954 0.8016092 0.0645641 0.0641754
30 0.5404595 0.8016092 0.0645641 0.0641754
15 0.6695877 0.8016092 0.0645641 0.0641754
20 0.2822031 0.8657846 0.0645641 0.0641754
21 0.4758954 0.8657846 0.0645641 0.0641754
