9 0.4572600 0.8924683 0.0609383 0.0646907
5 0.5181982 0.8924683 0.0609383 0.0646907
32 0.4590523 0.7525124 0.4301527 0.4341742
2 0.2744451 0.5690147 0.0609383 0.0646907
12 0.3353834 0.5690147 0.0609383 0.0646907
1 0.6400748 0.5690147 0.0609383 0.0646907
25 0.3353834 0.6330833 0.0609383 0.0634467
16 0.3963216 0.6330833 0.0609383 0.0634467
7 0.4572600 0.6330833 0.0609383 0.0634467
22 0.2744451 0.6983961 0.0609383 0.0646907
30 0.4572600 0.6983961 0.0609383 0.0646907
10 0.5181982 0.6983961 0.0609383 0.0646907
23 0.5791366 0.6983961 0.0609383 0.0646907
4 0.6400748 0.6983961 0.0609383 0.0646907
13 0.4572600 0.7630869 0.0609383 0.0646908
8 0.5181982 0.7630869 0.0609383 0.0646908
29 0.5791366 0.7630869 0.0609383 0.0646908
18 0.6400748 0.7630869 0.0609383 0.0646908
26 0.2744451 0.8277776 0.0609383 0.0646907
28 0.3353834 0.8277776 0.0609383 0.0646907
15 0.4572600 0.8277776 0.0609383 0.0646907
31 0.5181982 0.8277776 0.0609383 0.0646907
24 0.6400748 0.8277776 0.0609383 0.0646907
19 0.3353834 0.8924683 0.0609383 0.0646907
