31 0.4870882 0.8599461 0.0649086 0.0679663
8 0.6169054 0.8599461 0.0649086 0.0679663
32 0.4889973 0.7129037 0.4581780 0.4561585
28 0.4221797 0.5201146 0.0649086 0.0679663
22 0.4870882 0.5201146 0.0649086 0.0679663
6 0.2923626 0.5874274 0.0649086 0.0666593
19 0.3572711 0.5874274 0.0649086 0.0666593
20 0.4221797 0.5874274 0.0649086 0.0666593
11 0.5519968 0.5874274 0.0649086 0.0666593
27 0.6169054 0.5874274 0.0649086 0.0666593
9 0.2923626 0.6560472 0.0649086 0.0679663
25 0.4870882 0.6560472 0.0649086 0.0679663
13 0.5519968 0.6560472 0.0649086 0.0679663
30 0.6818140 0.6560472 0.0649085 0.0679663
2 0.2923626 0.7240135 0.0649086 0.0679663
16 0.4221797 0.7240135 0.0649086 0.0679663
14 0.5519968 0.7240135 0.0649086 0.0679663
18 0.6169054 0.7240135 0.0649086 0.0679663
23 0.2923626 0.7919798 0.0649086 0.0679663
5 0.4221797 0.7919798 0.0649086 0.0679663
15 0.5519968 0.7919798 0.0649086 0.0679663
7 0.6169054 0.7919798 0.0649086 0.0679663
1 0.2923626 0.8599461 0.0649086 0.0679663
24 0.4221797 0.8599461 0.0649086 0.0679663
