18 0.5465346 0.8658995 0.0643110 0.0659443
8 0.6108456 0.8658995 0.0643110 0.0659443
32 0.4841151 0.7232314 0.4539599 0.4425880
19 0.2892907 0.5361778 0.0643110 0.0659444
29 0.3536016 0.5361778 0.0643110 0.0659444
5 0.4179126 0.5361778 0.0643110 0.0659444
1 0.4822236 0.5361778 0.0643110 0.0659444
26 0.6751566 0.5361778 0.0643110 0.0659444
31 0.4179126 0.6014880 0.0643110 0.0646762
25 0.5465346 0.6014880 0.0643110 0.0646762
3 0.6751566 0.6014880 0.0643110 0.0646762
10 0.2892907 0.6680665 0.0643110 0.0659444
9 0.5465346 0.6680665 0.0643110 0.0659444
4 0.6751566 0.6680665 0.0643110 0.0659444
17 0.2892907 0.7340108 0.0643110 0.0659443
13 0.3536016 0.7340108 0.0643110 0.0659443
15 0.4179126 0.7340108 0.0643110 0.0659443
22 0.6108456 0.7340108 0.0643110 0.0659443
23 0.6751566 0.7340108 0.0643110 0.0659443
16 0.3536016 0.7999551 0.0643110 0.0659444
28 0.4179126 0.7999551 0.0643110 0.0659444
7 0.2892907 0.8658995 0.0643110 0.0659443
6 0.4179126 0.8658995 0.0643110 0.0659443
