26 0.6101501 0.8610421 0.0622437 0.0621762
28 0.6723938 0.8610421 0.0622437 0.0621762
32 0.5497371 0.7265262 0.4393676 0.4172980
14 0.3611751 0.5501610 0.0622437 0.0621762
2 0.4234189 0.5501610 0.0622438 0.0621762
30 0.5479063 0.5501610 0.0622438 0.0621762
20 0.6101501 0.5501610 0.0622437 0.0621762
31 0.4856626 0.6117393 0.0622437 0.0609805
19 0.5479063 0.6117393 0.0622438 0.0609805
12 0.7346376 0.6117393 0.0622437 0.0609805
22 0.3611751 0.6745135 0.0622437 0.0621762
10 0.4856626 0.6745135 0.0622437 0.0621762
24 0.5479063 0.6745135 0.0622438 0.0621762
9 0.6101501 0.6745135 0.0622437 0.0621762
13 0.6723938 0.6745135 0.0622437 0.0621762
8 0.4234189 0.7366897 0.0622438 0.0621762
27 0.6723938 0.7366897 0.0622437 0.0621762
7 0.4856626 0.7988659 0.0622437 0.0621762
4 0.6723938 0.7988659 0.0622437 0.0621762
3 0.7346376 0.7988659 0.0622437 0.0621762
5 0.3611751 0.8610421 0.0622437 0.0621762
1 0.4234189 0.8610421 0.0622438 0.0621762
11 0.5479063 0.8610421 0.0622438 0.0621762
