19 0.6128227 0.9174271 0.0654300 0.0661790
22 0.6782527 0.9174271 0.0654300 0.0661790
32 0.5493172 0.7742515 0.4618588 0.4441625
24 0.3511028 0.5865324 0.0654300 0.0661789
21 0.4165327 0.5865324 0.0654300 0.0661789
8 0.4819627 0.5865324 0.0654300 0.0661789
13 0.3511028 0.6520750 0.0654300 0.0649063
1 0.4165327 0.6520750 0.0654300 0.0649063
16 0.6782527 0.6520750 0.0654300 0.0649063
5 0.3511028 0.7188902 0.0654300 0.0661789
26 0.5473927 0.7188902 0.0654300 0.0661789
15 0.6128227 0.7188902 0.0654300 0.0661789
17 0.6782527 0.7188902 0.0654300 0.0661789
29 0.3511028 0.7850691 0.0654300 0.0661790
18 0.4165327 0.7850691 0.0654300 0.0661790
27 0.7436827 0.7850691 0.0654300 0.0661790
31 0.4165327 0.8512481 0.0654300 0.0661789
14 0.6128227 0.8512481 0.0654300 0.0661789
10 0.7436827 0.8512481 0.0654300 0.0661789
4 0.3511028 0.9174271 0.0654300 0.0661790
11 0.4165327 0.9174271 0.0654300 0.0661790
20 0.4819627 0.9174271 0.0654300 0.0661790
23 0.5473927 0.9174271 0.0654300 0.0661790
