14 0.5903244 0.8871503 0.0634116 0.0629406
18 0.7171476 0.8871503 0.0634116 0.0629406
32 0.5287778 0.7509808 0.4476112 0.4224282
22 0.3366780 0.5724474 0.0634116 0.0629406
4 0.4000896 0.5724474 0.0634116 0.0629406
28 0.4635012 0.5724474 0.0634116 0.0629406
6 0.5903244 0.5724474 0.0634116 0.0629406
16 0.6537360 0.5724474 0.0634116 0.0629406
5 0.3366780 0.6347827 0.0634116 0.0617302
7 0.5269128 0.6347827 0.0634116 0.0617302
17 0.7171476 0.6347827 0.0634116 0.0617302
15 0.3366780 0.6983286 0.0634116 0.0629406
24 0.5269128 0.6983286 0.0634116 0.0629406
3 0.7171476 0.6983286 0.0634116 0.0629406
30 0.3366780 0.7612691 0.0634116 0.0629406
21 0.4000896 0.7612691 0.0634116 0.0629406
19 0.5269128 0.7612691 0.0634116 0.0629406
31 0.5269128 0.8242097 0.0634116 0.0629406
1 0.6537360 0.8242097 0.0634116 0.0629406
26 0.7171476 0.8242097 0.0634116 0.0629406
13 0.3366780 0.8871503 0.0634116 0.0629406
12 0.4000896 0.8871503 0.0634116 0.0629406
11 0.4635012 0.8871503 0.0634116 0.0629406
