2 0.5134015 0.8865284 0.0627508 0.0636363
23 0.6389031 0.8865284 0.0627508 0.0636363
32 0.4524963 0.7488536 0.4429468 0.4270977
4 0.2623984 0.5683467 0.0627508 0.0636364
15 0.3878999 0.5683467 0.0627508 0.0636364
21 0.6389031 0.5683467 0.0627508 0.0636364
18 0.3878999 0.6313712 0.0627508 0.0624126
19 0.5761523 0.6313712 0.0627508 0.0624126
11 0.6389031 0.6313712 0.0627508 0.0624126
26 0.2623984 0.6956194 0.0627508 0.0636363
9 0.3251492 0.6956194 0.0627508 0.0636363
17 0.4506507 0.6956194 0.0627508 0.0636363
31 0.3251492 0.7592557 0.0627508 0.0636364
24 0.4506507 0.7592557 0.0627508 0.0636364
28 0.5761523 0.7592557 0.0627508 0.0636364
6 0.6389031 0.7592557 0.0627508 0.0636364
13 0.3251492 0.8228921 0.0627508 0.0636363
14 0.3878999 0.8228921 0.0627508 0.0636363
30 0.4506507 0.8228921 0.0627508 0.0636363
1 0.5761523 0.8228921 0.0627508 0.0636363
22 0.6389031 0.8228921 0.0627508 0.0636363
12 0.2623984 0.8865284 0.0627508 0.0636363
20 0.3878999 0.8865284 0.0627508 0.0636363
