23 0.5165760 0.8574376 0.0653396 0.0654194
26 0.5819155 0.8574376 0.0653395 0.0654194
32 0.4531581 0.7159052 0.4612205 0.4390649
9 0.2552177 0.5303406 0.0653396 0.0654194
19 0.3858968 0.5303406 0.0653395 0.0654194
1 0.4512364 0.5303406 0.0653396 0.0654194
31 0.5165760 0.5303406 0.0653396 0.0654194
11 0.6472551 0.5303406 0.0653395 0.0654194
14 0.3205573 0.5951310 0.0653396 0.0641614
13 0.3858968 0.5951310 0.0653395 0.0641614
12 0.4512364 0.5951310 0.0653396 0.0641614
20 0.5165760 0.5951310 0.0653396 0.0641614
25 0.5819155 0.5951310 0.0653395 0.0641614
29 0.4512364 0.6611794 0.0653396 0.0654194
18 0.5165760 0.6611794 0.0653396 0.0654194
22 0.5819155 0.6611794 0.0653395 0.0654194
21 0.3858968 0.7265988 0.0653395 0.0654195
17 0.6472551 0.7265988 0.0653395 0.0654195
3 0.2552177 0.7920183 0.0653396 0.0654194
10 0.3205573 0.7920183 0.0653396 0.0654194
27 0.5165760 0.7920183 0.0653396 0.0654194
2 0.2552177 0.8574376 0.0653396 0.0654194
28 0.3858968 0.8574376 0.0653395 0.0654194
