2 0.5894151 0.8864380 0.0639310 0.0624758
22 0.6533461 0.8864380 0.0639310 0.0624758
32 0.4634335 0.7512739 0.4512775 0.4193092
24 0.3336912 0.5740586 0.0639310 0.0624759
1 0.3976222 0.5740586 0.0639310 0.0624759
10 0.5894151 0.5740586 0.0639310 0.0624759
15 0.2697602 0.6359338 0.0639310 0.0612744
5 0.3336912 0.6359338 0.0639310 0.0612744
13 0.5254842 0.6359338 0.0639310 0.0612744
11 0.6533461 0.6359338 0.0639310 0.0612744
21 0.5894151 0.6990104 0.0639310 0.0624759
6 0.4615532 0.7614863 0.0639310 0.0624759
3 0.5894151 0.7614863 0.0639310 0.0624759
27 0.6533461 0.7614863 0.0639310 0.0624759
30 0.3336912 0.8239622 0.0639310 0.0624759
17 0.3976222 0.8239622 0.0639310 0.0624759
23 0.4615532 0.8239622 0.0639310 0.0624759
4 0.5254842 0.8239622 0.0639310 0.0624759
26 0.5894151 0.8239622 0.0639310 0.0624759
20 0.6533461 0.8239622 0.0639310 0.0624759
31 0.2697602 0.8864380 0.0639310 0.0624758
18 0.3336912 0.8864380 0.0639310 0.0624758
9 0.3976222 0.8864380 0.0639310 0.0624758
