21 0.6031233 0.9001614 0.0668285 0.0651502
9 0.7367802 0.9001614 0.0668285 0.0651502
32 0.5382604 0.7592114 0.4717304 0.4372580
24 0.3358094 0.5744104 0.0668285 0.0651502
8 0.4026379 0.5744104 0.0668285 0.0651502
26 0.6031233 0.5744104 0.0668285 0.0651502
31 0.6699518 0.5744104 0.0668285 0.0651502
25 0.7367802 0.5744104 0.0668285 0.0651502
11 0.3358094 0.6389342 0.0668285 0.0638973
14 0.4694663 0.6389342 0.0668285 0.0638973
20 0.4694663 0.7047108 0.0668285 0.0651502
17 0.6699518 0.7047108 0.0668285 0.0651502
30 0.7367802 0.7047108 0.0668285 0.0651502
4 0.4694663 0.7698610 0.0668285 0.0651501
7 0.6031233 0.7698610 0.0668285 0.0651501
23 0.6699518 0.7698610 0.0668285 0.0651501
1 0.7367802 0.7698610 0.0668285 0.0651501
27 0.4026379 0.8350111 0.0668285 0.0651502
5 0.4694663 0.8350111 0.0668285 0.0651502
13 0.6699518 0.8350111 0.0668285 0.0651502
22 0.3358094 0.9001614 0.0668285 0.0651502
16 0.4026379 0.9001614 0.0668285 0.0651502
2 0.5362948 0.9001614 0.0668285 0.0651502
