31 0.6999236 0.8348988 0.0614404 0.0666552
11 0.5770427 0.9015541 0.0614405 0.0666552
32 0.5174094 0.7573481 0.4336974 0.4473588
10 0.3312809 0.5682781 0.0614405 0.0666552
24 0.4541618 0.5682781 0.0614405 0.0666552
23 0.5156023 0.5682781 0.0614404 0.0666552
12 0.5770427 0.5682781 0.0614405 0.0666552
18 0.6384832 0.5682781 0.0614405 0.0666552
2 0.6999236 0.5682781 0.0614404 0.0666552
15 0.3312809 0.6342924 0.0614405 0.0653733
20 0.4541618 0.6342924 0.0614405 0.0653733
6 0.5156023 0.6342924 0.0614404 0.0653733
17 0.5770427 0.6342924 0.0614405 0.0653733
9 0.4541618 0.7015884 0.0614405 0.0666552
7 0.3312809 0.7682437 0.0614405 0.0666552
28 0.5156023 0.7682437 0.0614404 0.0666552
30 0.5770427 0.7682437 0.0614405 0.0666552
19 0.6384832 0.7682437 0.0614405 0.0666552
25 0.6999236 0.7682437 0.0614404 0.0666552
26 0.3312809 0.8348988 0.0614405 0.0666552
1 0.3927213 0.8348988 0.0614405 0.0666552
14 0.4541618 0.8348988 0.0614405 0.0666552
16 0.5156023 0.8348988 0.0614404 0.0666552
