22 0.5837167 0.8799010 0.0611443 0.0661481
24 0.7060054 0.8799010 0.0611443 0.0661481
32 0.5243708 0.7367921 0.4316069 0.4439553
4 0.3391395 0.5491606 0.0611443 0.0661481
27 0.4002838 0.5491606 0.0611443 0.0661481
20 0.4614281 0.5491606 0.0611443 0.0661481
25 0.5225724 0.5491606 0.0611443 0.0661481
29 0.7060054 0.5491606 0.0611443 0.0661481
5 0.5837167 0.6146726 0.0611443 0.0648760
10 0.6448611 0.6146726 0.0611444 0.0648760
6 0.7060054 0.6146726 0.0611443 0.0648760
28 0.3391395 0.6814568 0.0611443 0.0661481
31 0.5225724 0.6814568 0.0611443 0.0661481
19 0.6448611 0.6814568 0.0611444 0.0661481
14 0.5225724 0.7476048 0.0611443 0.0661481
7 0.5837167 0.7476048 0.0611443 0.0661481
9 0.4002838 0.8137529 0.0611443 0.0661481
23 0.4614281 0.8137529 0.0611443 0.0661481
16 0.5837167 0.8137529 0.0611443 0.0661481
2 0.6448611 0.8137529 0.0611444 0.0661481
3 0.3391395 0.8799010 0.0611443 0.0661481
17 0.4002838 0.8799010 0.0611443 0.0661481
21 0.5225724 0.8799010 0.0611443 0.0661481
