22 0.5151117 0.8343996 0.0609911 0.0629837
7 0.6980850 0.8343996 0.0609911 0.0629837
32 0.5169056 0.6981369 0.4305254 0.4227174
26 0.5151117 0.5194813 0.0609911 0.0629837
18 0.5761028 0.5194813 0.0609911 0.0629837
10 0.6370939 0.5194813 0.0609911 0.0629837
20 0.6980850 0.5194813 0.0609911 0.0629837
29 0.3321384 0.5818593 0.0609911 0.0617725
13 0.4541206 0.5818593 0.0609911 0.0617725
1 0.3931295 0.6454486 0.0609911 0.0629837
25 0.4541206 0.6454486 0.0609911 0.0629837
31 0.6980850 0.6454486 0.0609911 0.0629837
2 0.3321384 0.7084323 0.0609911 0.0629836
3 0.3931295 0.7084323 0.0609911 0.0629836
12 0.4541206 0.7084323 0.0609911 0.0629836
23 0.5151117 0.7084323 0.0609911 0.0629836
4 0.6370939 0.7084323 0.0609911 0.0629836
28 0.3321384 0.7714159 0.0609911 0.0629837
30 0.4541206 0.7714159 0.0609911 0.0629837
17 0.5151117 0.7714159 0.0609911 0.0629837
24 0.6370939 0.7714159 0.0609911 0.0629837
9 0.3321384 0.8343996 0.0609911 0.0629837
16 0.3931295 0.8343996 0.0609911 0.0629837
