18 0.4858832 0.8435205 0.0664970 0.0632482
23 0.6188773 0.8435205 0.0664970 0.0632482
32 0.4878390 0.7066855 0.4693909 0.4244928
25 0.2863921 0.5272795 0.0664970 0.0632482
17 0.3528891 0.5272795 0.0664970 0.0632482
10 0.5523802 0.5272795 0.0664970 0.0632482
22 0.6188773 0.5272795 0.0664970 0.0632482
30 0.4858832 0.5899196 0.0664970 0.0620319
1 0.5523802 0.5899196 0.0664970 0.0620319
16 0.6188773 0.5899196 0.0664970 0.0620319
28 0.6853743 0.5899196 0.0664970 0.0620319
31 0.4193861 0.6537759 0.0664970 0.0632482
15 0.6188773 0.6537759 0.0664970 0.0632482
2 0.4193861 0.7170241 0.0664970 0.0632482
4 0.4858832 0.7170241 0.0664970 0.0632482
24 0.6188773 0.7170241 0.0664970 0.0632482
9 0.2863921 0.7802724 0.0664970 0.0632482
6 0.4193861 0.7802724 0.0664970 0.0632482
14 0.5523802 0.7802724 0.0664970 0.0632482
8 0.6188773 0.7802724 0.0664970 0.0632482
3 0.6853743 0.7802724 0.0664970 0.0632482
29 0.3528891 0.8435205 0.0664970 0.0632482
5 0.4193861 0.8435205 0.0664970 0.0632482
