11 0.4682513 0.8339883 0.0624669 0.0678008
15 0.6556522 0.8339883 0.0624670 0.0678008
32 0.5325555 0.6873041 0.4409430 0.4550471
20 0.4682513 0.4949847 0.0624669 0.0678007
17 0.7181190 0.4949847 0.0624669 0.0678007
12 0.3433175 0.5621335 0.0624669 0.0664968
14 0.4057844 0.5621335 0.0624669 0.0664968
5 0.4682513 0.5621335 0.0624669 0.0664968
9 0.5307182 0.5621335 0.0624669 0.0664968
22 0.3433175 0.6305861 0.0624669 0.0678007
7 0.4057844 0.6305861 0.0624669 0.0678007
29 0.5931852 0.6305861 0.0624669 0.0678007
10 0.6556522 0.6305861 0.0624670 0.0678007
23 0.7181190 0.6305861 0.0624669 0.0678007
26 0.4057844 0.6983868 0.0624669 0.0678008
4 0.4682513 0.6983868 0.0624669 0.0678008
24 0.5931852 0.6983868 0.0624669 0.0678008
3 0.6556522 0.6983868 0.0624670 0.0678008
31 0.7181190 0.6983868 0.0624669 0.0678008
6 0.4057844 0.7661876 0.0624669 0.0678007
28 0.5307182 0.7661876 0.0624669 0.0678007
27 0.7181190 0.7661876 0.0624669 0.0678007
18 0.3433175 0.8339883 0.0624669 0.0678008
