8 0.6031063 0.8975363 0.0640133 0.0653399
15 0.6671197 0.8975363 0.0640134 0.0653399
32 0.5409757 0.7561760 0.4518590 0.4385311
24 0.3470529 0.5708369 0.0640133 0.0653399
7 0.4110662 0.5708369 0.0640134 0.0653399
21 0.4750796 0.5708369 0.0640134 0.0653399
17 0.6031063 0.5708369 0.0640133 0.0653399
9 0.3470529 0.6355485 0.0640133 0.0640833
11 0.4110662 0.6355485 0.0640134 0.0640833
1 0.5390930 0.6355485 0.0640134 0.0640833
25 0.5390930 0.7015167 0.0640134 0.0653399
29 0.3470529 0.7668565 0.0640133 0.0653399
2 0.4110662 0.7668565 0.0640134 0.0653399
3 0.4750796 0.7668565 0.0640134 0.0653399
16 0.5390930 0.7668565 0.0640134 0.0653399
23 0.6031063 0.7668565 0.0640133 0.0653399
18 0.3470529 0.8321964 0.0640133 0.0653398
26 0.4750796 0.8321964 0.0640134 0.0653398
14 0.5390930 0.8321964 0.0640134 0.0653398
27 0.6031063 0.8321964 0.0640133 0.0653398
13 0.6671197 0.8321964 0.0640134 0.0653398
28 0.7311330 0.8321964 0.0640134 0.0653398
20 0.4110662 0.8975363 0.0640134 0.0653399
