15 0.5348573 0.8780225 0.0663651 0.0621310
13 0.7339524 0.8780225 0.0663651 0.0621310
32 0.5368092 0.7436045 0.4684593 0.4169943
24 0.3357620 0.5673676 0.0663651 0.0621310
11 0.4021271 0.5673676 0.0663651 0.0621310
23 0.4684922 0.5673676 0.0663651 0.0621310
26 0.5348573 0.5673676 0.0663651 0.0621310
28 0.6675874 0.5673676 0.0663651 0.0621310
29 0.6012223 0.6289012 0.0663651 0.0609362
8 0.5348573 0.6916295 0.0663651 0.0621310
30 0.6012223 0.6916295 0.0663651 0.0621310
17 0.3357620 0.7537605 0.0663651 0.0621310
27 0.4021271 0.7537605 0.0663651 0.0621310
18 0.4684922 0.7537605 0.0663651 0.0621310
22 0.5348573 0.7537605 0.0663651 0.0621310
9 0.6012223 0.7537605 0.0663651 0.0621310
10 0.6675874 0.7537605 0.0663651 0.0621310
14 0.3357620 0.8158914 0.0663651 0.0621310
3 0.5348573 0.8158914 0.0663651 0.0621310
2 0.6012223 0.8158914 0.0663651 0.0621310
19 0.6675874 0.8158914 0.0663651 0.0621310
6 0.4021271 0.8780225 0.0663651 0.0621310
12 0.4684922 0.8780225 0.0663651 0.0621310
