25 0.4829050 0.9124954 0.0627909 0.0653496
11 0.6084867 0.9124954 0.0627909 0.0653496
32 0.4847517 0.7711142 0.4432298 0.4385960
12 0.2945322 0.5857477 0.0627909 0.0653495
18 0.5456958 0.5857477 0.0627909 0.0653495
2 0.6712776 0.5857477 0.0627909 0.0653495
26 0.3573232 0.6504689 0.0627909 0.0640928
14 0.4201141 0.6504689 0.0627909 0.0640928
16 0.4829050 0.6504689 0.0627909 0.0640928
8 0.6084867 0.6504689 0.0627909 0.0640928
4 0.2945322 0.7164468 0.0627909 0.0653496
21 0.4201141 0.7164468 0.0627909 0.0653496
30 0.4829050 0.7164468 0.0627909 0.0653496
6 0.6084867 0.7164468 0.0627909 0.0653496
17 0.2945322 0.7817963 0.0627909 0.0653496
22 0.4201141 0.7817963 0.0627909 0.0653496
20 0.4829050 0.7817963 0.0627909 0.0653496
5 0.6084867 0.7817963 0.0627909 0.0653496
24 0.4829050 0.8471458 0.0627909 0.0653495
7 0.6084867 0.8471458 0.0627909 0.0653495
10 0.6712776 0.8471458 0.0627909 0.0653495
27 0.3573232 0.9124954 0.0627909 0.0653496
31 0.4201141 0.9124954 0.0627909 0.0653496
