2 0.3635152 0.8585574 0.0613437 0.0640978
20 0.4248588 0.8585574 0.0613437 0.0640978
32 0.4880067 0.7198843 0.4330142 0.4301950
27 0.3021715 0.5380683 0.0613437 0.0640978
18 0.4248588 0.5380683 0.0613437 0.0640978
12 0.4862025 0.5380683 0.0613437 0.0640978
28 0.5475462 0.5380683 0.0613437 0.0640978
3 0.6088899 0.5380683 0.0613437 0.0640978
8 0.6702335 0.5380683 0.0613437 0.0640978
13 0.3021715 0.6015498 0.0613437 0.0628652
29 0.3635152 0.6015498 0.0613437 0.0628652
16 0.4248588 0.6015498 0.0613437 0.0628652
17 0.5475462 0.6015498 0.0613437 0.0628652
26 0.3021715 0.6662640 0.0613437 0.0640979
4 0.3635152 0.6662640 0.0613437 0.0640979
9 0.4862025 0.6662640 0.0613437 0.0640979
5 0.3021715 0.7303618 0.0613437 0.0640978
11 0.3635152 0.7303618 0.0613437 0.0640978
15 0.5475462 0.7303618 0.0613437 0.0640978
25 0.3021715 0.7944597 0.0613437 0.0640978
1 0.5475462 0.7944597 0.0613437 0.0640978
24 0.6088899 0.7944597 0.0613437 0.0640978
21 0.6702335 0.7944597 0.0613437 0.0640978
