7 0.5746109 0.8385844 0.0613305 0.0650169
20 0.6972719 0.8385844 0.0613305 0.0650169
32 0.5150842 0.6979227 0.4329211 0.4363638
26 0.3292889 0.5134997 0.0613305 0.0650169
4 0.4519499 0.5134997 0.0613305 0.0650169
12 0.5132804 0.5134997 0.0613305 0.0650169
31 0.5746109 0.5134997 0.0613305 0.0650169
14 0.6972719 0.5134997 0.0613305 0.0650169
27 0.4519499 0.5778915 0.0613305 0.0637666
5 0.5746109 0.5778915 0.0613305 0.0637666
18 0.6359414 0.5778915 0.0613305 0.0637666
25 0.3292889 0.6435336 0.0613305 0.0650170
3 0.3906194 0.6435336 0.0613305 0.0650170
8 0.5746109 0.6435336 0.0613305 0.0650170
23 0.3292889 0.7085506 0.0613305 0.0650169
28 0.3906194 0.7085506 0.0613305 0.0650169
10 0.5132804 0.7085506 0.0613305 0.0650169
24 0.6359414 0.7085506 0.0613305 0.0650169
6 0.3906194 0.7735675 0.0613305 0.0650169
21 0.4519499 0.7735675 0.0613305 0.0650169
11 0.5132804 0.7735675 0.0613305 0.0650169
13 0.3292889 0.8385844 0.0613305 0.0650169
22 0.5132804 0.8385844 0.0613305 0.0650169
