14 0.6200603 0.8638501 0.0653216 0.0641331
1 0.6853820 0.8638501 0.0653217 0.0641331
32 0.4913383 0.7251007 0.4610939 0.4304314
9 0.2934522 0.5431848 0.0653216 0.0641330
4 0.4894171 0.5431848 0.0653216 0.0641330
27 0.5547388 0.5431848 0.0653216 0.0641330
20 0.6853820 0.5431848 0.0653217 0.0641330
23 0.3587739 0.6067012 0.0653217 0.0628997
3 0.5547388 0.6067012 0.0653216 0.0628997
28 0.4240955 0.6714510 0.0653216 0.0641331
5 0.4894171 0.6714510 0.0653216 0.0641331
17 0.5547388 0.6714510 0.0653216 0.0641331
18 0.6200603 0.6714510 0.0653216 0.0641331
22 0.3587739 0.7355840 0.0653217 0.0641331
19 0.4240955 0.7355840 0.0653216 0.0641331
31 0.4894171 0.7355840 0.0653216 0.0641331
25 0.5547388 0.7355840 0.0653216 0.0641331
26 0.6200603 0.7355840 0.0653216 0.0641331
7 0.3587739 0.7997170 0.0653217 0.0641330
15 0.5547388 0.7997170 0.0653216 0.0641330
12 0.6853820 0.7997170 0.0653217 0.0641330
30 0.3587739 0.8638501 0.0653217 0.0641331
8 0.5547388 0.8638501 0.0653216 0.0641331
