19 0.5981368 0.8638274 0.0647121 0.0634597
29 0.6628489 0.8638274 0.0647121 0.0634597
32 0.4706160 0.7265347 0.4567910 0.4259123
7 0.2745765 0.5465289 0.0647121 0.0634597
11 0.3392886 0.5465289 0.0647120 0.0634597
28 0.4040007 0.5465289 0.0647121 0.0634597
31 0.4687127 0.5465289 0.0647120 0.0634597
26 0.5981368 0.5465289 0.0647121 0.0634597
8 0.6628489 0.5465289 0.0647121 0.0634597
14 0.3392886 0.6093784 0.0647120 0.0622393
5 0.4687127 0.6093784 0.0647120 0.0622393
18 0.5981368 0.6093784 0.0647121 0.0622393
10 0.3392886 0.6734482 0.0647120 0.0634597
20 0.4687127 0.6734482 0.0647120 0.0634597
12 0.5981368 0.6734482 0.0647121 0.0634597
27 0.6628489 0.6734482 0.0647121 0.0634597
24 0.2745765 0.7369080 0.0647121 0.0634597
15 0.4040007 0.7369080 0.0647121 0.0634597
6 0.5334248 0.7369080 0.0647121 0.0634597
9 0.5981368 0.7369080 0.0647121 0.0634597
25 0.6628489 0.7369080 0.0647121 0.0634597
1 0.5981368 0.8003677 0.0647121 0.0634598
22 0.2745765 0.8638274 0.0647121 0.0634597
