31 0.5476809 0.8578923 0.0611407 0.0665881
17 0.6088216 0.8578923 0.0611407 0.0665881
32 0.5494791 0.7138314 0.4315816 0.4469090
25 0.4253994 0.5249516 0.0611407 0.0665881
28 0.4865401 0.5249516 0.0611407 0.0665881
7 0.7311031 0.5249516 0.0611407 0.0665881
2 0.4865401 0.5908994 0.0611407 0.0653076
18 0.5476809 0.5908994 0.0611407 0.0653076
15 0.6088216 0.5908994 0.0611407 0.0653076
21 0.7311031 0.5908994 0.0611407 0.0653076
16 0.3642587 0.6581279 0.0611407 0.0665882
10 0.6699623 0.6581279 0.0611407 0.0665882
22 0.7311031 0.6581279 0.0611407 0.0665882
29 0.4253994 0.7247160 0.0611407 0.0665881
11 0.6088216 0.7247160 0.0611407 0.0665881
1 0.6699623 0.7247160 0.0611407 0.0665881
8 0.7311031 0.7247160 0.0611407 0.0665881
24 0.3642587 0.7913042 0.0611407 0.0665881
4 0.5476809 0.7913042 0.0611407 0.0665881
27 0.6088216 0.7913042 0.0611407 0.0665881
6 0.6699623 0.7913042 0.0611407 0.0665881
20 0.3642587 0.8578923 0.0611407 0.0665881
3 0.4865401 0.8578923 0.0611407 0.0665881
