31 0.6061032 0.9015309 0.0658305 0.0651733
30 0.6719337 0.9015309 0.0658306 0.0651733
32 0.4763783 0.7605308 0.4646861 0.4374136
17 0.2769505 0.5756641 0.0658305 0.0651734
25 0.4744421 0.5756641 0.0658305 0.0651734
9 0.6061032 0.5756641 0.0658305 0.0651734
16 0.6719337 0.5756641 0.0658306 0.0651734
15 0.3427811 0.6402107 0.0658305 0.0639201
19 0.2769505 0.7060107 0.0658305 0.0651734
1 0.3427811 0.7060107 0.0658305 0.0651734
29 0.4086116 0.7060107 0.0658305 0.0651734
5 0.4744421 0.7060107 0.0658305 0.0651734
18 0.6061032 0.7060107 0.0658305 0.0651734
14 0.2769505 0.7711842 0.0658305 0.0651733
22 0.3427811 0.7711842 0.0658305 0.0651733
23 0.4086116 0.7711842 0.0658305 0.0651733
11 0.5402727 0.7711842 0.0658305 0.0651733
3 0.6719337 0.7711842 0.0658306 0.0651733
26 0.3427811 0.8363576 0.0658305 0.0651734
20 0.4086116 0.8363576 0.0658305 0.0651734
4 0.5402727 0.8363576 0.0658305 0.0651734
10 0.6719337 0.8363576 0.0658306 0.0651734
21 0.2769505 0.9015309 0.0658305 0.0651733
