18 0.4678350 0.8571113 0.0608420 0.0667387
5 0.6503610 0.8571113 0.0608420 0.0667387
32 0.5304665 0.7127245 0.4294730 0.4479197
22 0.3461510 0.5234175 0.0608420 0.0667387
11 0.4678350 0.5234175 0.0608420 0.0667387
21 0.5895190 0.5234175 0.0608420 0.0667387
24 0.6503610 0.5234175 0.0608420 0.0667387
6 0.3461510 0.5895145 0.0608420 0.0654553
10 0.5895190 0.5895145 0.0608420 0.0654553
4 0.7112030 0.5895145 0.0608420 0.0654553
25 0.4069930 0.6568951 0.0608420 0.0667388
28 0.5895190 0.6568951 0.0608420 0.0667388
16 0.7112030 0.6568951 0.0608420 0.0667388
14 0.4678350 0.7236338 0.0608420 0.0667387
29 0.5286770 0.7236338 0.0608420 0.0667387
3 0.5895190 0.7236338 0.0608420 0.0667387
8 0.6503610 0.7236338 0.0608420 0.0667387
19 0.4069930 0.7903725 0.0608420 0.0667387
27 0.4678350 0.7903725 0.0608420 0.0667387
30 0.5286770 0.7903725 0.0608420 0.0667387
26 0.5895190 0.7903725 0.0608420 0.0667387
7 0.6503610 0.7903725 0.0608420 0.0667387
20 0.7112030 0.7903725 0.0608420 0.0667387
