23 0.5073022 0.8672533 0.0665814 0.0617997
12 0.6404652 0.8672533 0.0665815 0.0617997
32 0.5092605 0.7335521 0.4699866 0.4147710
13 0.3075579 0.5582548 0.0665814 0.0617997
1 0.3741393 0.5582548 0.0665815 0.0617997
4 0.4407208 0.5582548 0.0665815 0.0617997
18 0.5073022 0.5582548 0.0665814 0.0617997
10 0.5738837 0.5582548 0.0665815 0.0617997
6 0.3075579 0.6194603 0.0665814 0.0606113
27 0.5073022 0.6194603 0.0665814 0.0606113
17 0.5738837 0.6194603 0.0665815 0.0606113
29 0.3075579 0.6818542 0.0665814 0.0617997
31 0.5073022 0.6818542 0.0665814 0.0617997
7 0.5738837 0.6818542 0.0665815 0.0617997
5 0.6404652 0.6818542 0.0665815 0.0617997
8 0.4407208 0.7436539 0.0665815 0.0617997
16 0.5073022 0.7436539 0.0665814 0.0617997
20 0.5738837 0.7436539 0.0665815 0.0617997
3 0.6404652 0.7436539 0.0665815 0.0617997
30 0.7070466 0.7436539 0.0665814 0.0617997
26 0.3075579 0.8054536 0.0665814 0.0617997
22 0.5738837 0.8054536 0.0665815 0.0617997
25 0.6404652 0.8054536 0.0665815 0.0617997
