3 0.5055277 0.8386969 0.0632774 0.0645367
7 0.6320824 0.8386969 0.0632774 0.0645367
32 0.5073888 0.6990742 0.4466636 0.4331404
12 0.3156957 0.5160135 0.0632774 0.0645367
4 0.3789730 0.5160135 0.0632773 0.0645367
31 0.5055277 0.5160135 0.0632774 0.0645367
27 0.5688051 0.5160135 0.0632773 0.0645367
13 0.6320824 0.5160135 0.0632774 0.0645367
18 0.4422504 0.5799297 0.0632774 0.0632956
29 0.5055277 0.5799297 0.0632774 0.0632956
26 0.5688051 0.5799297 0.0632773 0.0632956
2 0.6320824 0.5799297 0.0632774 0.0632956
15 0.3156957 0.6450868 0.0632774 0.0645367
5 0.5688051 0.6450868 0.0632773 0.0645367
22 0.6320824 0.6450868 0.0632774 0.0645367
10 0.4422504 0.7096236 0.0632774 0.0645367
8 0.6320824 0.7096236 0.0632774 0.0645367
14 0.6953598 0.7096236 0.0632774 0.0645367
19 0.4422504 0.7741602 0.0632774 0.0645367
23 0.5055277 0.7741602 0.0632774 0.0645367
20 0.5688051 0.7741602 0.0632773 0.0645367
28 0.6953598 0.7741602 0.0632774 0.0645367
21 0.3156957 0.8386969 0.0632774 0.0645367
