6 0.5876951 0.8646395 0.0608954 0.0621942
26 0.6485905 0.8646395 0.0608954 0.0621942
32 0.4676952 0.7300847 0.4298501 0.4174190
28 0.2832179 0.5536683 0.0608954 0.0621942
14 0.4659042 0.5536683 0.0608954 0.0621942
24 0.2832179 0.6152645 0.0608954 0.0609982
17 0.3441133 0.6152645 0.0608954 0.0609982
4 0.4050088 0.6152645 0.0608954 0.0609982
5 0.5876951 0.6152645 0.0608954 0.0609982
1 0.6485905 0.6152645 0.0608954 0.0609982
11 0.4050088 0.6780568 0.0608954 0.0621942
31 0.4659042 0.6780568 0.0608954 0.0621942
25 0.5267996 0.6780568 0.0608955 0.0621942
18 0.3441133 0.7402510 0.0608954 0.0621942
10 0.4659042 0.7402510 0.0608954 0.0621942
29 0.2832179 0.8024452 0.0608954 0.0621943
16 0.3441133 0.8024452 0.0608954 0.0621943
9 0.4050088 0.8024452 0.0608954 0.0621943
30 0.4659042 0.8024452 0.0608954 0.0621943
27 0.5267996 0.8024452 0.0608955 0.0621943
23 0.5876951 0.8024452 0.0608954 0.0621943
8 0.6485905 0.8024452 0.0608954 0.0621943
21 0.4659042 0.8646395 0.0608954 0.0621942
