21 0.5803806 0.8512363 0.0658223 0.0666756
20 0.7120252 0.8512363 0.0658223 0.0666756
32 0.5164943 0.7069860 0.4646279 0.4474965
28 0.5803806 0.5178578 0.0658223 0.0666757
15 0.6462029 0.5178578 0.0658223 0.0666757
27 0.5803806 0.5838924 0.0658223 0.0653935
1 0.6462029 0.5838924 0.0658223 0.0653935
30 0.7120252 0.5838924 0.0658223 0.0653935
19 0.3170915 0.6512092 0.0658223 0.0666757
16 0.5145583 0.6512092 0.0658223 0.0666757
2 0.5803806 0.6512092 0.0658223 0.0666757
23 0.7120252 0.6512092 0.0658223 0.0666757
25 0.3170915 0.7178849 0.0658223 0.0666757
26 0.3829137 0.7178849 0.0658223 0.0666757
18 0.4487360 0.7178849 0.0658223 0.0666757
9 0.5803806 0.7178849 0.0658223 0.0666757
11 0.6462029 0.7178849 0.0658223 0.0666757
7 0.7120252 0.7178849 0.0658223 0.0666757
29 0.4487360 0.7845606 0.0658223 0.0666757
5 0.5803806 0.7845606 0.0658223 0.0666757
10 0.7120252 0.7845606 0.0658223 0.0666757
24 0.3829137 0.8512363 0.0658223 0.0666756
3 0.4487360 0.8512363 0.0658223 0.0666756
