15 0.3271063 0.8154384 0.0651839 0.0627843
20 0.3922902 0.8154384 0.0651839 0.0627843
32 0.5245752 0.6796068 0.4601215 0.4213797
1 0.4574741 0.5015165 0.0651839 0.0627844
22 0.5878419 0.5015165 0.0651839 0.0627844
29 0.6530257 0.5015165 0.0651839 0.0627844
11 0.7182097 0.5015165 0.0651839 0.0627844
6 0.3271063 0.5636971 0.0651839 0.0615770
3 0.3922902 0.5636971 0.0651839 0.0615770
17 0.4574741 0.5636971 0.0651839 0.0615770
14 0.5226580 0.5636971 0.0651839 0.0615770
23 0.7182097 0.5636971 0.0651839 0.0615770
5 0.3271063 0.6270852 0.0651839 0.0627844
21 0.3922902 0.6270852 0.0651839 0.0627844
9 0.4574741 0.6270852 0.0651839 0.0627844
2 0.5226580 0.6270852 0.0651839 0.0627844
30 0.5226580 0.6898695 0.0651839 0.0627843
13 0.7182097 0.6898695 0.0651839 0.0627843
28 0.3271063 0.7526540 0.0651839 0.0627844
24 0.3922902 0.7526540 0.0651839 0.0627844
10 0.4574741 0.7526540 0.0651839 0.0627844
4 0.5226580 0.7526540 0.0651839 0.0627844
26 0.7182097 0.7526540 0.0651839 0.0627844
