26 0.5681608 0.8743658 0.0626380 0.0621850
31 0.6307988 0.8743658 0.0626380 0.0621850
32 0.5073651 0.7398309 0.4421508 0.4173573
28 0.3802467 0.5634407 0.0626380 0.0621850
9 0.5055228 0.5634407 0.0626381 0.0621850
12 0.5681608 0.5634407 0.0626380 0.0621850
10 0.6934369 0.5634407 0.0626380 0.0621850
23 0.3802467 0.6250278 0.0626380 0.0609892
2 0.4428848 0.6250278 0.0626380 0.0609892
19 0.5681608 0.6250278 0.0626380 0.0609892
5 0.6934369 0.6250278 0.0626380 0.0609892
14 0.4428848 0.6878107 0.0626380 0.0621851
24 0.5055228 0.6878107 0.0626381 0.0621851
20 0.5681608 0.6878107 0.0626380 0.0621851
18 0.6307988 0.6878107 0.0626380 0.0621851
8 0.6934369 0.6878107 0.0626380 0.0621851
3 0.5681608 0.7499958 0.0626380 0.0621851
7 0.6307988 0.7499958 0.0626380 0.0621851
4 0.4428848 0.8121809 0.0626380 0.0621851
11 0.6934369 0.8121809 0.0626380 0.0621851
17 0.3176087 0.8743658 0.0626380 0.0621850
27 0.4428848 0.8743658 0.0626380 0.0621850
15 0.5055228 0.8743658 0.0626381 0.0621850
