5 0.4686307 0.8375319 0.0623529 0.0679583
7 0.6556895 0.8375319 0.0623529 0.0679583
32 0.5328175 0.6905068 0.4401383 0.4561046
4 0.4686307 0.4977406 0.0623529 0.0679583
18 0.5309836 0.4977406 0.0623529 0.0679583
14 0.6556895 0.4977406 0.0623529 0.0679583
26 0.7180424 0.4977406 0.0623529 0.0679583
10 0.4062777 0.5650454 0.0623529 0.0666514
22 0.4686307 0.5650454 0.0623529 0.0666514
3 0.5309836 0.5650454 0.0623529 0.0666514
24 0.5933365 0.5650454 0.0623529 0.0666514
30 0.4062777 0.6336571 0.0623529 0.0679583
2 0.4686307 0.6336571 0.0623529 0.0679583
1 0.6556895 0.6336571 0.0623529 0.0679583
28 0.7180424 0.6336571 0.0623529 0.0679583
23 0.3439248 0.7016154 0.0623529 0.0679582
25 0.4062777 0.7016154 0.0623529 0.0679582
29 0.5933365 0.7016154 0.0623529 0.0679582
31 0.6556895 0.7016154 0.0623529 0.0679582
11 0.7180424 0.7016154 0.0623529 0.0679582
27 0.6556895 0.7695737 0.0623529 0.0679583
8 0.3439248 0.8375319 0.0623529 0.0679583
20 0.4062777 0.8375319 0.0623529 0.0679583
