3 0.5537880 0.9204474 0.0655489 0.0664948
11 0.6193369 0.9204474 0.0655489 0.0664948
32 0.4901670 0.7765884 0.4626983 0.4462823
12 0.2915923 0.5879734 0.0655489 0.0664948
29 0.4226901 0.5879734 0.0655489 0.0664948
19 0.4882391 0.5879734 0.0655489 0.0664948
6 0.6193369 0.5879734 0.0655489 0.0664948
27 0.4882391 0.6538288 0.0655489 0.0652161
7 0.6193369 0.6538288 0.0655489 0.0652161
24 0.6848859 0.6538288 0.0655489 0.0652161
31 0.6193369 0.7209630 0.0655489 0.0664948
1 0.2915923 0.7874577 0.0655489 0.0664948
23 0.4226901 0.7874577 0.0655489 0.0664948
8 0.4882391 0.7874577 0.0655489 0.0664948
28 0.5537880 0.7874577 0.0655489 0.0664948
5 0.6193369 0.7874577 0.0655489 0.0664948
25 0.6848859 0.7874577 0.0655489 0.0664948
9 0.2915923 0.8539526 0.0655489 0.0664948
15 0.4226901 0.8539526 0.0655489 0.0664948
26 0.4882391 0.8539526 0.0655489 0.0664948
4 0.6848859 0.8539526 0.0655489 0.0664948
13 0.2915923 0.9204474 0.0655489 0.0664948
18 0.4882391 0.9204474 0.0655489 0.0664948
