16 0.5940738 0.9184334 0.0667752 0.0671471
1 0.6608490 0.9184334 0.0667752 0.0671471
32 0.4624874 0.7731632 0.4713542 0.4506604
7 0.2601979 0.5826978 0.0667752 0.0671471
15 0.3269731 0.5826978 0.0667752 0.0671471
30 0.4605235 0.5826978 0.0667752 0.0671471
26 0.5272987 0.5826978 0.0667752 0.0671471
11 0.6608490 0.5826978 0.0667752 0.0671471
23 0.5940738 0.6491993 0.0667752 0.0658558
20 0.6608490 0.6491993 0.0667752 0.0658558
28 0.2601979 0.7169920 0.0667752 0.0671471
10 0.3269731 0.7169920 0.0667752 0.0671471
22 0.5940738 0.7169920 0.0667752 0.0671471
12 0.6608490 0.7169920 0.0667752 0.0671471
2 0.2601979 0.7841393 0.0667752 0.0671471
25 0.3269731 0.7841393 0.0667752 0.0671471
18 0.6608490 0.7841393 0.0667752 0.0671471
21 0.3269731 0.8512863 0.0667752 0.0671471
4 0.3937482 0.8512863 0.0667752 0.0671471
27 0.5272987 0.8512863 0.0667752 0.0671471
9 0.3269731 0.9184334 0.0667752 0.0671471
31 0.4605235 0.9184334 0.0667752 0.0671471
29 0.5272987 0.9184334 0.0667752 0.0671471
