26 0.2493493 0.8683022 0.0668203 0.0653148
7 0.4498103 0.8683022 0.0668204 0.0653148
32 0.4517756 0.7269962 0.4716730 0.4383625
2 0.3829900 0.5417284 0.0668203 0.0653148
8 0.4498103 0.5417284 0.0668204 0.0653148
5 0.6502714 0.5417284 0.0668204 0.0653148
15 0.2493493 0.6064151 0.0668203 0.0640587
19 0.4498103 0.6064151 0.0668204 0.0640587
23 0.5166307 0.6064151 0.0668203 0.0640587
1 0.6502714 0.6064151 0.0668204 0.0640587
27 0.3829900 0.6723579 0.0668203 0.0653148
31 0.4498103 0.6723579 0.0668204 0.0653148
10 0.6502714 0.6723579 0.0668204 0.0653148
14 0.2493493 0.7376726 0.0668203 0.0653147
25 0.5166307 0.7376726 0.0668203 0.0653147
30 0.5834510 0.7376726 0.0668203 0.0653147
28 0.6502714 0.7376726 0.0668204 0.0653147
12 0.3161696 0.8029874 0.0668204 0.0653148
9 0.3829900 0.8029874 0.0668203 0.0653148
6 0.4498103 0.8029874 0.0668204 0.0653148
3 0.5166307 0.8029874 0.0668203 0.0653148
20 0.5834510 0.8029874 0.0668203 0.0653148
21 0.6502714 0.8029874 0.0668204 0.0653148
