26 0.5437743 0.8739781 0.0665756 0.0650291
16 0.6103500 0.8739781 0.0665756 0.0650291
32 0.4791568 0.7332901 0.4699457 0.4364453
3 0.2774718 0.5488326 0.0665756 0.0650291
7 0.3440474 0.5488326 0.0665756 0.0650291
13 0.4106231 0.5488326 0.0665756 0.0650291
14 0.5437743 0.5488326 0.0665756 0.0650291
24 0.6769256 0.5488326 0.0665756 0.0650291
20 0.3440474 0.6132364 0.0665756 0.0637785
4 0.4771987 0.6132364 0.0665757 0.0637785
1 0.6769256 0.6132364 0.0665756 0.0637785
2 0.2774718 0.6788908 0.0665756 0.0650291
12 0.3440474 0.6788908 0.0665756 0.0650291
28 0.5437743 0.6788908 0.0665756 0.0650291
27 0.2774718 0.7439198 0.0665756 0.0650291
30 0.3440474 0.7439198 0.0665756 0.0650291
15 0.4106231 0.7439198 0.0665756 0.0650291
17 0.5437743 0.7439198 0.0665756 0.0650291
29 0.6769256 0.7439198 0.0665756 0.0650291
8 0.2774718 0.8089490 0.0665756 0.0650291
10 0.4106231 0.8089490 0.0665756 0.0650291
25 0.4771987 0.8089490 0.0665757 0.0650291
18 0.2774718 0.8739781 0.0665756 0.0650291
