4 0.3747820 0.8640039 0.0624343 0.0659544
14 0.6869536 0.8640039 0.0624343 0.0659544
32 0.5014870 0.7213143 0.4407128 0.4426550
31 0.3123477 0.5342323 0.0624343 0.0659543
26 0.4996507 0.5342323 0.0624343 0.0659543
2 0.4372163 0.5995525 0.0624343 0.0646860
11 0.4996507 0.5995525 0.0624343 0.0646860
1 0.3747820 0.6661410 0.0624343 0.0659543
5 0.4372163 0.6661410 0.0624343 0.0659543
19 0.4996507 0.6661410 0.0624343 0.0659543
23 0.5620850 0.6661410 0.0624343 0.0659543
20 0.6245193 0.6661410 0.0624343 0.0659543
18 0.6869536 0.6661410 0.0624343 0.0659543
25 0.3123477 0.7320953 0.0624343 0.0659544
30 0.4372163 0.7320953 0.0624343 0.0659544
7 0.4996507 0.7320953 0.0624343 0.0659544
15 0.6245193 0.7320953 0.0624343 0.0659544
3 0.3123477 0.7980496 0.0624343 0.0659543
21 0.4372163 0.7980496 0.0624343 0.0659543
27 0.4996507 0.7980496 0.0624343 0.0659543
29 0.5620850 0.7980496 0.0624343 0.0659543
8 0.6869536 0.7980496 0.0624343 0.0659543
28 0.3123477 0.8640039 0.0624343 0.0659544
