21 0.5127041 0.8888950 0.0607575 0.0637228
17 0.6949767 0.8888950 0.0607575 0.0637228
32 0.5144911 0.7510330 0.4288766 0.4276786
23 0.3304316 0.5702806 0.0607575 0.0637229
27 0.3911891 0.5702806 0.0607575 0.0637229
12 0.4519466 0.5702806 0.0607575 0.0637229
15 0.5127041 0.5702806 0.0607575 0.0637229
5 0.6342192 0.5702806 0.0607575 0.0637229
28 0.3304316 0.6333908 0.0607575 0.0624974
13 0.3911891 0.6333908 0.0607575 0.0624974
19 0.5127041 0.6333908 0.0607575 0.0624974
9 0.5734616 0.6333908 0.0607575 0.0624974
7 0.6342192 0.6333908 0.0607575 0.0624974
20 0.3304316 0.6977264 0.0607575 0.0637229
24 0.5734616 0.6977264 0.0607575 0.0637229
26 0.3304316 0.7614493 0.0607575 0.0637228
30 0.5127041 0.7614493 0.0607575 0.0637228
6 0.5734616 0.7614493 0.0607575 0.0637228
31 0.6949767 0.7614493 0.0607575 0.0637228
10 0.4519466 0.8251721 0.0607575 0.0637229
29 0.5734616 0.8251721 0.0607575 0.0637229
14 0.6342192 0.8251721 0.0607575 0.0637229
8 0.3911891 0.8888950 0.0607575 0.0637228
