29 0.6141731 0.8347595 0.0613404 0.0657399
11 0.6755135 0.8347595 0.0613404 0.0657399
32 0.4932964 0.6925337 0.4329912 0.4412162
30 0.3074710 0.5060598 0.0613404 0.0657399
7 0.3688114 0.5060598 0.0613404 0.0657399
10 0.6141731 0.5060598 0.0613404 0.0657399
21 0.6755135 0.5060598 0.0613404 0.0657399
19 0.3074710 0.5711676 0.0613404 0.0644757
5 0.3688114 0.5711676 0.0613404 0.0644757
9 0.4914922 0.5711676 0.0613404 0.0644757
27 0.6141731 0.5711676 0.0613404 0.0644757
15 0.3074710 0.6375397 0.0613404 0.0657399
23 0.4914922 0.6375397 0.0613404 0.0657399
24 0.6141731 0.6375397 0.0613404 0.0657399
31 0.6755135 0.6375397 0.0613404 0.0657399
1 0.3688114 0.7032796 0.0613404 0.0657400
13 0.4301518 0.7032796 0.0613404 0.0657400
26 0.6141731 0.7032796 0.0613404 0.0657400
22 0.6755135 0.7032796 0.0613404 0.0657400
14 0.3688114 0.7690196 0.0613404 0.0657400
28 0.6141731 0.7690196 0.0613404 0.0657400
2 0.3074710 0.8347595 0.0613404 0.0657399
17 0.5528327 0.8347595 0.0613404 0.0657399
