1 0.4017566 0.8303632 0.0649068 0.0647048
12 0.6613840 0.8303632 0.0649068 0.0647048
32 0.4685724 0.6903769 0.4581660 0.4342686
3 0.2719429 0.5068393 0.0649068 0.0647048
10 0.3368497 0.5068393 0.0649068 0.0647048
25 0.4666634 0.5068393 0.0649068 0.0647048
4 0.4017566 0.5709219 0.0649068 0.0634604
22 0.4666634 0.5709219 0.0649068 0.0634604
19 0.5315702 0.5709219 0.0649068 0.0634604
26 0.5964771 0.5709219 0.0649068 0.0634604
8 0.3368497 0.6362488 0.0649068 0.0647048
11 0.4017566 0.6362488 0.0649068 0.0647048
23 0.5315702 0.6362488 0.0649068 0.0647048
2 0.2719429 0.7009536 0.0649068 0.0647047
24 0.4017566 0.7009536 0.0649068 0.0647047
9 0.4666634 0.7009536 0.0649068 0.0647047
15 0.5315702 0.7009536 0.0649068 0.0647047
20 0.3368497 0.7656583 0.0649068 0.0647047
7 0.4666634 0.7656583 0.0649068 0.0647047
5 0.5315702 0.7656583 0.0649068 0.0647047
17 0.5964771 0.7656583 0.0649068 0.0647047
28 0.2719429 0.8303632 0.0649068 0.0647048
