11 0.6002541 0.8758376 0.0638909 0.0667079
27 0.6641451 0.8758376 0.0638909 0.0667079
32 0.4743514 0.7315176 0.4509947 0.4477127
12 0.5363632 0.5422980 0.0638909 0.0667079
23 0.6002541 0.5422980 0.0638909 0.0667079
19 0.6641451 0.5422980 0.0638909 0.0667079
28 0.2807996 0.6083645 0.0638909 0.0654251
26 0.4085814 0.6083645 0.0638909 0.0654251
4 0.5363632 0.6083645 0.0638909 0.0654251
15 0.6002541 0.6083645 0.0638909 0.0654251
24 0.3446905 0.6757138 0.0638909 0.0667079
6 0.4085814 0.6757138 0.0638909 0.0667079
16 0.4724723 0.6757138 0.0638909 0.0667079
5 0.5363632 0.6757138 0.0638909 0.0667079
21 0.6002541 0.6757138 0.0638909 0.0667079
1 0.5363632 0.7424217 0.0638909 0.0667079
29 0.2807996 0.8091296 0.0638909 0.0667079
30 0.3446905 0.8091296 0.0638909 0.0667079
18 0.4724723 0.8091296 0.0638909 0.0667079
8 0.3446905 0.8758376 0.0638909 0.0667079
9 0.4724723 0.8758376 0.0638909 0.0667079
14 0.5363632 0.8758376 0.0638909 0.0667079
