13 0.4895399 0.8927081 0.0627436 0.0640946
8 0.6777707 0.8927081 0.0627436 0.0640946
32 0.4913853 0.7540420 0.4428961 0.4301733
27 0.3013091 0.5722353 0.0627436 0.0640946
24 0.3640527 0.5722353 0.0627436 0.0640946
17 0.4267963 0.5722353 0.0627436 0.0640946
15 0.4895399 0.5722353 0.0627436 0.0640946
19 0.5522836 0.5722353 0.0627436 0.0640946
10 0.6150272 0.6357135 0.0627436 0.0628620
28 0.3640527 0.7004243 0.0627436 0.0640946
29 0.4267963 0.7004243 0.0627436 0.0640946
20 0.4895399 0.7004243 0.0627436 0.0640946
12 0.5522836 0.7004243 0.0627436 0.0640946
6 0.6150272 0.7004243 0.0627436 0.0640946
30 0.4895399 0.7645190 0.0627436 0.0640946
26 0.3013091 0.8286136 0.0627436 0.0640945
16 0.3640527 0.8286136 0.0627436 0.0640945
22 0.5522836 0.8286136 0.0627436 0.0640945
14 0.6150272 0.8286136 0.0627436 0.0640945
7 0.6777707 0.8286136 0.0627436 0.0640945
1 0.3013091 0.8927081 0.0627436 0.0640946
21 0.4267963 0.8927081 0.0627436 0.0640946
