3 0.3237305 0.8581783 0.0647197 0.0649768
2 0.5178897 0.8581783 0.0647198 0.0649768
32 0.5197933 0.7176035 0.4568453 0.4360944
30 0.3237305 0.5332942 0.0647197 0.0649768
18 0.3884502 0.5332942 0.0647198 0.0649768
22 0.4531700 0.5332942 0.0647197 0.0649768
20 0.6473293 0.5332942 0.0647197 0.0649768
25 0.7120490 0.5332942 0.0647198 0.0649768
14 0.3237305 0.5976463 0.0647197 0.0637273
11 0.4531700 0.5976463 0.0647197 0.0637273
9 0.5178897 0.5976463 0.0647198 0.0637273
7 0.6473293 0.5976463 0.0647197 0.0637273
21 0.7120490 0.5976463 0.0647198 0.0637273
8 0.5826095 0.6632478 0.0647197 0.0649768
10 0.6473293 0.6632478 0.0647197 0.0649768
24 0.3237305 0.7282246 0.0647197 0.0649768
4 0.5178897 0.7282246 0.0647198 0.0649768
13 0.5826095 0.7282246 0.0647197 0.0649768
12 0.6473293 0.7282246 0.0647197 0.0649768
27 0.3237305 0.7932014 0.0647197 0.0649768
29 0.3884502 0.7932014 0.0647198 0.0649768
23 0.7120490 0.7932014 0.0647198 0.0649768
