14 0.3253798 0.9254609 0.0617591 0.0669086
30 0.6341754 0.9254609 0.0617591 0.0669086
32 0.4507145 0.7780886 0.4359467 0.4438229
31 0.3253798 0.5909181 0.0617591 0.0669086
27 0.3871389 0.5909181 0.0617591 0.0669086
19 0.4488980 0.5909181 0.0617591 0.0669086
6 0.6341754 0.5909181 0.0617591 0.0669086
3 0.2636206 0.6571834 0.0617591 0.0656219
24 0.4488980 0.6571834 0.0617591 0.0656219
9 0.5724163 0.6571834 0.0617591 0.0656219
11 0.6341754 0.6571834 0.0617591 0.0656219
29 0.2636206 0.7247353 0.0617591 0.0669085
13 0.4488980 0.7247353 0.0617591 0.0669085
4 0.5724163 0.7247353 0.0617591 0.0669085
12 0.2636206 0.7916438 0.0617591 0.0669086
1 0.3253798 0.7916438 0.0617591 0.0669086
2 0.3871389 0.7916438 0.0617591 0.0669086
17 0.5106572 0.7916438 0.0617591 0.0669086
28 0.6341754 0.7916438 0.0617591 0.0669086
18 0.3871389 0.8585523 0.0617591 0.0669086
7 0.5106572 0.8585523 0.0617591 0.0669086
23 0.2636206 0.9254609 0.0617591 0.0669086
