8 0.5278764 0.8310960 0.0621914 0.0664071
17 0.6522592 0.8310960 0.0621914 0.0664071
32 0.5297055 0.6874268 0.4389985 0.4456940
3 0.3413020 0.4990604 0.0621915 0.0664071
2 0.4034934 0.4990604 0.0621914 0.0664071
12 0.5900678 0.4990604 0.0621915 0.0664071
21 0.7144507 0.4990604 0.0621915 0.0664071
9 0.3413020 0.5648289 0.0621915 0.0651301
27 0.4656849 0.5648289 0.0621915 0.0651301
30 0.5278764 0.5648289 0.0621914 0.0651301
14 0.6522592 0.5648289 0.0621914 0.0651301
26 0.7144507 0.5648289 0.0621915 0.0651301
31 0.5900678 0.6318746 0.0621915 0.0664072
16 0.6522592 0.6318746 0.0621914 0.0664072
13 0.7144507 0.6318746 0.0621915 0.0664072
18 0.3413020 0.6982817 0.0621915 0.0664071
11 0.4034934 0.6982817 0.0621914 0.0664071
25 0.5900678 0.6982817 0.0621915 0.0664071
19 0.7144507 0.6982817 0.0621915 0.0664071
1 0.3413020 0.7646889 0.0621915 0.0664072
29 0.3413020 0.8310960 0.0621915 0.0664071
15 0.4656849 0.8310960 0.0621915 0.0664071
