10 0.4639639 0.8501751 0.0631141 0.0633322
22 0.5270779 0.8501751 0.0631141 0.0633322
32 0.5289342 0.7131583 0.4455114 0.4250563
24 0.3377356 0.5335142 0.0631141 0.0633322
31 0.5901921 0.5335142 0.0631141 0.0633322
28 0.6533062 0.5335142 0.0631142 0.0633322
21 0.7164203 0.5335142 0.0631141 0.0633322
8 0.3377356 0.5962374 0.0631141 0.0621143
6 0.4639639 0.5962374 0.0631141 0.0621143
27 0.5270779 0.5962374 0.0631141 0.0621143
16 0.6533062 0.5962374 0.0631142 0.0621143
29 0.3377356 0.6601785 0.0631141 0.0633322
14 0.4008497 0.6601785 0.0631141 0.0633322
25 0.5270779 0.6601785 0.0631141 0.0633322
17 0.5901921 0.6601785 0.0631141 0.0633322
7 0.6533062 0.6601785 0.0631142 0.0633322
26 0.7164203 0.6601785 0.0631141 0.0633322
5 0.3377356 0.7235107 0.0631141 0.0633321
1 0.4639639 0.7235107 0.0631141 0.0633321
2 0.5270779 0.7235107 0.0631141 0.0633321
20 0.6533062 0.7235107 0.0631142 0.0633321
12 0.6533062 0.7868429 0.0631142 0.0633322
