13 0.4162582 0.8260550 0.0606630 0.0656944
15 0.5375843 0.8260550 0.0606630 0.0656944
32 0.5393685 0.6839276 0.4282097 0.4409106
11 0.3555952 0.4975829 0.0606630 0.0656944
26 0.4162582 0.4975829 0.0606630 0.0656944
28 0.4769212 0.4975829 0.0606630 0.0656944
23 0.6589104 0.4975829 0.0606630 0.0656944
6 0.3555952 0.5626456 0.0606630 0.0644310
17 0.4769212 0.5626456 0.0606630 0.0644310
21 0.7195734 0.5626456 0.0606631 0.0644310
22 0.3555952 0.6289717 0.0606630 0.0656944
20 0.4769212 0.6289717 0.0606630 0.0656944
30 0.5375843 0.6289717 0.0606630 0.0656944
10 0.6589104 0.6289717 0.0606630 0.0656944
16 0.4162582 0.6946661 0.0606630 0.0656944
8 0.4769212 0.6946661 0.0606630 0.0656944
29 0.5982473 0.6946661 0.0606630 0.0656944
19 0.7195734 0.6946661 0.0606631 0.0656944
27 0.4162582 0.7603606 0.0606630 0.0656944
5 0.4769212 0.7603606 0.0606630 0.0656944
24 0.5982473 0.7603606 0.0606630 0.0656944
2 0.6589104 0.7603606 0.0606630 0.0656944
