26 0.6093163 0.8556137 0.0619279 0.0633025
22 0.6712441 0.8556137 0.0619278 0.0633025
32 0.4872820 0.7186613 0.4371377 0.4248568
14 0.2996771 0.5391015 0.0619278 0.0633025
10 0.5473885 0.5391015 0.0619278 0.0633025
7 0.3616049 0.6017953 0.0619278 0.0620851
27 0.6093163 0.6017953 0.0619279 0.0620851
8 0.3616049 0.6657064 0.0619278 0.0633025
18 0.6093163 0.6657064 0.0619279 0.0633025
3 0.2996771 0.7290089 0.0619278 0.0633025
4 0.3616049 0.7290089 0.0619278 0.0633025
12 0.4235328 0.7290089 0.0619279 0.0633025
28 0.4854606 0.7290089 0.0619278 0.0633025
13 0.5473885 0.7290089 0.0619278 0.0633025
21 0.6093163 0.7290089 0.0619279 0.0633025
17 0.4854606 0.7923112 0.0619278 0.0633024
1 0.6093163 0.7923112 0.0619279 0.0633024
6 0.6712441 0.7923112 0.0619278 0.0633024
20 0.3616049 0.8556137 0.0619278 0.0633025
5 0.4235328 0.8556137 0.0619279 0.0633025
2 0.4854606 0.8556137 0.0619278 0.0633025
16 0.5473885 0.8556137 0.0619278 0.0633025
