27 0.6504278 0.8488000 0.0657397 0.0649534
3 0.7161674 0.8488000 0.0657397 0.0649534
32 0.5208820 0.7082759 0.4640448 0.4359373
23 0.3874691 0.5240331 0.0657397 0.0649534
6 0.6504278 0.5240331 0.0657397 0.0649534
28 0.3217294 0.5883619 0.0657397 0.0637043
19 0.3874691 0.5883619 0.0657397 0.0637043
9 0.4532087 0.5883619 0.0657397 0.0637043
15 0.5189484 0.5883619 0.0657397 0.0637043
21 0.5846881 0.5883619 0.0657397 0.0637043
25 0.7161674 0.5883619 0.0657397 0.0637043
5 0.3217294 0.6539399 0.0657397 0.0649535
18 0.5846881 0.6539399 0.0657397 0.0649535
31 0.7161674 0.6539399 0.0657397 0.0649535
30 0.3217294 0.7188933 0.0657397 0.0649534
24 0.4532087 0.7188933 0.0657397 0.0649534
20 0.5189484 0.7188933 0.0657397 0.0649534
16 0.6504278 0.7188933 0.0657397 0.0649534
17 0.7161674 0.7188933 0.0657397 0.0649534
2 0.3217294 0.7838467 0.0657397 0.0649534
26 0.6504278 0.7838467 0.0657397 0.0649534
11 0.5189484 0.8488000 0.0657397 0.0649534
