8 0.6058141 0.8090472 0.0621208 0.0630361
1 0.6679349 0.8090472 0.0621207 0.0630361
32 0.4833996 0.6726711 0.4384995 0.4230694
18 0.2952102 0.4938666 0.0621207 0.0630361
22 0.3573310 0.4938666 0.0621208 0.0630361
14 0.4194518 0.4938666 0.0621208 0.0630361
23 0.2952102 0.5562966 0.0621207 0.0618239
15 0.4194518 0.5562966 0.0621208 0.0618239
7 0.6058141 0.5562966 0.0621208 0.0618239
12 0.5436933 0.6199389 0.0621207 0.0630361
24 0.6058141 0.6199389 0.0621208 0.0630361
28 0.6679349 0.6199389 0.0621207 0.0630361
3 0.4815726 0.6829750 0.0621208 0.0630362
26 0.5436933 0.6829750 0.0621207 0.0630362
19 0.6679349 0.6829750 0.0621207 0.0630362
31 0.2952102 0.7460112 0.0621207 0.0630361
4 0.4194518 0.7460112 0.0621208 0.0630361
16 0.4815726 0.7460112 0.0621208 0.0630361
6 0.6679349 0.7460112 0.0621207 0.0630361
21 0.3573310 0.8090472 0.0621208 0.0630361
29 0.4194518 0.8090472 0.0621208 0.0630361
27 0.5436933 0.8090472 0.0621207 0.0630361
