9 0.3745673 0.8890451 0.0631875 0.0652394
17 0.4377547 0.8890451 0.0631875 0.0652394
32 0.5028007 0.7479021 0.4460294 0.4378567
24 0.3745673 0.5628481 0.0631875 0.0652394
10 0.5009422 0.5628481 0.0631875 0.0652394
13 0.5641298 0.5628481 0.0631875 0.0652394
6 0.6273172 0.5628481 0.0631875 0.0652394
7 0.6905048 0.5628481 0.0631876 0.0652394
3 0.4377547 0.6274602 0.0631875 0.0639848
19 0.6273172 0.6274602 0.0631875 0.0639848
5 0.3745673 0.6933269 0.0631875 0.0652393
2 0.4377547 0.6933269 0.0631875 0.0652393
16 0.5009422 0.6933269 0.0631875 0.0652393
26 0.5641298 0.6933269 0.0631875 0.0652393
20 0.6273172 0.6933269 0.0631875 0.0652393
4 0.6905048 0.6933269 0.0631876 0.0652393
11 0.3113797 0.7585663 0.0631875 0.0652394
22 0.4377547 0.7585663 0.0631875 0.0652394
12 0.5009422 0.7585663 0.0631875 0.0652394
15 0.4377547 0.8238057 0.0631875 0.0652394
18 0.5009422 0.8238057 0.0631875 0.0652394
1 0.6273172 0.8238057 0.0631875 0.0652394
