12 0.5266822 0.7451120 0.0655636 0.0623898
17 0.6578094 0.7451120 0.0655636 0.0623898
32 0.4630470 0.6725239 0.4628017 0.4187314
11 0.2644279 0.4955528 0.0655636 0.0623898
8 0.3299915 0.4955528 0.0655636 0.0623898
30 0.5266822 0.4955528 0.0655636 0.0623898
21 0.2644279 0.5573427 0.0655636 0.0611900
1 0.3299915 0.5573427 0.0655636 0.0611900
15 0.3955551 0.5573427 0.0655636 0.0611900
25 0.5266822 0.5573427 0.0655636 0.0611900
2 0.6578094 0.5573427 0.0655636 0.0611900
3 0.2644279 0.6203324 0.0655636 0.0623898
6 0.3299915 0.6203324 0.0655636 0.0623898
23 0.3955551 0.6203324 0.0655636 0.0623898
9 0.5922458 0.6203324 0.0655636 0.0623898
4 0.2644279 0.6827222 0.0655636 0.0623898
28 0.4611187 0.6827222 0.0655636 0.0623898
29 0.5922458 0.6827222 0.0655636 0.0623898
5 0.6578094 0.6827222 0.0655636 0.0623898
13 0.3299915 0.7451120 0.0655636 0.0623898
16 0.3955551 0.7451120 0.0655636 0.0623898
18 0.4611187 0.7451120 0.0655636 0.0623898
