25 0.4103162 0.8498896 0.0641188 0.0639734
9 0.4744350 0.8498896 0.0641188 0.0639734
32 0.5404397 0.7114857 0.4526036 0.4293596
16 0.4103162 0.5300228 0.0641188 0.0639734
23 0.7309103 0.5300228 0.0641189 0.0639734
22 0.3461974 0.5933810 0.0641188 0.0627431
11 0.5385538 0.5933810 0.0641188 0.0627431
6 0.7309103 0.5933810 0.0641189 0.0627431
31 0.4103162 0.6579695 0.0641188 0.0639733
26 0.4744350 0.6579695 0.0641188 0.0639733
30 0.6026727 0.6579695 0.0641188 0.0639733
7 0.7309103 0.6579695 0.0641189 0.0639733
13 0.3461974 0.7219429 0.0641188 0.0639734
12 0.4744350 0.7219429 0.0641188 0.0639734
21 0.5385538 0.7219429 0.0641188 0.0639734
14 0.6026727 0.7219429 0.0641188 0.0639734
5 0.6667915 0.7219429 0.0641188 0.0639734
27 0.7309103 0.7219429 0.0641189 0.0639734
20 0.4744350 0.7859163 0.0641188 0.0639733
8 0.5385538 0.7859163 0.0641188 0.0639733
19 0.6667915 0.7859163 0.0641188 0.0639733
24 0.7309103 0.7859163 0.0641189 0.0639733
