17 0.5231886 0.8910465 0.0643089 0.0652390
14 0.5874975 0.8910465 0.0643089 0.0652390
32 0.5250801 0.7499046 0.4539449 0.4378535
12 0.3302621 0.5648519 0.0643089 0.0652389
10 0.3945709 0.5648519 0.0643089 0.0652389
19 0.4588798 0.5648519 0.0643089 0.0652389
11 0.5231886 0.5648519 0.0643089 0.0652389
21 0.7161153 0.5648519 0.0643089 0.0652389
7 0.3945709 0.6294635 0.0643089 0.0639843
20 0.5231886 0.6294635 0.0643089 0.0639843
24 0.6518063 0.6294635 0.0643089 0.0639843
29 0.7161153 0.6294635 0.0643089 0.0639843
31 0.3302621 0.6953297 0.0643089 0.0652389
26 0.7161153 0.6953297 0.0643089 0.0652389
9 0.3302621 0.7605687 0.0643089 0.0652390
27 0.3945709 0.7605687 0.0643089 0.0652390
6 0.6518063 0.7605687 0.0643089 0.0652390
23 0.3945709 0.8258076 0.0643089 0.0652389
28 0.5231886 0.8258076 0.0643089 0.0652389
18 0.5874975 0.8258076 0.0643089 0.0652389
2 0.6518063 0.8258076 0.0643089 0.0652389
1 0.7161153 0.8258076 0.0643089 0.0652389
