23 0.6102657 0.9103837 0.0625692 0.0677596
1 0.6728350 0.9103837 0.0625693 0.0677596
32 0.4869675 0.7637886 0.4416653 0.4547707
10 0.6102657 0.5715861 0.0625692 0.0677596
13 0.6728350 0.5715861 0.0625693 0.0677596
6 0.4225580 0.6386941 0.0625693 0.0664565
21 0.4851273 0.6386941 0.0625692 0.0664565
12 0.5476965 0.6386941 0.0625693 0.0664565
9 0.6102657 0.6386941 0.0625692 0.0664565
16 0.6728350 0.6386941 0.0625693 0.0664565
27 0.4225580 0.7071051 0.0625693 0.0677596
11 0.4851273 0.7071051 0.0625692 0.0677596
20 0.5476965 0.7071051 0.0625693 0.0677596
25 0.5476965 0.7748647 0.0625693 0.0677596
8 0.4851273 0.8426242 0.0625692 0.0677595
5 0.5476965 0.8426242 0.0625693 0.0677595
22 0.6102657 0.8426242 0.0625692 0.0677595
4 0.6728350 0.8426242 0.0625693 0.0677595
18 0.3599887 0.9103837 0.0625692 0.0677596
31 0.4225580 0.9103837 0.0625693 0.0677596
28 0.4851273 0.9103837 0.0625692 0.0677596
26 0.5476965 0.9103837 0.0625693 0.0677596
