22 0.6109937 0.8843022 0.0662304 0.0628842
27 0.6772242 0.8843022 0.0662305 0.0628842
32 0.4804808 0.7482545 0.4675092 0.4220501
20 0.3460719 0.5698809 0.0662304 0.0628843
4 0.4785328 0.5698809 0.0662305 0.0628843
5 0.6109937 0.5698809 0.0662304 0.0628843
25 0.6772242 0.5698809 0.0662305 0.0628843
17 0.2798414 0.6321605 0.0662305 0.0616749
13 0.3460719 0.6321605 0.0662304 0.0616749
12 0.4123024 0.6321605 0.0662305 0.0616749
3 0.6772242 0.6321605 0.0662305 0.0616749
2 0.3460719 0.6956494 0.0662304 0.0628843
28 0.4785328 0.6956494 0.0662305 0.0628843
29 0.2798414 0.7585337 0.0662305 0.0628842
21 0.3460719 0.7585337 0.0662304 0.0628842
18 0.6109937 0.7585337 0.0662304 0.0628842
19 0.2798414 0.8214180 0.0662305 0.0628843
11 0.3460719 0.8214180 0.0662304 0.0628843
9 0.4123024 0.8214180 0.0662305 0.0628843
10 0.4123024 0.8843022 0.0662305 0.0628842
6 0.4785328 0.8843022 0.0662305 0.0628842
23 0.5447633 0.8843022 0.0662305 0.0628842
