7 0.5254915 0.8790196 0.0628720 0.0628069
27 0.7141074 0.8790196 0.0628719 0.0628069
32 0.5273407 0.7431393 0.4438021 0.4215311
4 0.3997475 0.5649850 0.0628720 0.0628069
31 0.6512354 0.5649850 0.0628720 0.0628069
6 0.7141074 0.5649850 0.0628719 0.0628069
16 0.4626196 0.6271880 0.0628720 0.0615991
19 0.6512354 0.6271880 0.0628720 0.0615991
5 0.7141074 0.6271880 0.0628719 0.0615991
15 0.3368756 0.6905989 0.0628720 0.0628069
22 0.7141074 0.6905989 0.0628719 0.0628069
18 0.4626196 0.7534058 0.0628720 0.0628069
26 0.5254915 0.7534058 0.0628720 0.0628069
29 0.5883635 0.7534058 0.0628720 0.0628069
8 0.3368756 0.8162128 0.0628720 0.0628069
14 0.3997475 0.8162128 0.0628720 0.0628069
20 0.5254915 0.8162128 0.0628720 0.0628069
25 0.5883635 0.8162128 0.0628720 0.0628069
11 0.6512354 0.8162128 0.0628720 0.0628069
21 0.3368756 0.8790196 0.0628720 0.0628069
2 0.3997475 0.8790196 0.0628720 0.0628069
3 0.4626196 0.8790196 0.0628720 0.0628069
