8 0.6392508 0.8343987 0.0615889 0.0637619
5 0.7008396 0.8343987 0.0615887 0.0637619
32 0.5178846 0.6964523 0.4347446 0.4279403
10 0.6392508 0.5155892 0.0615889 0.0637619
3 0.3928955 0.5787380 0.0615888 0.0625357
4 0.6392508 0.5787380 0.0615889 0.0625357
23 0.3313067 0.6431130 0.0615888 0.0637619
29 0.3928955 0.6431130 0.0615888 0.0637619
13 0.5160732 0.6431130 0.0615888 0.0637619
28 0.5776620 0.6431130 0.0615888 0.0637619
16 0.7008396 0.6431130 0.0615887 0.0637619
19 0.3928955 0.7068748 0.0615888 0.0637618
6 0.5160732 0.7068748 0.0615888 0.0637618
22 0.7008396 0.7068748 0.0615887 0.0637618
11 0.3313067 0.7706367 0.0615888 0.0637619
2 0.3928955 0.7706367 0.0615888 0.0637619
30 0.4544843 0.7706367 0.0615888 0.0637619
17 0.5160732 0.7706367 0.0615888 0.0637619
21 0.3313067 0.8343987 0.0615888 0.0637619
31 0.3928955 0.8343987 0.0615888 0.0637619
27 0.5160732 0.8343987 0.0615888 0.0637619
15 0.5776620 0.8343987 0.0615888 0.0637619
