30 0.6072710 0.8728177 0.0664175 0.0642766
11 0.7401060 0.8728177 0.0664175 0.0642766
32 0.5428070 0.7337577 0.4688294 0.4313948
6 0.3416010 0.5514347 0.0664175 0.0642766
4 0.6736885 0.5514347 0.0664175 0.0642766
23 0.7401060 0.5514347 0.0664175 0.0642766
13 0.3416010 0.6150933 0.0664175 0.0630405
27 0.4080185 0.6150933 0.0664175 0.0630405
28 0.4744360 0.6150933 0.0664175 0.0630405
2 0.5408535 0.6150933 0.0664175 0.0630405
7 0.3416010 0.6799879 0.0664175 0.0642766
21 0.4744360 0.6799879 0.0664175 0.0642766
3 0.7401060 0.6799879 0.0664175 0.0642766
26 0.4744360 0.7442645 0.0664175 0.0642766
22 0.6072710 0.7442645 0.0664175 0.0642766
5 0.6736885 0.7442645 0.0664175 0.0642766
31 0.7401060 0.7442645 0.0664175 0.0642766
19 0.3416010 0.8085411 0.0664175 0.0642767
9 0.7401060 0.8085411 0.0664175 0.0642767
17 0.3416010 0.8728177 0.0664175 0.0642766
20 0.4744360 0.8728177 0.0664175 0.0642766
15 0.5408535 0.8728177 0.0664175 0.0642766
