6 0.6195352 0.8617133 0.0666408 0.0654945
9 0.6861760 0.8617133 0.0666408 0.0654945
32 0.4882137 0.7200185 0.4704055 0.4395689
5 0.4196129 0.5342408 0.0666407 0.0654945
21 0.4862537 0.5342408 0.0666408 0.0654945
30 0.5528944 0.5342408 0.0666408 0.0654945
17 0.4196129 0.5991055 0.0666407 0.0642350
24 0.6195352 0.5991055 0.0666408 0.0642350
11 0.6861760 0.5991055 0.0666408 0.0642350
31 0.3529721 0.6652298 0.0666408 0.0654945
7 0.6195352 0.6652298 0.0666408 0.0654945
13 0.6861760 0.6652298 0.0666408 0.0654945
3 0.2863314 0.7307243 0.0666408 0.0654945
25 0.3529721 0.7307243 0.0666408 0.0654945
12 0.5528944 0.7307243 0.0666408 0.0654945
1 0.6861760 0.7307243 0.0666408 0.0654945
19 0.3529721 0.7962188 0.0666408 0.0654945
18 0.4196129 0.7962188 0.0666407 0.0654945
16 0.4862537 0.7962188 0.0666408 0.0654945
2 0.5528944 0.7962188 0.0666408 0.0654945
23 0.6195352 0.7962188 0.0666408 0.0654945
28 0.6861760 0.7962188 0.0666408 0.0654945
