10 0.6446400 0.8732350 0.0624646 0.0633982
16 0.7071046 0.8732350 0.0624647 0.0633982
32 0.5215479 0.7360754 0.4409269 0.4254995
13 0.3323167 0.5562440 0.0624646 0.0633982
19 0.6446400 0.5562440 0.0624646 0.0633982
30 0.7071046 0.5562440 0.0624647 0.0633982
6 0.3947814 0.6190326 0.0624646 0.0621790
24 0.4572461 0.6190326 0.0624647 0.0621790
11 0.5197107 0.6190326 0.0624646 0.0621790
26 0.7071046 0.6190326 0.0624647 0.0621790
22 0.5821754 0.6830405 0.0624646 0.0633982
29 0.6446400 0.6830405 0.0624646 0.0633982
5 0.3323167 0.7464386 0.0624646 0.0633981
23 0.5197107 0.7464386 0.0624646 0.0633981
21 0.5821754 0.7464386 0.0624646 0.0633981
15 0.7071046 0.7464386 0.0624647 0.0633981
2 0.3323167 0.8098367 0.0624646 0.0633982
8 0.5821754 0.8098367 0.0624646 0.0633982
28 0.7071046 0.8098367 0.0624647 0.0633982
14 0.3323167 0.8732350 0.0624646 0.0633982
25 0.4572461 0.8732350 0.0624647 0.0633982
27 0.5821754 0.8732350 0.0624646 0.0633982
