27 0.3860466 0.8322693 0.0656728 0.0640656
29 0.6487378 0.8322693 0.0656728 0.0640656
32 0.4536510 0.6936660 0.4635727 0.4299782
17 0.2547010 0.5119417 0.0656728 0.0640655
11 0.3203738 0.5119417 0.0656728 0.0640655
1 0.4517194 0.5119417 0.0656728 0.0640655
14 0.5173922 0.5119417 0.0656728 0.0640655
16 0.6487378 0.5119417 0.0656728 0.0640655
30 0.2547010 0.5753912 0.0656728 0.0628335
15 0.3203738 0.5753912 0.0656728 0.0628335
21 0.5830650 0.5753912 0.0656728 0.0628335
3 0.6487378 0.5753912 0.0656728 0.0628335
26 0.5830650 0.6400727 0.0656728 0.0640655
18 0.4517194 0.7041383 0.0656728 0.0640656
19 0.5173922 0.7041383 0.0656728 0.0640656
10 0.6487378 0.7041383 0.0656728 0.0640656
12 0.2547010 0.7682037 0.0656728 0.0640655
23 0.3860466 0.7682037 0.0656728 0.0640655
5 0.4517194 0.7682037 0.0656728 0.0640655
8 0.5830650 0.7682037 0.0656728 0.0640655
28 0.6487378 0.7682037 0.0656728 0.0640655
20 0.2547010 0.8322693 0.0656728 0.0640656
