10 0.5617771 0.9015112 0.0630882 0.0679733
11 0.6879536 0.9015112 0.0630882 0.0679733
32 0.5005444 0.7544537 0.4453286 0.4562051
15 0.3094242 0.5616449 0.0630882 0.0679733
13 0.3725124 0.5616449 0.0630882 0.0679733
7 0.4356006 0.5616449 0.0630882 0.0679733
29 0.4986889 0.5616449 0.0630882 0.0679733
17 0.5617771 0.5616449 0.0630882 0.0679733
30 0.3094242 0.6289646 0.0630882 0.0666661
21 0.4356006 0.6289646 0.0630882 0.0666661
16 0.4986889 0.6289646 0.0630882 0.0666661
19 0.5617771 0.6289646 0.0630882 0.0666661
18 0.6248653 0.6289646 0.0630883 0.0666661
12 0.6879536 0.6289646 0.0630882 0.0666661
6 0.3725124 0.6975914 0.0630882 0.0679733
20 0.5617771 0.6975914 0.0630882 0.0679733
1 0.6248653 0.6975914 0.0630883 0.0679733
22 0.3094242 0.8335379 0.0630882 0.0679733
5 0.4356006 0.8335379 0.0630882 0.0679733
26 0.6248653 0.8335379 0.0630883 0.0679733
9 0.3094242 0.9015112 0.0630882 0.0679733
8 0.4356006 0.9015112 0.0630882 0.0679733
