14 0.4904726 0.9020959 0.0608500 0.0664287
23 0.6730225 0.9020959 0.0608500 0.0664287
32 0.4922623 0.7583801 0.4295291 0.4458382
17 0.3079227 0.5699528 0.0608500 0.0664286
12 0.4296226 0.5699528 0.0608500 0.0664286
20 0.5513225 0.5699528 0.0608500 0.0664286
25 0.6121725 0.5699528 0.0608500 0.0664286
1 0.3687727 0.6357426 0.0608500 0.0651512
26 0.4904726 0.6357426 0.0608500 0.0651512
27 0.5513225 0.6357426 0.0608500 0.0651512
4 0.6730225 0.6357426 0.0608500 0.0651512
2 0.3687727 0.7028101 0.0608500 0.0664286
11 0.4296226 0.7028101 0.0608500 0.0664286
22 0.5513225 0.7028101 0.0608500 0.0664286
6 0.6121725 0.7028101 0.0608500 0.0664286
19 0.6730225 0.7028101 0.0608500 0.0664286
9 0.3079227 0.7692386 0.0608500 0.0664286
5 0.3079227 0.8356673 0.0608500 0.0664286
16 0.4296226 0.8356673 0.0608500 0.0664286
13 0.5513225 0.8356673 0.0608500 0.0664286
28 0.6730225 0.8356673 0.0608500 0.0664286
10 0.3687727 0.9020959 0.0608500 0.0664287
