23 0.5959998 0.8972070 0.0624111 0.0667456
18 0.7208220 0.8972070 0.0624111 0.0667456
32 0.5354243 0.7528055 0.4405488 0.4479654
29 0.3463554 0.5634792 0.0624111 0.0667456
14 0.4711776 0.5634792 0.0624111 0.0667456
19 0.5959998 0.5634792 0.0624111 0.0667456
5 0.4087666 0.6295829 0.0624111 0.0654620
9 0.4711776 0.6295829 0.0624111 0.0654620
17 0.3463554 0.6969703 0.0624111 0.0667456
7 0.4087666 0.6969703 0.0624111 0.0667456
22 0.4711776 0.6969703 0.0624111 0.0667456
13 0.5959998 0.6969703 0.0624111 0.0667456
11 0.3463554 0.7637158 0.0624111 0.0667455
3 0.4087666 0.7637158 0.0624111 0.0667455
20 0.3463554 0.8304614 0.0624111 0.0667455
27 0.4087666 0.8304614 0.0624111 0.0667455
2 0.4711776 0.8304614 0.0624111 0.0667455
26 0.5959998 0.8304614 0.0624111 0.0667455
31 0.6584109 0.8304614 0.0624111 0.0667455
21 0.7208220 0.8304614 0.0624111 0.0667455
4 0.4087666 0.8972070 0.0624111 0.0667456
12 0.4711776 0.8972070 0.0624111 0.0667456
