11 0.6561661 0.8693727 0.0608181 0.0618453
26 0.7169843 0.8693727 0.0608181 0.0618453
32 0.5363187 0.7355729 0.4293041 0.4150769
19 0.5953481 0.5601464 0.0608181 0.0618453
9 0.4128938 0.6213970 0.0608181 0.0606559
3 0.4737119 0.6213970 0.0608181 0.0606559
15 0.5953481 0.6213970 0.0608181 0.0606559
5 0.6561661 0.6213970 0.0608181 0.0606559
4 0.4128938 0.6838370 0.0608181 0.0618453
12 0.4737119 0.6838370 0.0608181 0.0618453
6 0.5953481 0.6838370 0.0608181 0.0618453
17 0.7169843 0.6838370 0.0608181 0.0618453
31 0.3520757 0.7456822 0.0608181 0.0618452
22 0.6561661 0.7456822 0.0608181 0.0618452
14 0.3520757 0.8075275 0.0608181 0.0618452
16 0.4128938 0.8075275 0.0608181 0.0618452
2 0.4737119 0.8075275 0.0608181 0.0618452
23 0.5953481 0.8075275 0.0608181 0.0618452
28 0.6561661 0.8075275 0.0608181 0.0618452
30 0.7169843 0.8075275 0.0608181 0.0618452
18 0.4128938 0.8693727 0.0608181 0.0618453
10 0.5953481 0.8693727 0.0608181 0.0618453
