11 0.6035386 0.8349966 0.0612745 0.0619959
1 0.6648131 0.8349966 0.0612745 0.0619959
32 0.4827917 0.7008708 0.4325259 0.4160883
19 0.3584406 0.5250169 0.0612745 0.0619960
5 0.4197150 0.5250169 0.0612745 0.0619960
14 0.4809895 0.5250169 0.0612745 0.0619960
13 0.5422641 0.5250169 0.0612745 0.0619960
10 0.6648131 0.5250169 0.0612745 0.0619960
29 0.3584406 0.5864167 0.0612745 0.0608038
27 0.4809895 0.5864167 0.0612745 0.0608038
6 0.6648131 0.5864167 0.0612745 0.0608038
31 0.4197150 0.6490088 0.0612745 0.0619960
24 0.5422641 0.6490088 0.0612745 0.0619960
21 0.4809895 0.7110048 0.0612745 0.0619959
2 0.2971660 0.7730007 0.0612745 0.0619960
26 0.3584406 0.7730007 0.0612745 0.0619960
17 0.4197150 0.7730007 0.0612745 0.0619960
7 0.5422641 0.7730007 0.0612745 0.0619960
4 0.6648131 0.7730007 0.0612745 0.0619960
9 0.2971660 0.8349966 0.0612745 0.0619959
25 0.3584406 0.8349966 0.0612745 0.0619959
8 0.4809895 0.8349966 0.0612745 0.0619959
