16 0.5602747 0.8919322 0.0646079 0.0637791
24 0.6248826 0.8919322 0.0646079 0.0637791
32 0.4975670 0.7539484 0.4560557 0.4280563
1 0.4310589 0.5730364 0.0646079 0.0637791
6 0.6248826 0.5730364 0.0646079 0.0637791
19 0.6894905 0.5730364 0.0646079 0.0637791
18 0.4956668 0.6362023 0.0646079 0.0625527
30 0.5602747 0.6362023 0.0646079 0.0625527
15 0.3664510 0.7005947 0.0646079 0.0637791
9 0.4310589 0.7005947 0.0646079 0.0637791
13 0.5602747 0.7005947 0.0646079 0.0637791
31 0.6248826 0.7005947 0.0646079 0.0637791
21 0.6894905 0.7005947 0.0646079 0.0637791
3 0.3664510 0.7643739 0.0646079 0.0637791
2 0.4310589 0.7643739 0.0646079 0.0637791
22 0.5602747 0.7643739 0.0646079 0.0637791
12 0.6894905 0.7643739 0.0646079 0.0637791
5 0.3018431 0.8281531 0.0646079 0.0637792
8 0.4310589 0.8281531 0.0646079 0.0637792
25 0.4956668 0.8281531 0.0646079 0.0637792
10 0.3018431 0.8919322 0.0646079 0.0637791
27 0.3664510 0.8919322 0.0646079 0.0637791
