9 0.5646560 0.8676630 0.0611602 0.0620306
3 0.6258162 0.8676630 0.0611602 0.0620306
32 0.5052946 0.7334621 0.4317190 0.4163211
18 0.3200153 0.5575098 0.0611602 0.0620306
4 0.4423357 0.5575098 0.0611602 0.0620306
25 0.5646560 0.5575098 0.0611602 0.0620306
12 0.3811755 0.6189440 0.0611602 0.0608377
15 0.4423357 0.6189440 0.0611602 0.0608377
13 0.6869765 0.6189440 0.0611602 0.0608377
8 0.3200153 0.6815711 0.0611602 0.0620306
23 0.3811755 0.6815711 0.0611602 0.0620306
28 0.4423357 0.6815711 0.0611602 0.0620306
5 0.5034958 0.6815711 0.0611602 0.0620306
26 0.6869765 0.6815711 0.0611602 0.0620306
21 0.3200153 0.7436018 0.0611602 0.0620306
31 0.5646560 0.7436018 0.0611602 0.0620306
30 0.6869765 0.7436018 0.0611602 0.0620306
29 0.3811755 0.8056324 0.0611602 0.0620306
10 0.4423357 0.8056324 0.0611602 0.0620306
20 0.5646560 0.8056324 0.0611602 0.0620306
22 0.3811755 0.8676630 0.0611602 0.0620306
19 0.4423357 0.8676630 0.0611602 0.0620306
