31 0.6545259 0.8817873 0.0642372 0.0634219
1 0.7187631 0.8817873 0.0642372 0.0634219
32 0.5279409 0.7445763 0.4534389 0.4256587
14 0.4618143 0.5646776 0.0642372 0.0634219
10 0.5902888 0.5646776 0.0642372 0.0634219
5 0.6545259 0.5646776 0.0642372 0.0634219
21 0.3333400 0.6274897 0.0642372 0.0622023
6 0.3975772 0.6274897 0.0642372 0.0622023
29 0.5260516 0.6274897 0.0642372 0.0622023
17 0.5902888 0.6274897 0.0642372 0.0622023
27 0.6545259 0.6274897 0.0642372 0.0622023
25 0.7187631 0.6274897 0.0642372 0.0622023
30 0.4618143 0.6915215 0.0642372 0.0634219
7 0.5902888 0.6915215 0.0642372 0.0634219
26 0.6545259 0.6915215 0.0642372 0.0634219
24 0.3333400 0.8183653 0.0642372 0.0634219
3 0.4618143 0.8183653 0.0642372 0.0634219
11 0.6545259 0.8183653 0.0642372 0.0634219
4 0.7187631 0.8183653 0.0642372 0.0634219
13 0.3333400 0.8817873 0.0642372 0.0634219
8 0.5260516 0.8817873 0.0642372 0.0634219
12 0.5902888 0.8817873 0.0642372 0.0634219
