16 0.4325070 0.8057236 0.0627152 0.0621953
26 0.5579374 0.8057236 0.0627151 0.0621953
32 0.4970667 0.6711667 0.4426954 0.4174257
6 0.3070766 0.4947475 0.0627152 0.0621952
23 0.3070766 0.5563447 0.0627152 0.0609992
14 0.4325070 0.5563447 0.0627152 0.0609992
4 0.4952222 0.5563447 0.0627152 0.0609992
24 0.5579374 0.5563447 0.0627151 0.0609992
15 0.6206525 0.5563447 0.0627152 0.0609992
1 0.3070766 0.6191380 0.0627152 0.0621952
31 0.3697918 0.6191380 0.0627152 0.0621952
3 0.5579374 0.6191380 0.0627151 0.0621952
8 0.6833678 0.6191380 0.0627152 0.0621952
5 0.4325070 0.6813332 0.0627152 0.0621952
30 0.6206525 0.6813332 0.0627152 0.0621952
28 0.6833678 0.6813332 0.0627152 0.0621952
18 0.3070766 0.7435284 0.0627152 0.0621952
9 0.4325070 0.7435284 0.0627152 0.0621952
20 0.6206525 0.7435284 0.0627152 0.0621952
17 0.6833678 0.7435284 0.0627152 0.0621952
12 0.3070766 0.8057236 0.0627152 0.0621953
2 0.3697918 0.8057236 0.0627152 0.0621953
