18 0.3257479 0.8971165 0.0659988 0.0644376
7 0.3917467 0.8971165 0.0659988 0.0644376
32 0.4596865 0.7577084 0.4658736 0.4324748
27 0.2597491 0.5749289 0.0659988 0.0644375
20 0.3257479 0.5749289 0.0659988 0.0644375
30 0.3917467 0.5749289 0.0659988 0.0644375
6 0.4577454 0.5749289 0.0659988 0.0644375
29 0.5897430 0.5749289 0.0659988 0.0644375
16 0.6557417 0.5749289 0.0659987 0.0644375
13 0.2597491 0.6387468 0.0659988 0.0631984
28 0.4577454 0.6387468 0.0659988 0.0631984
26 0.5237442 0.6387468 0.0659988 0.0631984
31 0.6557417 0.6387468 0.0659987 0.0631984
22 0.3917467 0.7038039 0.0659988 0.0644375
23 0.5237442 0.7038039 0.0659988 0.0644375
8 0.5897430 0.7038039 0.0659988 0.0644375
14 0.6557417 0.7038039 0.0659987 0.0644375
17 0.2597491 0.7682414 0.0659988 0.0644376
5 0.5897430 0.7682414 0.0659988 0.0644376
19 0.6557417 0.7682414 0.0659987 0.0644376
15 0.4577454 0.8326790 0.0659988 0.0644375
3 0.5237442 0.8326790 0.0659988 0.0644375
