26 0.6239687 0.8949962 0.0652330 0.0625611
22 0.6892017 0.8949962 0.0652331 0.0625611
32 0.4954211 0.7596478 0.4604686 0.4198809
11 0.2978034 0.5821910 0.0652331 0.0625610
17 0.3630364 0.5821910 0.0652330 0.0625610
5 0.4282695 0.5821910 0.0652330 0.0625610
14 0.6892017 0.5821910 0.0652331 0.0625610
7 0.3630364 0.6441505 0.0652330 0.0613580
23 0.4282695 0.6441505 0.0652330 0.0613580
30 0.5587356 0.6441505 0.0652330 0.0613580
28 0.6239687 0.6441505 0.0652330 0.0613580
21 0.6892017 0.6441505 0.0652331 0.0613580
12 0.3630364 0.7073131 0.0652330 0.0625610
1 0.5587356 0.7073131 0.0652330 0.0625610
15 0.6239687 0.7073131 0.0652330 0.0625610
25 0.3630364 0.7698741 0.0652330 0.0625610
10 0.5587356 0.7698741 0.0652330 0.0625610
31 0.2978034 0.8324352 0.0652331 0.0625610
2 0.4282695 0.8324352 0.0652330 0.0625610
29 0.5587356 0.8324352 0.0652330 0.0625610
13 0.3630364 0.8949962 0.0652330 0.0625611
27 0.4935025 0.8949962 0.0652331 0.0625611
