25 0.5463423 0.8982161 0.0665490 0.0678579
14 0.6128913 0.8982161 0.0665490 0.0678579
32 0.5482996 0.7514081 0.4697577 0.4554310
10 0.3466953 0.5589265 0.0665490 0.0678579
11 0.4797933 0.5589265 0.0665490 0.0678579
13 0.6128913 0.5589265 0.0665490 0.0678579
1 0.7459894 0.5589265 0.0665490 0.0678579
21 0.3466953 0.6261320 0.0665490 0.0665529
4 0.4797933 0.6261320 0.0665490 0.0665529
17 0.6128913 0.6261320 0.0665490 0.0665529
22 0.6794403 0.6261320 0.0665490 0.0665529
19 0.4797933 0.6946423 0.0665490 0.0678579
2 0.6128913 0.6946423 0.0665490 0.0678579
7 0.6794403 0.6946423 0.0665490 0.0678579
18 0.7459894 0.6946423 0.0665490 0.0678579
30 0.3466953 0.7625003 0.0665490 0.0678579
27 0.4797933 0.7625003 0.0665490 0.0678579
20 0.5463423 0.7625003 0.0665490 0.0678579
26 0.6794403 0.7625003 0.0665490 0.0678579
12 0.4797933 0.8303582 0.0665490 0.0678580
24 0.7459894 0.8303582 0.0665490 0.0678580
8 0.4797933 0.8982161 0.0665490 0.0678579
