13 0.5621439 0.8888444 0.0610466 0.0681216
3 0.6231904 0.8888444 0.0610465 0.0681216
32 0.5028928 0.7414658 0.4309168 0.4572010
5 0.3790042 0.5482362 0.0610465 0.0681216
20 0.4400507 0.5482362 0.0610466 0.0681216
31 0.5621439 0.5482362 0.0610466 0.0681216
12 0.6231904 0.5482362 0.0610465 0.0681216
25 0.3179577 0.6157028 0.0610466 0.0668116
30 0.5010973 0.6157028 0.0610466 0.0668116
10 0.5621439 0.6157028 0.0610466 0.0668116
11 0.6231904 0.6157028 0.0610465 0.0668116
6 0.3179577 0.6844794 0.0610466 0.0681216
9 0.4400507 0.6844794 0.0610466 0.0681216
16 0.3790042 0.7526011 0.0610465 0.0681216
7 0.4400507 0.7526011 0.0610466 0.0681216
29 0.5010973 0.7526011 0.0610466 0.0681216
15 0.5621439 0.7526011 0.0610466 0.0681216
22 0.6842370 0.7526011 0.0610466 0.0681216
18 0.3790042 0.8207227 0.0610465 0.0681216
28 0.5010973 0.8207227 0.0610466 0.0681216
27 0.3790042 0.8888444 0.0610465 0.0681216
2 0.5010973 0.8888444 0.0610466 0.0681216
