23 0.5664707 0.9004301 0.0628376 0.0664700
25 0.6921460 0.9004301 0.0628376 0.0664700
32 0.5054813 0.7566249 0.4435597 0.4461159
1 0.4407954 0.5680802 0.0628376 0.0664700
5 0.5036331 0.5680802 0.0628376 0.0664700
11 0.6921460 0.5680802 0.0628376 0.0664700
17 0.3779578 0.6339111 0.0628376 0.0651918
8 0.5664707 0.6339111 0.0628376 0.0651918
7 0.6293083 0.6339111 0.0628376 0.0651918
6 0.3151202 0.7010202 0.0628376 0.0664700
4 0.3779578 0.7010202 0.0628376 0.0664700
12 0.5036331 0.7010202 0.0628376 0.0664700
30 0.6293083 0.7010202 0.0628376 0.0664700
10 0.3779578 0.7674902 0.0628376 0.0664700
3 0.4407954 0.7674902 0.0628376 0.0664700
15 0.5664707 0.7674902 0.0628376 0.0664700
28 0.6293083 0.7674902 0.0628376 0.0664700
29 0.4407954 0.8339602 0.0628376 0.0664700
2 0.5036331 0.8339602 0.0628376 0.0664700
18 0.6293083 0.8339602 0.0628376 0.0664700
24 0.3151202 0.9004301 0.0628376 0.0664700
19 0.3779578 0.9004301 0.0628376 0.0664700
