25 0.5887039 0.8327407 0.0610883 0.0655992
6 0.7108804 0.8327407 0.0610883 0.0655992
32 0.5294124 0.6908194 0.4312111 0.4402714
12 0.3443509 0.5047448 0.0610883 0.0655992
23 0.5276157 0.5047448 0.0610882 0.0655992
1 0.7108804 0.5047448 0.0610883 0.0655992
9 0.3443509 0.5697132 0.0610883 0.0643377
17 0.5887039 0.5697132 0.0610883 0.0643377
3 0.4665274 0.6359431 0.0610883 0.0655992
11 0.7108804 0.6359431 0.0610883 0.0655992
13 0.3443509 0.7015424 0.0610883 0.0655992
21 0.4054391 0.7015424 0.0610882 0.0655992
30 0.4665274 0.7015424 0.0610883 0.0655992
16 0.6497921 0.7015424 0.0610882 0.0655992
15 0.7108804 0.7015424 0.0610883 0.0655992
19 0.4054391 0.7671416 0.0610882 0.0655991
7 0.6497921 0.7671416 0.0610882 0.0655991
31 0.7108804 0.7671416 0.0610883 0.0655991
8 0.3443509 0.8327407 0.0610883 0.0655992
4 0.4054391 0.8327407 0.0610882 0.0655992
22 0.4665274 0.8327407 0.0610883 0.0655992
28 0.5276157 0.8327407 0.0610882 0.0655992
