25 0.5765186 0.8289919 0.0621909 0.0640630
7 0.7009004 0.8289919 0.0621909 0.0640630
32 0.5161568 0.6903941 0.4389949 0.4299609
31 0.3899457 0.5086772 0.0621909 0.0640630
11 0.4521367 0.5086772 0.0621910 0.0640630
18 0.3277548 0.5721241 0.0621909 0.0628310
9 0.3899457 0.5721241 0.0621909 0.0628310
10 0.4521367 0.5721241 0.0621910 0.0628310
20 0.5143276 0.5721241 0.0621909 0.0628310
3 0.5765186 0.5721241 0.0621909 0.0628310
19 0.6387095 0.5721241 0.0621910 0.0628310
8 0.7009004 0.5721241 0.0621909 0.0628310
12 0.3277548 0.6368031 0.0621909 0.0640630
5 0.3899457 0.6368031 0.0621909 0.0640630
26 0.5143276 0.6368031 0.0621909 0.0640630
4 0.5765186 0.6368031 0.0621909 0.0640630
27 0.6387095 0.6368031 0.0621910 0.0640630
16 0.4521367 0.7008660 0.0621910 0.0640630
15 0.6387095 0.7008660 0.0621910 0.0640630
17 0.3899457 0.7649289 0.0621909 0.0640629
30 0.5765186 0.7649289 0.0621909 0.0640629
21 0.7009004 0.7649289 0.0621909 0.0640629
