19 0.4072034 0.8881580 0.0649287 0.0620331
8 0.6669181 0.8881580 0.0649287 0.0620331
32 0.5389704 0.7539517 0.4583200 0.4163374
24 0.3422747 0.5779925 0.0649287 0.0620331
22 0.4072034 0.5779925 0.0649287 0.0620331
27 0.6669181 0.5779925 0.0649287 0.0620331
30 0.7318468 0.5779925 0.0649287 0.0620331
26 0.4072034 0.6394291 0.0649287 0.0608401
18 0.4721321 0.6394291 0.0649287 0.0608401
28 0.6019894 0.6394291 0.0649287 0.0608401
3 0.6669181 0.6394291 0.0649287 0.0608401
29 0.7318468 0.6394291 0.0649287 0.0608401
21 0.3422747 0.7020586 0.0649287 0.0620331
23 0.4072034 0.7020586 0.0649287 0.0620331
20 0.6019894 0.7020586 0.0649287 0.0620331
6 0.7318468 0.7020586 0.0649287 0.0620331
2 0.4072034 0.7640917 0.0649287 0.0620331
15 0.5370608 0.7640917 0.0649287 0.0620331
11 0.3422747 0.8261249 0.0649287 0.0620332
25 0.4721321 0.8261249 0.0649287 0.0620332
17 0.7318468 0.8261249 0.0649287 0.0620332
16 0.3422747 0.8881580 0.0649287 0.0620331
