4 0.6533504 0.8504939 0.0637646 0.0621386
18 0.7171151 0.8504939 0.0637646 0.0621386
32 0.5276967 0.7160595 0.4501031 0.4170456
24 0.5258212 0.5398010 0.0637646 0.0621386
3 0.7171151 0.5398010 0.0637646 0.0621386
17 0.6533504 0.6013421 0.0637646 0.0609436
29 0.7171151 0.6013421 0.0637646 0.0609436
25 0.3345274 0.6640782 0.0637646 0.0621386
19 0.3345274 0.7262167 0.0637646 0.0621386
6 0.3982920 0.7262167 0.0637646 0.0621386
1 0.4620567 0.7262167 0.0637646 0.0621386
27 0.5258212 0.7262167 0.0637646 0.0621386
8 0.5895859 0.7262167 0.0637646 0.0621386
23 0.3345274 0.7883554 0.0637646 0.0621386
26 0.3982920 0.7883554 0.0637646 0.0621386
2 0.4620567 0.7883554 0.0637646 0.0621386
22 0.5258212 0.7883554 0.0637646 0.0621386
11 0.6533504 0.7883554 0.0637646 0.0621386
12 0.7171151 0.7883554 0.0637646 0.0621386
7 0.4620567 0.8504939 0.0637646 0.0621386
16 0.5258212 0.8504939 0.0637646 0.0621386
30 0.5895859 0.8504939 0.0637646 0.0621386
