14 0.6608585 0.8267331 0.0617986 0.0662901
24 0.7226571 0.8267331 0.0617986 0.0662901
32 0.5390790 0.6833170 0.4362252 0.4449085
13 0.5372614 0.4952827 0.0617986 0.0662901
5 0.5990600 0.4952827 0.0617986 0.0662901
20 0.4754628 0.5609353 0.0617986 0.0650153
7 0.5372614 0.5609353 0.0617986 0.0650153
16 0.5990600 0.5609353 0.0617986 0.0650153
3 0.6608585 0.5609353 0.0617986 0.0650153
15 0.4136642 0.6278628 0.0617986 0.0662901
4 0.4754628 0.6278628 0.0617986 0.0662901
22 0.5372614 0.6278628 0.0617986 0.0662901
21 0.4136642 0.6941529 0.0617986 0.0662901
26 0.5990600 0.6941529 0.0617986 0.0662901
1 0.6608585 0.6941529 0.0617986 0.0662901
9 0.7226571 0.6941529 0.0617986 0.0662901
28 0.4136642 0.7604430 0.0617986 0.0662901
27 0.5372614 0.7604430 0.0617986 0.0662901
17 0.7226571 0.7604430 0.0617986 0.0662901
23 0.3518657 0.8267331 0.0617986 0.0662901
6 0.5372614 0.8267331 0.0617986 0.0662901
18 0.5990600 0.8267331 0.0617986 0.0662901
