13 0.5196558 0.8849133 0.0605995 0.0642367
31 0.7014543 0.8849133 0.0605995 0.0642367
32 0.5214382 0.7459399 0.4277610 0.4311265
7 0.5196558 0.5637302 0.0605995 0.0642366
29 0.5802554 0.5637302 0.0605995 0.0642366
18 0.3984569 0.6273492 0.0605995 0.0630013
23 0.4590564 0.6273492 0.0605995 0.0630013
25 0.5196558 0.6273492 0.0605995 0.0630013
3 0.5802554 0.6273492 0.0605995 0.0630013
21 0.6408548 0.6273492 0.0605995 0.0630013
4 0.7014543 0.6273492 0.0605995 0.0630013
5 0.4590564 0.6922035 0.0605995 0.0642367
28 0.5196558 0.6922035 0.0605995 0.0642367
20 0.5802554 0.6922035 0.0605995 0.0642367
12 0.6408548 0.6922035 0.0605995 0.0642367
8 0.3378574 0.7564401 0.0605995 0.0642366
1 0.6408548 0.7564401 0.0605995 0.0642366
26 0.3984569 0.8206767 0.0605995 0.0642366
14 0.5196558 0.8206767 0.0605995 0.0642366
15 0.5802554 0.8206767 0.0605995 0.0642366
11 0.7014543 0.8206767 0.0605995 0.0642366
17 0.4590564 0.8849133 0.0605995 0.0642367
