28 0.2657469 0.8679958 0.0612534 0.0632928
13 0.6332674 0.8679958 0.0612534 0.0632928
32 0.4513087 0.7310641 0.4323771 0.4247923
21 0.2657469 0.5515316 0.0612534 0.0632928
4 0.3270003 0.5515316 0.0612534 0.0632928
24 0.3882537 0.5515316 0.0612534 0.0632928
27 0.5720140 0.5515316 0.0612534 0.0632928
6 0.6332674 0.5515316 0.0612534 0.0632928
29 0.2657469 0.6142159 0.0612534 0.0620757
19 0.3882537 0.6142159 0.0612534 0.0620757
11 0.4495071 0.6142159 0.0612534 0.0620757
10 0.3270003 0.6781173 0.0612534 0.0632928
26 0.3882537 0.6781173 0.0612534 0.0632928
1 0.5107606 0.6781173 0.0612534 0.0632928
22 0.2657469 0.7414101 0.0612534 0.0632928
9 0.3270003 0.7414101 0.0612534 0.0632928
25 0.3882537 0.7414101 0.0612534 0.0632928
31 0.4495071 0.7414101 0.0612534 0.0632928
7 0.2657469 0.8047030 0.0612534 0.0632928
2 0.3882537 0.8047030 0.0612534 0.0632928
15 0.4495071 0.8047030 0.0612534 0.0632928
20 0.5720140 0.8047030 0.0612534 0.0632928
