15 0.6517606 0.8898964 0.0649177 0.0630213
12 0.7166784 0.8898964 0.0649178 0.0630213
32 0.5238345 0.7535522 0.4582428 0.4229699
9 0.3920898 0.5747900 0.0649177 0.0630213
31 0.5868430 0.5747900 0.0649177 0.0630213
1 0.6517606 0.5747900 0.0649177 0.0630213
26 0.3271720 0.6372053 0.0649177 0.0618094
2 0.6517606 0.6372053 0.0649177 0.0618094
16 0.3920898 0.7008325 0.0649177 0.0630213
27 0.4570074 0.7008325 0.0649177 0.0630213
22 0.5219252 0.7008325 0.0649178 0.0630213
19 0.7166784 0.7008325 0.0649178 0.0630213
21 0.3271720 0.7638539 0.0649177 0.0630213
20 0.3920898 0.7638539 0.0649177 0.0630213
18 0.5219252 0.7638539 0.0649178 0.0630213
8 0.3271720 0.8268752 0.0649177 0.0630212
14 0.5219252 0.8268752 0.0649178 0.0630212
6 0.6517606 0.8268752 0.0649177 0.0630212
10 0.3271720 0.8898964 0.0649177 0.0630213
23 0.3920898 0.8898964 0.0649177 0.0630213
7 0.4570074 0.8898964 0.0649177 0.0630213
5 0.5219252 0.8898964 0.0649178 0.0630213
