7 0.4107071 0.8373969 0.0653824 0.0634393
10 0.6722366 0.8373969 0.0653824 0.0634393
32 0.4780125 0.7001485 0.4615227 0.4257750
5 0.3453247 0.5202005 0.0653824 0.0634393
4 0.4107071 0.5202005 0.0653824 0.0634393
31 0.6068542 0.5202005 0.0653824 0.0634393
18 0.3453247 0.5830298 0.0653824 0.0622193
2 0.4107071 0.5830298 0.0653824 0.0622193
13 0.5414718 0.5830298 0.0653824 0.0622193
15 0.2799423 0.6470790 0.0653824 0.0634393
19 0.3453247 0.6470790 0.0653824 0.0634393
29 0.6722366 0.6470790 0.0653824 0.0634393
9 0.2799423 0.7105183 0.0653824 0.0634393
28 0.4760894 0.7105183 0.0653823 0.0634393
16 0.5414718 0.7105183 0.0653824 0.0634393
30 0.6068542 0.7105183 0.0653824 0.0634393
20 0.2799423 0.7739576 0.0653824 0.0634393
8 0.3453247 0.7739576 0.0653824 0.0634393
24 0.4760894 0.7739576 0.0653823 0.0634393
21 0.5414718 0.7739576 0.0653824 0.0634393
6 0.2799423 0.8373969 0.0653824 0.0634393
1 0.3453247 0.8373969 0.0653824 0.0634393
