3 0.6152923 0.8196915 0.0667804 0.0640689
21 0.6820727 0.8196915 0.0667804 0.0640689
32 0.4836956 0.6810808 0.4713911 0.4300010
9 0.4817315 0.4993468 0.0667804 0.0640689
10 0.5485119 0.4993468 0.0667804 0.0640689
8 0.2813903 0.5627997 0.0667804 0.0628368
16 0.5485119 0.5627997 0.0667804 0.0628368
22 0.6820727 0.5627997 0.0667804 0.0628368
7 0.2813903 0.6274847 0.0667804 0.0640689
2 0.3481707 0.6274847 0.0667804 0.0640689
18 0.4817315 0.6274847 0.0667804 0.0640689
11 0.5485119 0.6274847 0.0667804 0.0640689
30 0.6152923 0.6274847 0.0667804 0.0640689
23 0.3481707 0.6915536 0.0667804 0.0640690
6 0.4817315 0.6915536 0.0667804 0.0640690
25 0.6152923 0.6915536 0.0667804 0.0640690
27 0.2813903 0.7556226 0.0667804 0.0640689
5 0.5485119 0.7556226 0.0667804 0.0640689
12 0.6820727 0.7556226 0.0667804 0.0640689
26 0.2813903 0.8196915 0.0667804 0.0640689
31 0.4149511 0.8196915 0.0667804 0.0640689
15 0.5485119 0.8196915 0.0667804 0.0640689
