9 0.5720597 0.8980431 0.0657012 0.0657222
18 0.6377608 0.8980431 0.0657011 0.0657222
32 0.5082909 0.7558557 0.4637730 0.4410970
31 0.4406573 0.5694322 0.0657011 0.0657222
19 0.5720597 0.5694322 0.0657012 0.0657222
28 0.3092550 0.6345224 0.0657012 0.0644583
5 0.3749562 0.6345224 0.0657012 0.0644583
22 0.7034620 0.6345224 0.0657011 0.0644583
8 0.3092550 0.7008765 0.0657012 0.0657222
20 0.5720597 0.7008765 0.0657012 0.0657222
15 0.6377608 0.7008765 0.0657011 0.0657222
23 0.7034620 0.7008765 0.0657011 0.0657222
29 0.5720597 0.7665987 0.0657012 0.0657222
27 0.6377608 0.7665987 0.0657011 0.0657222
12 0.7034620 0.7665987 0.0657011 0.0657222
26 0.3092550 0.8323209 0.0657012 0.0657222
3 0.3749562 0.8323209 0.0657012 0.0657222
10 0.5720597 0.8323209 0.0657012 0.0657222
11 0.6377608 0.8323209 0.0657011 0.0657222
7 0.3749562 0.8980431 0.0657012 0.0657222
6 0.4406573 0.8980431 0.0657011 0.0657222
30 0.5063585 0.8980431 0.0657012 0.0657222
