24 0.5847890 0.8478026 0.0660846 0.0676818
23 0.6508736 0.8478026 0.0660846 0.0676818
32 0.4545634 0.7013757 0.4664797 0.4542488
12 0.2543658 0.5093938 0.0660846 0.0676818
4 0.3865351 0.5093938 0.0660846 0.0676818
21 0.2543658 0.5764248 0.0660846 0.0663802
14 0.5847890 0.5764248 0.0660846 0.0663802
26 0.3204505 0.6447573 0.0660847 0.0676817
25 0.3865351 0.6447573 0.0660846 0.0676817
19 0.4526198 0.6447573 0.0660846 0.0676817
13 0.5847890 0.6447573 0.0660846 0.0676817
17 0.2543658 0.7124391 0.0660846 0.0676818
15 0.4526198 0.7124391 0.0660846 0.0676818
22 0.5847890 0.7124391 0.0660846 0.0676818
7 0.3204505 0.7801208 0.0660847 0.0676817
31 0.3865351 0.7801208 0.0660846 0.0676817
1 0.5187044 0.7801208 0.0660846 0.0676817
5 0.6508736 0.7801208 0.0660846 0.0676817
11 0.3204505 0.8478026 0.0660847 0.0676818
6 0.3865351 0.8478026 0.0660846 0.0676818
29 0.4526198 0.8478026 0.0660846 0.0676818
20 0.5187044 0.8478026 0.0660846 0.0676818
