11 0.5916520 0.9289389 0.0625958 0.0677246
7 0.6542477 0.9289389 0.0625958 0.0677246
32 0.4683015 0.7775757 0.4418526 0.4448487
25 0.2786730 0.5903160 0.0625958 0.0677246
29 0.4664604 0.5903160 0.0625958 0.0677246
20 0.5916520 0.5903160 0.0625958 0.0677246
6 0.2786730 0.6573894 0.0625958 0.0664222
23 0.3412688 0.6573894 0.0625958 0.0664222
12 0.4038646 0.6573894 0.0625958 0.0664222
26 0.4664604 0.6573894 0.0625958 0.0664222
17 0.5290562 0.6573894 0.0625958 0.0664222
8 0.5916520 0.6573894 0.0625958 0.0664222
15 0.2786730 0.7257652 0.0625958 0.0677245
1 0.3412688 0.7257652 0.0625958 0.0677245
24 0.5290562 0.7257652 0.0625958 0.0677245
2 0.6542477 0.7257652 0.0625958 0.0677245
3 0.4664604 0.7934898 0.0625958 0.0677246
10 0.6542477 0.7934898 0.0625958 0.0677246
5 0.4038646 0.8612143 0.0625958 0.0677245
31 0.5916520 0.8612143 0.0625958 0.0677245
22 0.4038646 0.9289389 0.0625958 0.0677246
14 0.5290562 0.9289389 0.0625958 0.0677246
