17 0.5929777 0.8385463 0.0636965 0.0642951
21 0.6566742 0.8385463 0.0636965 0.0642951
32 0.5311547 0.6994463 0.4496221 0.4315194
16 0.3381918 0.5170706 0.0636965 0.0642952
7 0.4018883 0.5170706 0.0636965 0.0642952
26 0.5929777 0.5170706 0.0636965 0.0642952
6 0.6566742 0.5170706 0.0636965 0.0642952
5 0.7203706 0.5170706 0.0636964 0.0642952
15 0.3381918 0.5807475 0.0636965 0.0630587
30 0.4018883 0.5807475 0.0636965 0.0630587
19 0.6566742 0.5807475 0.0636965 0.0630587
25 0.3381918 0.6456609 0.0636965 0.0642952
18 0.4655848 0.6456609 0.0636964 0.0642952
29 0.5929777 0.6456609 0.0636965 0.0642952
22 0.7203706 0.6456609 0.0636964 0.0642952
14 0.4018883 0.7099561 0.0636965 0.0642952
24 0.5292812 0.7099561 0.0636965 0.0642952
23 0.5929777 0.7099561 0.0636965 0.0642952
8 0.7203706 0.7099561 0.0636964 0.0642952
27 0.3381918 0.7742513 0.0636965 0.0642951
9 0.4018883 0.7742513 0.0636965 0.0642951
10 0.4655848 0.7742513 0.0636964 0.0642951
