8 0.4048386 0.8125634 0.0664491 0.0639523
7 0.6706353 0.8125634 0.0664492 0.0639523
32 0.4732422 0.6742050 0.4690529 0.4292184
9 0.4048386 0.4928019 0.0664491 0.0639523
25 0.5377370 0.4928019 0.0664492 0.0639523
23 0.6041861 0.4928019 0.0664492 0.0639523
18 0.2719403 0.5561393 0.0664491 0.0627225
15 0.4048386 0.5561393 0.0664491 0.0627225
31 0.5377370 0.5561393 0.0664492 0.0627225
11 0.6041861 0.5561393 0.0664492 0.0627225
3 0.3383895 0.6207065 0.0664492 0.0639523
16 0.6041861 0.6207065 0.0664492 0.0639523
29 0.6706353 0.6207065 0.0664492 0.0639523
28 0.4048386 0.6846588 0.0664491 0.0639523
20 0.4712878 0.6846588 0.0664492 0.0639523
24 0.6041861 0.6846588 0.0664492 0.0639523
5 0.2719403 0.7486111 0.0664491 0.0639523
30 0.4048386 0.7486111 0.0664491 0.0639523
26 0.5377370 0.7486111 0.0664492 0.0639523
4 0.6041861 0.7486111 0.0664492 0.0639523
14 0.6706353 0.7486111 0.0664492 0.0639523
27 0.2719403 0.8125634 0.0664491 0.0639523
