5 0.5048463 0.8700101 0.0662949 0.0657424
15 0.5711412 0.8700101 0.0662949 0.0657424
32 0.5067962 0.7277789 0.4679642 0.4412328
13 0.3059615 0.5412980 0.0662949 0.0657424
23 0.3722565 0.5412980 0.0662949 0.0657424
24 0.4385514 0.5412980 0.0662949 0.0657424
29 0.6374362 0.5412980 0.0662949 0.0657424
28 0.7037311 0.5412980 0.0662949 0.0657424
25 0.5048463 0.6064083 0.0662949 0.0644781
11 0.6374362 0.6064083 0.0662949 0.0644781
8 0.3722565 0.6727828 0.0662949 0.0657424
4 0.4385514 0.6727828 0.0662949 0.0657424
12 0.5048463 0.6727828 0.0662949 0.0657424
2 0.6374362 0.6727828 0.0662949 0.0657424
3 0.3059615 0.7385252 0.0662949 0.0657424
18 0.3722565 0.7385252 0.0662949 0.0657424
7 0.4385514 0.7385252 0.0662949 0.0657424
26 0.5048463 0.7385252 0.0662949 0.0657424
14 0.6374362 0.7385252 0.0662949 0.0657424
20 0.3059615 0.8042676 0.0662949 0.0657424
30 0.3722565 0.8042676 0.0662949 0.0657424
31 0.5711412 0.8042676 0.0662949 0.0657424
