5 0.6075496 0.8402452 0.0639866 0.0682355
25 0.7355227 0.8402452 0.0639865 0.0682355
32 0.5454449 0.6926204 0.4516699 0.4579650
2 0.5435630 0.4990678 0.0639865 0.0682355
7 0.6715361 0.4990678 0.0639866 0.0682355
8 0.4795764 0.5666472 0.0639866 0.0669233
30 0.5435630 0.5666472 0.0639865 0.0669233
17 0.6715361 0.5666472 0.0639866 0.0669233
19 0.7355227 0.5666472 0.0639865 0.0669233
22 0.3516033 0.6355388 0.0639866 0.0682355
27 0.4155898 0.6355388 0.0639865 0.0682355
31 0.4795764 0.6355388 0.0639866 0.0682355
28 0.6075496 0.6355388 0.0639866 0.0682355
23 0.6715361 0.6355388 0.0639866 0.0682355
11 0.7355227 0.6355388 0.0639865 0.0682355
26 0.4155898 0.7037743 0.0639865 0.0682355
21 0.3516033 0.7720097 0.0639866 0.0682355
20 0.4155898 0.7720097 0.0639865 0.0682355
4 0.6075496 0.7720097 0.0639866 0.0682355
9 0.3516033 0.8402452 0.0639866 0.0682355
29 0.4155898 0.8402452 0.0639865 0.0682355
18 0.5435630 0.8402452 0.0639865 0.0682355
