25 0.3420723 0.8714534 0.0629127 0.0643133
27 0.5308102 0.8714534 0.0629126 0.0643133
32 0.4697479 0.7323142 0.4440894 0.4316408
15 0.3420723 0.5498872 0.0629127 0.0643133
20 0.4049849 0.5498872 0.0629126 0.0643133
14 0.6566356 0.5498872 0.0629127 0.0643133
8 0.3420723 0.6135821 0.0629127 0.0630765
12 0.6566356 0.6135821 0.0629127 0.0630765
30 0.2791596 0.6785136 0.0629127 0.0643133
10 0.4049849 0.6785136 0.0629126 0.0643133
13 0.4678976 0.6785136 0.0629127 0.0643133
5 0.5308102 0.6785136 0.0629126 0.0643133
1 0.5937229 0.6785136 0.0629127 0.0643133
31 0.6566356 0.6785136 0.0629127 0.0643133
28 0.3420723 0.7428270 0.0629127 0.0643133
22 0.4049849 0.7428270 0.0629126 0.0643133
26 0.4678976 0.7428270 0.0629127 0.0643133
29 0.5937229 0.7428270 0.0629127 0.0643133
18 0.2791596 0.8071402 0.0629127 0.0643132
7 0.5308102 0.8071402 0.0629126 0.0643132
6 0.6566356 0.8071402 0.0629127 0.0643132
4 0.2791596 0.8714534 0.0629127 0.0643133
