19 0.5904298 0.8887457 0.0658846 0.0624461
4 0.7221991 0.8887457 0.0658846 0.0624461
32 0.5264829 0.7536460 0.4650681 0.4191092
16 0.3927759 0.5765154 0.0658846 0.0624461
6 0.5904298 0.5765154 0.0658846 0.0624461
29 0.6563144 0.5765154 0.0658846 0.0624461
24 0.7221991 0.5765154 0.0658846 0.0624461
11 0.3927759 0.6383610 0.0658846 0.0612452
2 0.4586605 0.6383610 0.0658846 0.0612452
14 0.5245451 0.6383610 0.0658847 0.0612452
31 0.6563144 0.6383610 0.0658846 0.0612452
23 0.7221991 0.6383610 0.0658846 0.0612452
5 0.3268913 0.7014075 0.0658847 0.0624461
18 0.4586605 0.7014075 0.0658846 0.0624461
15 0.7221991 0.7014075 0.0658846 0.0624461
10 0.5245451 0.7638536 0.0658847 0.0624461
28 0.5904298 0.7638536 0.0658846 0.0624461
27 0.7221991 0.7638536 0.0658846 0.0624461
21 0.3268913 0.8262996 0.0658847 0.0624461
12 0.4586605 0.8262996 0.0658846 0.0624461
1 0.6563144 0.8262996 0.0658846 0.0624461
30 0.4586605 0.8887457 0.0658846 0.0624461
