19 0.4519849 0.8798318 0.0624623 0.0675743
13 0.5144472 0.8798318 0.0624623 0.0675743
32 0.4538220 0.7336373 0.4409106 0.4535277
1 0.3270602 0.5419601 0.0624623 0.0675743
18 0.3895226 0.5419601 0.0624623 0.0675743
16 0.4519849 0.5419601 0.0624623 0.0675743
9 0.5769096 0.5419601 0.0624623 0.0675743
3 0.6393719 0.5419601 0.0624623 0.0675743
8 0.2645979 0.6088847 0.0624623 0.0662748
14 0.6393719 0.6088847 0.0624623 0.0662748
2 0.2645979 0.6771088 0.0624623 0.0675743
27 0.3895226 0.6771088 0.0624623 0.0675743
31 0.5769096 0.6771088 0.0624623 0.0675743
4 0.3270602 0.7446831 0.0624623 0.0675743
28 0.3895226 0.7446831 0.0624623 0.0675743
10 0.4519849 0.7446831 0.0624623 0.0675743
5 0.2645979 0.8122574 0.0624623 0.0675744
30 0.3895226 0.8122574 0.0624623 0.0675744
21 0.5144472 0.8122574 0.0624623 0.0675744
11 0.5769096 0.8122574 0.0624623 0.0675744
6 0.6393719 0.8122574 0.0624623 0.0675744
26 0.3895226 0.8798318 0.0624623 0.0675743
