6 0.6505940 0.8980725 0.0643118 0.0658843
26 0.7149059 0.8980725 0.0643118 0.0658843
32 0.5238619 0.7555344 0.4539660 0.4421853
16 0.3290348 0.5686509 0.0643118 0.0658843
27 0.4576585 0.5686509 0.0643119 0.0658843
13 0.5862822 0.5686509 0.0643119 0.0658843
31 0.6505940 0.5686509 0.0643118 0.0658843
29 0.7149059 0.5686509 0.0643118 0.0658843
24 0.5219703 0.6339017 0.0643118 0.0646173
30 0.7149059 0.6339017 0.0643118 0.0646173
11 0.3290348 0.7004195 0.0643118 0.0658844
23 0.4576585 0.7004195 0.0643119 0.0658844
15 0.5862822 0.7004195 0.0643119 0.0658844
19 0.3290348 0.7663039 0.0643118 0.0658843
17 0.3933466 0.7663039 0.0643118 0.0658843
7 0.6505940 0.7663039 0.0643118 0.0658843
9 0.7149059 0.7663039 0.0643118 0.0658843
12 0.3933466 0.8321883 0.0643118 0.0658843
5 0.5219703 0.8321883 0.0643118 0.0658843
10 0.6505940 0.8321883 0.0643118 0.0658843
4 0.3933466 0.8980725 0.0643118 0.0658843
3 0.5219703 0.8980725 0.0643118 0.0658843
