5 0.6066103 0.8918658 0.0662946 0.0638342
28 0.6729048 0.8918658 0.0662946 0.0638342
32 0.5422655 0.7537630 0.4679619 0.4284254
4 0.3414318 0.5726950 0.0662946 0.0638342
2 0.4077264 0.5726950 0.0662946 0.0638342
22 0.6066103 0.5726950 0.0662946 0.0638342
10 0.6729048 0.5726950 0.0662946 0.0638342
13 0.4077264 0.6359154 0.0662946 0.0626065
29 0.6066103 0.6359154 0.0662946 0.0626065
17 0.6729048 0.6359154 0.0662946 0.0626065
21 0.7391994 0.6359154 0.0662946 0.0626065
9 0.3414318 0.7003633 0.0662946 0.0638342
12 0.4740210 0.7003633 0.0662946 0.0638342
18 0.5403156 0.7003633 0.0662946 0.0638342
7 0.6066103 0.7003633 0.0662946 0.0638342
30 0.7391994 0.7003633 0.0662946 0.0638342
26 0.4077264 0.7641975 0.0662946 0.0638342
11 0.4740210 0.7641975 0.0662946 0.0638342
14 0.4077264 0.8280316 0.0662946 0.0638342
8 0.5403156 0.8280316 0.0662946 0.0638342
27 0.3414318 0.8918658 0.0662946 0.0638342
31 0.5403156 0.8918658 0.0662946 0.0638342
