26 0.5591105 0.8634320 0.0655566 0.0660672
14 0.6902237 0.8634320 0.0655566 0.0660672
32 0.4954820 0.7204982 0.4627525 0.4434124
29 0.3624406 0.5330961 0.0655566 0.0660672
9 0.4935538 0.5330961 0.0655566 0.0660672
28 0.6246671 0.5330961 0.0655566 0.0660672
10 0.2968841 0.5985280 0.0655566 0.0647967
19 0.4279973 0.5985280 0.0655566 0.0647967
3 0.4935538 0.5985280 0.0655566 0.0647967
1 0.6902237 0.5985280 0.0655566 0.0647967
16 0.6902237 0.6652304 0.0655566 0.0660671
20 0.2968841 0.7312976 0.0655566 0.0660672
5 0.3624406 0.7312976 0.0655566 0.0660672
23 0.5591105 0.7312976 0.0655566 0.0660672
24 0.2968841 0.7973648 0.0655566 0.0660672
15 0.3624406 0.7973648 0.0655566 0.0660672
4 0.4279973 0.7973648 0.0655566 0.0660672
13 0.4935538 0.7973648 0.0655566 0.0660672
22 0.6902237 0.7973648 0.0655566 0.0660672
6 0.2968841 0.8634320 0.0655566 0.0660672
11 0.4279973 0.8634320 0.0655566 0.0660672
30 0.4935538 0.8634320 0.0655566 0.0660672
