22 0.4438947 0.8210843 0.0666420 0.0649970
13 0.5105367 0.8210843 0.0666420 0.0649970
32 0.5124968 0.6804659 0.4704140 0.4362298
30 0.3772527 0.4960994 0.0666420 0.0649970
2 0.5105367 0.4960994 0.0666420 0.0649970
29 0.7104627 0.4960994 0.0666420 0.0649970
18 0.3772527 0.5604714 0.0666420 0.0637471
6 0.5105367 0.5604714 0.0666420 0.0637471
27 0.5771787 0.5604714 0.0666420 0.0637471
15 0.7104627 0.5604714 0.0666420 0.0637471
8 0.3106107 0.6260934 0.0666420 0.0649970
9 0.3772527 0.6260934 0.0666420 0.0649970
23 0.4438947 0.6260934 0.0666420 0.0649970
16 0.5105367 0.6260934 0.0666420 0.0649970
25 0.5771787 0.6260934 0.0666420 0.0649970
11 0.6438207 0.6260934 0.0666420 0.0649970
19 0.4438947 0.6910904 0.0666420 0.0649970
21 0.5105367 0.6910904 0.0666420 0.0649970
3 0.6438207 0.6910904 0.0666420 0.0649970
26 0.3106107 0.7560873 0.0666420 0.0649969
28 0.6438207 0.7560873 0.0666420 0.0649969
7 0.3772527 0.8210843 0.0666420 0.0649970
