29 0.5458947 0.8719315 0.0624680 0.0621710
28 0.6708308 0.8719315 0.0624681 0.0621710
32 0.4852640 0.7374268 0.4409510 0.4172633
27 0.4834267 0.5610763 0.0624681 0.0621710
17 0.5458947 0.5610763 0.0624680 0.0621710
2 0.6083628 0.5610763 0.0624681 0.0621710
3 0.3584906 0.6226495 0.0624680 0.0609754
4 0.2960225 0.6854183 0.0624681 0.0621710
10 0.4209586 0.6854183 0.0624681 0.0621710
6 0.6083628 0.6854183 0.0624681 0.0621710
31 0.6708308 0.6854183 0.0624681 0.0621710
16 0.4209586 0.7475894 0.0624681 0.0621711
1 0.5458947 0.7475894 0.0624680 0.0621711
14 0.6083628 0.7475894 0.0624681 0.0621711
25 0.6708308 0.7475894 0.0624681 0.0621711
15 0.2960225 0.8097604 0.0624681 0.0621710
7 0.3584906 0.8097604 0.0624680 0.0621710
30 0.4834267 0.8097604 0.0624681 0.0621710
23 0.5458947 0.8097604 0.0624680 0.0621710
22 0.6708308 0.8097604 0.0624681 0.0621710
5 0.2960225 0.8719315 0.0624681 0.0621710
12 0.3584906 0.8719315 0.0624680 0.0621710
