7 0.5551299 0.7382124 0.0639396 0.0617995
24 0.5551299 0.8000120 0.0639396 0.0617995
32 0.4930708 0.6663111 0.4513387 0.4147698
2 0.3633110 0.4910144 0.0639396 0.0617995
26 0.4272506 0.4910144 0.0639397 0.0617995
15 0.4911903 0.4910144 0.0639396 0.0617995
13 0.4272506 0.5522197 0.0639397 0.0606111
5 0.4911903 0.5522197 0.0639396 0.0606111
28 0.5551299 0.5522197 0.0639396 0.0606111
19 0.6190695 0.5522197 0.0639396 0.0606111
27 0.6830092 0.5522197 0.0639397 0.0606111
3 0.3633110 0.6146135 0.0639396 0.0617995
14 0.4272506 0.6146135 0.0639397 0.0617995
1 0.6830092 0.6146135 0.0639397 0.0617995
9 0.2993713 0.6764130 0.0639396 0.0617995
22 0.4272506 0.6764130 0.0639397 0.0617995
4 0.4911903 0.6764130 0.0639396 0.0617995
18 0.5551299 0.6764130 0.0639396 0.0617995
12 0.6190695 0.6764130 0.0639396 0.0617995
21 0.6830092 0.6764130 0.0639397 0.0617995
17 0.2993713 0.7382124 0.0639396 0.0617995
10 0.4272506 0.7382124 0.0639397 0.0617995
