2 0.4511399 0.9052292 0.0630904 0.0671986
17 0.6404112 0.9052292 0.0630904 0.0671986
32 0.4529955 0.7598477 0.4453441 0.4510055
12 0.3249591 0.5692366 0.0630904 0.0671985
31 0.3880495 0.5692366 0.0630904 0.0671985
18 0.6404112 0.5692366 0.0630904 0.0671985
23 0.5773208 0.6357890 0.0630904 0.0659062
28 0.2618687 0.7036336 0.0630904 0.0671986
1 0.3880495 0.7036336 0.0630904 0.0671986
8 0.4511399 0.7036336 0.0630904 0.0671986
27 0.5142303 0.7036336 0.0630904 0.0671986
7 0.3249591 0.7708321 0.0630904 0.0671985
21 0.4511399 0.7708321 0.0630904 0.0671985
25 0.5142303 0.7708321 0.0630904 0.0671985
29 0.6404112 0.7708321 0.0630904 0.0671985
19 0.2618687 0.8380307 0.0630904 0.0671986
16 0.3880495 0.8380307 0.0630904 0.0671986
11 0.4511399 0.8380307 0.0630904 0.0671986
6 0.5142303 0.8380307 0.0630904 0.0671986
10 0.5773208 0.8380307 0.0630904 0.0671986
9 0.2618687 0.9052292 0.0630904 0.0671986
14 0.3880495 0.9052292 0.0630904 0.0671986
