11 0.3929973 0.8060605 0.0665082 0.0622725
4 0.5925219 0.8060605 0.0665082 0.0622725
32 0.4614616 0.6713364 0.4694695 0.4179440
8 0.2599810 0.4946982 0.0665082 0.0622725
13 0.3264891 0.4946982 0.0665082 0.0622725
5 0.6590300 0.4946982 0.0665081 0.0622725
22 0.3264891 0.5563719 0.0665082 0.0610749
14 0.3929973 0.5563719 0.0665082 0.0610749
20 0.4595055 0.5563719 0.0665082 0.0610749
19 0.2599810 0.6192431 0.0665082 0.0622725
18 0.3929973 0.6192431 0.0665082 0.0622725
1 0.4595055 0.6192431 0.0665082 0.0622725
6 0.5260137 0.6192431 0.0665082 0.0622725
30 0.6590300 0.6192431 0.0665081 0.0622725
28 0.3264891 0.6815156 0.0665082 0.0622725
29 0.3929973 0.6815156 0.0665082 0.0622725
3 0.5925219 0.6815156 0.0665082 0.0622725
7 0.6590300 0.6815156 0.0665081 0.0622725
23 0.3264891 0.7437880 0.0665082 0.0622724
24 0.3929973 0.7437880 0.0665082 0.0622724
9 0.5925219 0.7437880 0.0665082 0.0622724
31 0.2599810 0.8060605 0.0665082 0.0622725
