28 0.4025617 0.9281698 0.0635627 0.0679291
22 0.4661244 0.9281698 0.0635627 0.0679291
32 0.4679939 0.7766268 0.4486780 0.4467464
18 0.3389990 0.5885244 0.0635627 0.0679290
7 0.4025617 0.5885244 0.0635627 0.0679290
25 0.4661244 0.5885244 0.0635627 0.0679290
27 0.5296871 0.5885244 0.0635627 0.0679290
14 0.5932499 0.5885244 0.0635627 0.0679290
5 0.5296871 0.6558003 0.0635627 0.0666228
19 0.5932499 0.6558003 0.0635627 0.0666228
12 0.4661244 0.7243826 0.0635627 0.0679291
2 0.5296871 0.7243826 0.0635627 0.0679291
24 0.2754362 0.7923116 0.0635627 0.0679291
10 0.3389990 0.7923116 0.0635627 0.0679291
9 0.4661244 0.7923116 0.0635627 0.0679291
31 0.5296871 0.7923116 0.0635627 0.0679291
29 0.5932499 0.7923116 0.0635627 0.0679291
3 0.6568126 0.7923116 0.0635627 0.0679291
17 0.2754362 0.8602407 0.0635627 0.0679291
13 0.3389990 0.8602407 0.0635627 0.0679291
8 0.4025617 0.8602407 0.0635627 0.0679291
23 0.6568126 0.8602407 0.0635627 0.0679291
