31 0.3995928 0.8736776 0.0667797 0.0646178
7 0.6667116 0.8736776 0.0667797 0.0646178
32 0.4683366 0.7338795 0.4713861 0.4336849
18 0.2660334 0.5505885 0.0667797 0.0646178
6 0.3995928 0.5505885 0.0667797 0.0646178
30 0.2660334 0.6145850 0.0667797 0.0633752
24 0.3328131 0.6145850 0.0667797 0.0633752
8 0.5999319 0.6145850 0.0667797 0.0633752
9 0.2660334 0.6798242 0.0667797 0.0646178
14 0.3995928 0.6798242 0.0667797 0.0646178
23 0.5331522 0.6798242 0.0667797 0.0646178
4 0.5999319 0.6798242 0.0667797 0.0646178
20 0.6667116 0.6798242 0.0667797 0.0646178
13 0.2660334 0.7444420 0.0667797 0.0646178
11 0.3328131 0.7444420 0.0667797 0.0646178
29 0.3995928 0.7444420 0.0667797 0.0646178
19 0.5331522 0.7444420 0.0667797 0.0646178
2 0.5999319 0.7444420 0.0667797 0.0646178
1 0.2660334 0.8090598 0.0667797 0.0646178
25 0.5331522 0.8090598 0.0667797 0.0646178
27 0.2660334 0.8736776 0.0667797 0.0646178
15 0.3328131 0.8736776 0.0667797 0.0646178
