4 0.5369651 0.8531396 0.0654278 0.0620245
9 0.6678207 0.8531396 0.0654278 0.0620245
32 0.4734616 0.7189520 0.4618432 0.4162799
18 0.2752540 0.5430170 0.0654278 0.0620245
22 0.5369651 0.5430170 0.0654278 0.0620245
28 0.2752540 0.6044452 0.0654278 0.0608318
6 0.4061095 0.6044452 0.0654278 0.0608318
19 0.4715373 0.6044452 0.0654278 0.0608318
7 0.5369651 0.6044452 0.0654278 0.0608318
17 0.6023929 0.6044452 0.0654278 0.0608318
13 0.2752540 0.6670660 0.0654278 0.0620245
23 0.3406818 0.6670660 0.0654278 0.0620245
14 0.4061095 0.6670660 0.0654278 0.0620245
25 0.4715373 0.6670660 0.0654278 0.0620245
1 0.2752540 0.7290906 0.0654278 0.0620245
16 0.3406818 0.7290906 0.0654278 0.0620245
21 0.4715373 0.7290906 0.0654278 0.0620245
31 0.6023929 0.7290906 0.0654278 0.0620245
15 0.3406818 0.7911151 0.0654278 0.0620245
5 0.4715373 0.7911151 0.0654278 0.0620245
27 0.6678207 0.7911151 0.0654278 0.0620245
26 0.2752540 0.8531396 0.0654278 0.0620245
