25 0.5827114 0.8732459 0.0618773 0.0641640
20 0.7064661 0.8732459 0.0618774 0.0641640
32 0.5226540 0.7344296 0.4367811 0.4306389
9 0.3970795 0.5524261 0.0618773 0.0641639
5 0.4589568 0.5524261 0.0618773 0.0641639
31 0.5208341 0.5524261 0.0618773 0.0641639
17 0.7064661 0.5524261 0.0618774 0.0641639
7 0.3970795 0.6159731 0.0618773 0.0629301
1 0.5208341 0.6159731 0.0618773 0.0629301
10 0.6445887 0.6159731 0.0618773 0.0629301
24 0.3352021 0.6807540 0.0618773 0.0641640
11 0.3970795 0.6807540 0.0618773 0.0641640
14 0.5208341 0.6807540 0.0618773 0.0641640
16 0.5208341 0.7449180 0.0618773 0.0641640
15 0.6445887 0.7449180 0.0618773 0.0641640
19 0.7064661 0.7449180 0.0618774 0.0641640
6 0.4589568 0.8090820 0.0618773 0.0641640
23 0.5208341 0.8090820 0.0618773 0.0641640
12 0.5827114 0.8090820 0.0618773 0.0641640
29 0.6445887 0.8090820 0.0618773 0.0641640
22 0.7064661 0.8090820 0.0618774 0.0641640
13 0.3352021 0.8732459 0.0618773 0.0641640
