1 0.3005366 0.8678121 0.0617504 0.0668016
24 0.4857877 0.8678121 0.0617504 0.0668016
32 0.4876039 0.7232894 0.4358850 0.4483415
14 0.3005366 0.5338042 0.0617504 0.0668016
20 0.3622869 0.5338042 0.0617504 0.0668016
31 0.5475381 0.5338042 0.0617504 0.0668016
13 0.3622869 0.5999634 0.0617504 0.0655170
25 0.4240373 0.5999634 0.0617504 0.0655170
22 0.5475381 0.5999634 0.0617504 0.0655170
27 0.6092885 0.5999634 0.0617504 0.0655170
23 0.3005366 0.6674073 0.0617504 0.0668016
9 0.3622869 0.6674073 0.0617504 0.0668016
6 0.4240373 0.6674073 0.0617504 0.0668016
16 0.5475381 0.6674073 0.0617504 0.0668016
5 0.4240373 0.7342089 0.0617504 0.0668016
7 0.4857877 0.7342089 0.0617504 0.0668016
12 0.5475381 0.7342089 0.0617504 0.0668016
26 0.3005366 0.8010105 0.0617504 0.0668016
29 0.3622869 0.8010105 0.0617504 0.0668016
30 0.4240373 0.8010105 0.0617504 0.0668016
8 0.6092885 0.8010105 0.0617504 0.0668016
4 0.6710388 0.8010105 0.0617504 0.0668016
