10 0.3897835 0.8175198 0.0631379 0.0642838
29 0.6423351 0.8175198 0.0631379 0.0642838
32 0.4547784 0.6784443 0.4456793 0.4314435
21 0.2635077 0.4961007 0.0631379 0.0642838
14 0.3266456 0.4961007 0.0631379 0.0642838
26 0.5160593 0.4961007 0.0631379 0.0642838
1 0.5791972 0.4961007 0.0631379 0.0642838
8 0.3266456 0.5597664 0.0631379 0.0630476
11 0.3897835 0.5597664 0.0631379 0.0630476
25 0.5791972 0.5597664 0.0631379 0.0630476
27 0.6423351 0.5597664 0.0631379 0.0630476
7 0.3897835 0.6246684 0.0631379 0.0642839
3 0.4529214 0.6246684 0.0631379 0.0642839
31 0.5160593 0.6246684 0.0631379 0.0642839
19 0.5791972 0.6246684 0.0631379 0.0642839
9 0.3897835 0.6889522 0.0631379 0.0642838
2 0.5160593 0.6889522 0.0631379 0.0642838
20 0.6423351 0.6889522 0.0631379 0.0642838
12 0.3266456 0.7532361 0.0631379 0.0642838
30 0.3897835 0.7532361 0.0631379 0.0642838
4 0.4529214 0.7532361 0.0631379 0.0642838
24 0.5791972 0.7532361 0.0631379 0.0642838
