22 0.4563582 0.8785193 0.0636396 0.0679424
6 0.6472771 0.8785193 0.0636396 0.0679424
32 0.5218696 0.7315284 0.4492210 0.4559985
16 0.3290789 0.5388070 0.0636396 0.0679425
27 0.3927185 0.5388070 0.0636396 0.0679425
3 0.4563582 0.5388070 0.0636396 0.0679425
2 0.6472771 0.5388070 0.0636396 0.0679425
23 0.7109167 0.5388070 0.0636397 0.0679425
21 0.3927185 0.6060962 0.0636396 0.0666359
13 0.5836375 0.6060962 0.0636396 0.0666359
14 0.3927185 0.6746919 0.0636396 0.0679425
18 0.4563582 0.6746919 0.0636396 0.0679425
17 0.7109167 0.6746919 0.0636397 0.0679425
30 0.3290789 0.7426344 0.0636396 0.0679424
29 0.5199978 0.7426344 0.0636396 0.0679424
31 0.6472771 0.7426344 0.0636396 0.0679424
19 0.7109167 0.7426344 0.0636397 0.0679424
5 0.3290789 0.8105769 0.0636396 0.0679425
11 0.5199978 0.8105769 0.0636396 0.0679425
20 0.5836375 0.8105769 0.0636396 0.0679425
9 0.7109167 0.8105769 0.0636397 0.0679425
24 0.3927185 0.8785193 0.0636396 0.0679424
