4 0.5883700 0.8308429 0.0661335 0.0645247
26 0.7206369 0.8308429 0.0661334 0.0645247
32 0.5241816 0.6912462 0.4668245 0.4330600
10 0.3899695 0.5082194 0.0661335 0.0645247
23 0.5222365 0.5082194 0.0661335 0.0645247
6 0.5883700 0.5082194 0.0661335 0.0645247
22 0.7206369 0.5082194 0.0661334 0.0645247
19 0.4561030 0.5721236 0.0661335 0.0632838
11 0.5222365 0.5721236 0.0661335 0.0632838
25 0.7206369 0.5721236 0.0661334 0.0632838
2 0.3899695 0.6372688 0.0661335 0.0645247
21 0.5222365 0.6372688 0.0661335 0.0645247
24 0.5883700 0.6372688 0.0661335 0.0645247
30 0.3238361 0.7017935 0.0661335 0.0645248
18 0.3899695 0.7017935 0.0661335 0.0645248
29 0.4561030 0.7017935 0.0661335 0.0645248
7 0.5883700 0.7017935 0.0661335 0.0645248
3 0.6545035 0.7017935 0.0661335 0.0645248
20 0.4561030 0.7663182 0.0661335 0.0645247
17 0.6545035 0.7663182 0.0661335 0.0645247
14 0.7206369 0.7663182 0.0661334 0.0645247
12 0.3238361 0.8308429 0.0661335 0.0645247
