4 0.4720654 0.8775211 0.0620879 0.0621262
28 0.5962411 0.8775211 0.0620879 0.0621262
32 0.4738915 0.7431132 0.4382674 0.4169629
8 0.4099775 0.5668896 0.0620879 0.0621263
18 0.6583291 0.5668896 0.0620879 0.0621263
3 0.3478896 0.6284185 0.0620879 0.0609315
9 0.4720654 0.6284185 0.0620879 0.0609315
10 0.5341533 0.6284185 0.0620879 0.0609315
20 0.6583291 0.6284185 0.0620879 0.0609315
15 0.2858018 0.6911421 0.0620879 0.0621262
26 0.4099775 0.6911421 0.0620879 0.0621262
19 0.4720654 0.6911421 0.0620879 0.0621262
25 0.5962411 0.6911421 0.0620879 0.0621262
13 0.6583291 0.6911421 0.0620879 0.0621262
22 0.4099775 0.7532684 0.0620879 0.0621263
14 0.5962411 0.7532684 0.0620879 0.0621263
29 0.4099775 0.8153947 0.0620879 0.0621263
27 0.5341533 0.8153947 0.0620879 0.0621263
12 0.5962411 0.8153947 0.0620879 0.0621263
1 0.6583291 0.8153947 0.0620879 0.0621263
21 0.2858018 0.8775211 0.0620879 0.0621262
