13 0.3359151 0.9082008 0.0622806 0.0670438
20 0.6473179 0.9082008 0.0622806 0.0670438
32 0.4623080 0.7631541 0.4396275 0.4499668
27 0.2736345 0.5729820 0.0622806 0.0670438
23 0.3981956 0.5729820 0.0622805 0.0670438
17 0.4604762 0.5729820 0.0622806 0.0670438
4 0.3359151 0.6393811 0.0622806 0.0657544
26 0.3981956 0.6393811 0.0622805 0.0657544
15 0.4604762 0.6393811 0.0622806 0.0657544
31 0.6473179 0.6393811 0.0622806 0.0657544
29 0.2736345 0.7070695 0.0622806 0.0670438
30 0.3359151 0.7070695 0.0622806 0.0670438
6 0.3981956 0.7070695 0.0622805 0.0670438
16 0.6473179 0.7070695 0.0622806 0.0670438
8 0.3359151 0.7741132 0.0622806 0.0670438
7 0.3981956 0.7741132 0.0622805 0.0670438
28 0.5227567 0.7741132 0.0622805 0.0670438
22 0.5850373 0.7741132 0.0622806 0.0670438
1 0.3359151 0.8411570 0.0622806 0.0670438
3 0.4604762 0.8411570 0.0622806 0.0670438
12 0.2736345 0.9082008 0.0622806 0.0670438
