4 0.5379717 0.8471952 0.0645539 0.0640891
25 0.6670795 0.8471952 0.0645539 0.0640891
32 0.5398704 0.7085409 0.4556744 0.4301364
27 0.3443101 0.5267497 0.0645539 0.0640891
12 0.3443101 0.6549280 0.0645539 0.0640891
17 0.4734179 0.6549280 0.0645539 0.0640891
8 0.5379717 0.6549280 0.0645539 0.0640891
11 0.6670795 0.6549280 0.0645539 0.0640891
20 0.7316335 0.6549280 0.0645539 0.0640891
21 0.3443101 0.7190170 0.0645539 0.0640891
29 0.4088640 0.7190170 0.0645539 0.0640891
28 0.4734179 0.7190170 0.0645539 0.0640891
13 0.6025256 0.7190170 0.0645539 0.0640891
15 0.7316335 0.7190170 0.0645539 0.0640891
31 0.3443101 0.7831061 0.0645539 0.0640891
18 0.4734179 0.7831061 0.0645539 0.0640891
10 0.5379717 0.7831061 0.0645539 0.0640891
30 0.6025256 0.7831061 0.0645539 0.0640891
22 0.6670795 0.7831061 0.0645539 0.0640891
5 0.7316335 0.7831061 0.0645539 0.0640891
26 0.4734179 0.8471952 0.0645539 0.0640891
