31 0.4052713 0.8974019 0.0635251 0.0665545
17 0.4687964 0.8974019 0.0635251 0.0665545
32 0.4706648 0.7534137 0.4484126 0.4466834
8 0.4052713 0.5646291 0.0635251 0.0665545
2 0.4687964 0.5646291 0.0635251 0.0665545
23 0.5323215 0.5646291 0.0635251 0.0665545
14 0.5958466 0.5646291 0.0635251 0.0665545
24 0.6593717 0.5646291 0.0635251 0.0665545
1 0.2782211 0.6305437 0.0635251 0.0652747
12 0.3417462 0.6305437 0.0635251 0.0652747
9 0.6593717 0.6305437 0.0635251 0.0652747
20 0.4052713 0.6977382 0.0635251 0.0665545
26 0.2782211 0.7642928 0.0635251 0.0665546
16 0.4052713 0.7642928 0.0635251 0.0665546
10 0.5323215 0.7642928 0.0635251 0.0665546
15 0.5958466 0.7642928 0.0635251 0.0665546
28 0.2782211 0.8308473 0.0635251 0.0665546
3 0.3417462 0.8308473 0.0635251 0.0665546
11 0.5323215 0.8308473 0.0635251 0.0665546
5 0.5958466 0.8308473 0.0635251 0.0665546
7 0.2782211 0.8974019 0.0635251 0.0665545
