21 0.4380753 0.8521547 0.0634754 0.0656902
1 0.6919767 0.8521547 0.0634753 0.0656902
32 0.5034175 0.7100367 0.4480613 0.4408817
24 0.5650260 0.5237042 0.0634753 0.0656901
28 0.3111246 0.5887627 0.0634753 0.0644268
2 0.3745999 0.5887627 0.0634753 0.0644268
5 0.5015506 0.5887627 0.0634753 0.0644268
17 0.5650260 0.5887627 0.0634753 0.0644268
6 0.3745999 0.6550844 0.0634753 0.0656901
12 0.5650260 0.6550844 0.0634753 0.0656901
29 0.6285014 0.6550844 0.0634754 0.0656901
27 0.3745999 0.7207745 0.0634753 0.0656901
9 0.5015506 0.7207745 0.0634753 0.0656901
11 0.5650260 0.7207745 0.0634753 0.0656901
16 0.3745999 0.7864645 0.0634753 0.0656901
20 0.4380753 0.7864645 0.0634754 0.0656901
15 0.5015506 0.7864645 0.0634753 0.0656901
14 0.5650260 0.7864645 0.0634753 0.0656901
13 0.6919767 0.7864645 0.0634753 0.0656901
26 0.3111246 0.8521547 0.0634753 0.0656902
23 0.3745999 0.8521547 0.0634753 0.0656902
