2 0.5832928 0.8685461 0.0612069 0.0666119
23 0.6444997 0.8685461 0.0612069 0.0666119
32 0.4626792 0.7244337 0.4320487 0.4470685
26 0.2772583 0.5354865 0.0612069 0.0666119
13 0.3384652 0.5354865 0.0612069 0.0666119
27 0.3996721 0.6014579 0.0612069 0.0653309
20 0.5220859 0.6014579 0.0612069 0.0653309
19 0.5220859 0.6687103 0.0612069 0.0666119
12 0.5832928 0.6687103 0.0612069 0.0666119
15 0.2772583 0.7353222 0.0612069 0.0666119
16 0.3996721 0.7353222 0.0612069 0.0666119
8 0.4608790 0.7353222 0.0612069 0.0666119
4 0.5220859 0.7353222 0.0612069 0.0666119
31 0.5832928 0.7353222 0.0612069 0.0666119
3 0.6444997 0.7353222 0.0612069 0.0666119
30 0.3384652 0.8019341 0.0612069 0.0666119
24 0.5220859 0.8019341 0.0612069 0.0666119
18 0.5832928 0.8019341 0.0612069 0.0666119
11 0.6444997 0.8019341 0.0612069 0.0666119
28 0.2772583 0.8685461 0.0612069 0.0666119
10 0.4608790 0.8685461 0.0612069 0.0666119
