5 0.5661260 0.8591866 0.0627993 0.0679991
19 0.6917247 0.8591866 0.0627994 0.0679991
32 0.5051737 0.7120732 0.4432895 0.4563786
20 0.4405273 0.5191911 0.0627993 0.0679991
28 0.6289253 0.5191911 0.0627993 0.0679991
4 0.3149286 0.5865364 0.0627994 0.0666914
18 0.5661260 0.5865364 0.0627993 0.0666914
12 0.6917247 0.5865364 0.0627994 0.0666914
26 0.3149286 0.6551893 0.0627994 0.0679991
29 0.3777280 0.6551893 0.0627993 0.0679991
27 0.4405273 0.6551893 0.0627993 0.0679991
14 0.5033266 0.6551893 0.0627993 0.0679991
13 0.5661260 0.6551893 0.0627993 0.0679991
7 0.6289253 0.6551893 0.0627993 0.0679991
15 0.6917247 0.6551893 0.0627994 0.0679991
22 0.5033266 0.7231884 0.0627993 0.0679991
21 0.5661260 0.7231884 0.0627993 0.0679991
6 0.6917247 0.7231884 0.0627994 0.0679991
25 0.5033266 0.7911875 0.0627993 0.0679991
23 0.6289253 0.7911875 0.0627993 0.0679991
8 0.5033266 0.8591866 0.0627993 0.0679991
