7 0.3940800 0.8386234 0.0611902 0.0620856
28 0.5164604 0.8386234 0.0611902 0.0620856
32 0.4570699 0.7043037 0.4319310 0.4166897
19 0.2716995 0.5281956 0.0611902 0.0620856
2 0.3328898 0.5281956 0.0611902 0.0620856
4 0.5164604 0.5281956 0.0611902 0.0620856
6 0.2716995 0.5896842 0.0611902 0.0608916
29 0.3328898 0.5896842 0.0611902 0.0608916
16 0.3940800 0.5896842 0.0611902 0.0608916
14 0.6388409 0.5896842 0.0611902 0.0608916
3 0.2716995 0.6523667 0.0611902 0.0620856
30 0.5164604 0.6523667 0.0611902 0.0620856
20 0.5776507 0.6523667 0.0611902 0.0620856
31 0.6388409 0.6523667 0.0611902 0.0620856
15 0.2716995 0.7144523 0.0611902 0.0620856
26 0.3328898 0.7144523 0.0611902 0.0620856
25 0.3940800 0.7144523 0.0611902 0.0620856
27 0.5164604 0.7144523 0.0611902 0.0620856
8 0.5776507 0.7144523 0.0611902 0.0620856
13 0.2716995 0.7765379 0.0611902 0.0620856
21 0.6388409 0.7765379 0.0611902 0.0620856
