2 0.5944898 0.8396973 0.0656197 0.0625007
1 0.6601096 0.8396973 0.0656197 0.0625007
32 0.4651804 0.7044796 0.4631981 0.4194754
10 0.2663911 0.5271941 0.0656197 0.0625006
27 0.3320109 0.5271941 0.0656197 0.0625006
4 0.4632504 0.5271941 0.0656197 0.0625006
25 0.5288701 0.5271941 0.0656197 0.0625006
8 0.5944898 0.5271941 0.0656197 0.0625006
28 0.6601096 0.5271941 0.0656197 0.0625006
30 0.3320109 0.5890938 0.0656197 0.0612987
18 0.5288701 0.5890938 0.0656197 0.0612987
31 0.3320109 0.6521954 0.0656197 0.0625006
24 0.3976306 0.6521954 0.0656197 0.0625006
14 0.4632504 0.6521954 0.0656197 0.0625006
20 0.3320109 0.7146960 0.0656197 0.0625006
22 0.3976306 0.7146960 0.0656197 0.0625006
15 0.5288701 0.7146960 0.0656197 0.0625006
7 0.5288701 0.7771967 0.0656197 0.0625006
29 0.2663911 0.8396973 0.0656197 0.0625007
12 0.3976306 0.8396973 0.0656197 0.0625007
21 0.4632504 0.8396973 0.0656197 0.0625007
