22 0.5209935 0.8271948 0.0645743 0.0647451
16 0.5855678 0.8271948 0.0645743 0.0647451
32 0.4583185 0.6871213 0.4558185 0.4345394
27 0.3918449 0.5034692 0.0645743 0.0647451
6 0.4564193 0.5034692 0.0645743 0.0647451
29 0.5209935 0.5034692 0.0645743 0.0647451
9 0.4564193 0.5675918 0.0645743 0.0635000
20 0.5209935 0.5675918 0.0645743 0.0635000
18 0.6501421 0.5675918 0.0645743 0.0635000
25 0.3918449 0.6329594 0.0645743 0.0647451
19 0.4564193 0.6329594 0.0645743 0.0647451
8 0.6501421 0.6329594 0.0645743 0.0647451
15 0.3272707 0.6977046 0.0645743 0.0647451
3 0.3918449 0.6977046 0.0645743 0.0647451
5 0.5209935 0.6977046 0.0645743 0.0647451
31 0.5855678 0.6977046 0.0645743 0.0647451
2 0.6501421 0.6977046 0.0645743 0.0647451
30 0.3272707 0.7624496 0.0645743 0.0647451
21 0.5855678 0.7624496 0.0645743 0.0647451
12 0.2626964 0.8271948 0.0645743 0.0647451
7 0.3272707 0.8271948 0.0645743 0.0647451
