4 0.3548724 0.8440520 0.0605938 0.0665379
14 0.6578412 0.8440520 0.0605938 0.0665379
32 0.4778420 0.7000997 0.4277206 0.4465718
2 0.2942786 0.5113623 0.0605938 0.0665379
22 0.4154661 0.5113623 0.0605938 0.0665379
26 0.5972474 0.5113623 0.0605938 0.0665379
11 0.2942786 0.5772604 0.0605938 0.0652584
24 0.4760599 0.5772604 0.0605938 0.0652584
23 0.5366536 0.5772604 0.0605938 0.0652584
13 0.5972474 0.5772604 0.0605938 0.0652584
7 0.4154661 0.6444382 0.0605938 0.0665379
25 0.4760599 0.6444382 0.0605938 0.0665379
15 0.4154661 0.7109761 0.0605938 0.0665379
31 0.5366536 0.7109761 0.0605938 0.0665379
29 0.5972474 0.7109761 0.0605938 0.0665379
6 0.2942786 0.7775140 0.0605938 0.0665379
27 0.4154661 0.7775140 0.0605938 0.0665379
17 0.4760599 0.7775140 0.0605938 0.0665379
19 0.5366536 0.7775140 0.0605938 0.0665379
20 0.5972474 0.7775140 0.0605938 0.0665379
8 0.2942786 0.8440520 0.0605938 0.0665379
