31 0.6383806 0.8213512 0.0622673 0.0627512
9 0.7006479 0.8213512 0.0622673 0.0627512
32 0.5156773 0.6855913 0.4395341 0.4211573
8 0.3893113 0.5075950 0.0622673 0.0627512
11 0.6383806 0.5075950 0.0622673 0.0627512
27 0.3270439 0.5697429 0.0622673 0.0615445
25 0.5138459 0.5697429 0.0622673 0.0615445
10 0.7006479 0.5697429 0.0622673 0.0615445
20 0.3893113 0.6330975 0.0622673 0.0627512
22 0.5138459 0.6330975 0.0622673 0.0627512
14 0.5761132 0.6330975 0.0622673 0.0627512
16 0.7006479 0.6330975 0.0622673 0.0627512
1 0.3270439 0.6958487 0.0622673 0.0627512
13 0.3893113 0.6958487 0.0622673 0.0627512
7 0.3270439 0.7586000 0.0622673 0.0627512
24 0.3893113 0.7586000 0.0622673 0.0627512
2 0.4515786 0.7586000 0.0622673 0.0627512
21 0.5138459 0.7586000 0.0622673 0.0627512
30 0.5761132 0.7586000 0.0622673 0.0627512
6 0.4515786 0.8213512 0.0622673 0.0627512
23 0.5761132 0.8213512 0.0622673 0.0627512
