24 0.6828186 0.7590323 0.0652551 0.0663773
2 0.3565432 0.8254097 0.0652551 0.0663774
32 0.4889726 0.6818049 0.4606241 0.4454941
31 0.2912881 0.4935229 0.0652551 0.0663774
7 0.3565432 0.4935229 0.0652551 0.0663774
23 0.4870534 0.4935229 0.0652551 0.0663774
4 0.5523084 0.4935229 0.0652551 0.0663774
10 0.2912881 0.5592621 0.0652551 0.0651009
6 0.6828186 0.5592621 0.0652551 0.0651009
13 0.2912881 0.6262777 0.0652551 0.0663773
20 0.3565432 0.6262777 0.0652551 0.0663773
21 0.4217983 0.6262777 0.0652551 0.0663773
8 0.5523084 0.6262777 0.0652551 0.0663773
3 0.3565432 0.6926550 0.0652551 0.0663773
15 0.5523084 0.6926550 0.0652551 0.0663773
26 0.6828186 0.6926550 0.0652551 0.0663773
27 0.2912881 0.7590323 0.0652551 0.0663773
16 0.3565432 0.7590323 0.0652551 0.0663773
17 0.4217983 0.7590323 0.0652551 0.0663773
30 0.4870534 0.7590323 0.0652551 0.0663773
5 0.6175635 0.7590323 0.0652551 0.0663773
