14 0.5405577 0.8407622 0.0633454 0.0678783
23 0.6039031 0.8407622 0.0633454 0.0678783
32 0.5424208 0.6939099 0.4471438 0.4555683
16 0.4138670 0.5013702 0.0633454 0.0678784
19 0.4772124 0.5013702 0.0633454 0.0678784
31 0.5405577 0.5013702 0.0633454 0.0678784
3 0.3505216 0.5685960 0.0633454 0.0665730
17 0.4138670 0.5685960 0.0633454 0.0665730
20 0.5405577 0.5685960 0.0633454 0.0665730
9 0.6672485 0.5685960 0.0633453 0.0665730
22 0.3505216 0.6371270 0.0633454 0.0678784
5 0.4772124 0.6371270 0.0633454 0.0678784
18 0.5405577 0.6371270 0.0633454 0.0678784
29 0.6039031 0.6371270 0.0633454 0.0678784
12 0.7305939 0.6371270 0.0633454 0.0678784
27 0.3505216 0.7050053 0.0633454 0.0678783
11 0.4138670 0.7050053 0.0633454 0.0678783
24 0.3505216 0.7728838 0.0633454 0.0678784
15 0.4772124 0.7728838 0.0633454 0.0678784
13 0.7305939 0.7728838 0.0633454 0.0678784
25 0.3505216 0.8407622 0.0633454 0.0678783
