14 0.6340202 0.9047449 0.0643395 0.0648103
26 0.6983597 0.9047449 0.0643394 0.0648103
32 0.5072336 0.7645303 0.4541610 0.4349772
25 0.3766623 0.5806932 0.0643394 0.0648104
19 0.5053413 0.5806932 0.0643395 0.0648104
28 0.5696807 0.5806932 0.0643394 0.0648104
5 0.5053413 0.6448804 0.0643395 0.0635640
29 0.5696807 0.6448804 0.0643394 0.0635640
16 0.6983597 0.6448804 0.0643394 0.0635640
21 0.5053413 0.7103139 0.0643395 0.0648103
30 0.5696807 0.7103139 0.0643394 0.0648103
22 0.3123229 0.7751243 0.0643395 0.0648103
15 0.3766623 0.7751243 0.0643394 0.0648103
2 0.5053413 0.7751243 0.0643395 0.0648103
11 0.6983597 0.7751243 0.0643394 0.0648103
8 0.3123229 0.8399346 0.0643395 0.0648103
4 0.4410018 0.8399346 0.0643395 0.0648103
7 0.5053413 0.8399346 0.0643395 0.0648103
12 0.6340202 0.8399346 0.0643395 0.0648103
17 0.6983597 0.8399346 0.0643394 0.0648103
27 0.3123229 0.9047449 0.0643395 0.0648103
