25 0.5204954 0.9072027 0.0605726 0.0668372
5 0.5810680 0.9072027 0.0605726 0.0668372
32 0.5222769 0.7626031 0.4275714 0.4485801
13 0.3387775 0.5730170 0.0605726 0.0668372
3 0.4599228 0.5730170 0.0605726 0.0668372
1 0.6416406 0.5730170 0.0605726 0.0668372
7 0.3387775 0.6392115 0.0605726 0.0655518
22 0.4599228 0.6392115 0.0605726 0.0655518
27 0.5204954 0.6392115 0.0605726 0.0655518
17 0.7022131 0.6392115 0.0605726 0.0655518
4 0.3387775 0.7066913 0.0605726 0.0668372
21 0.4599228 0.7066913 0.0605726 0.0668372
23 0.5204954 0.7066913 0.0605726 0.0668372
30 0.3387775 0.7735284 0.0605726 0.0668372
18 0.3993501 0.7735284 0.0605726 0.0668372
8 0.4599228 0.7735284 0.0605726 0.0668372
28 0.5810680 0.7735284 0.0605726 0.0668372
16 0.6416406 0.7735284 0.0605726 0.0668372
6 0.7022131 0.7735284 0.0605726 0.0668372
29 0.3387775 0.8403656 0.0605726 0.0668371
15 0.4599228 0.8403656 0.0605726 0.0668371
