29 0.6476507 0.9019754 0.0641548 0.0657966
9 0.7118054 0.9019754 0.0641547 0.0657966
32 0.5212280 0.7596270 0.4528572 0.4415964
13 0.3268768 0.5729924 0.0641548 0.0657966
22 0.3910316 0.5729924 0.0641548 0.0657966
16 0.4551864 0.5729924 0.0641548 0.0657966
26 0.3268768 0.6381564 0.0641548 0.0645313
2 0.3910316 0.6381564 0.0641548 0.0645313
24 0.5193411 0.6381564 0.0641548 0.0645313
1 0.7118054 0.6381564 0.0641547 0.0645313
15 0.4551864 0.7045856 0.0641548 0.0657966
21 0.5193411 0.7045856 0.0641548 0.0657966
14 0.7118054 0.7045856 0.0641547 0.0657966
4 0.3268768 0.7703822 0.0641548 0.0657966
23 0.4551864 0.7703822 0.0641548 0.0657966
8 0.5193411 0.7703822 0.0641548 0.0657966
19 0.7118054 0.7703822 0.0641547 0.0657966
27 0.3268768 0.8361788 0.0641548 0.0657967
28 0.6476507 0.8361788 0.0641548 0.0657967
11 0.7118054 0.8361788 0.0641547 0.0657967
5 0.5193411 0.9019754 0.0641548 0.0657966
