26 0.6081956 0.8220734 0.0639746 0.0634974
3 0.6721702 0.8220734 0.0639746 0.0634974
32 0.5461026 0.6846992 0.4515855 0.4261650
24 0.3522971 0.5045865 0.0639746 0.0634974
31 0.4802464 0.5045865 0.0639746 0.0634974
5 0.6721702 0.5045865 0.0639746 0.0634974
22 0.3522971 0.5674733 0.0639746 0.0622763
17 0.4162717 0.5674733 0.0639746 0.0622763
6 0.4802464 0.5674733 0.0639746 0.0622763
13 0.7361448 0.5674733 0.0639746 0.0622763
16 0.3522971 0.6315812 0.0639746 0.0634974
21 0.4162717 0.6315812 0.0639746 0.0634974
9 0.7361448 0.6315812 0.0639746 0.0634974
4 0.3522971 0.6950786 0.0639746 0.0634973
2 0.4162717 0.6950786 0.0639746 0.0634973
27 0.7361448 0.6950786 0.0639746 0.0634973
23 0.3522971 0.7585759 0.0639746 0.0634974
7 0.5442210 0.7585759 0.0639746 0.0634974
20 0.3522971 0.8220734 0.0639746 0.0634974
11 0.4162717 0.8220734 0.0639746 0.0634974
30 0.4802464 0.8220734 0.0639746 0.0634974
