4 0.5059592 0.8356672 0.0661271 0.0649435
6 0.5720863 0.8356672 0.0661271 0.0649435
32 0.5079042 0.6951643 0.4667793 0.4358709
23 0.5720863 0.5109496 0.0661271 0.0649435
16 0.3075780 0.5752687 0.0661271 0.0636946
11 0.3737051 0.5752687 0.0661271 0.0636946
21 0.6382133 0.5752687 0.0661271 0.0636946
5 0.3075780 0.6408366 0.0661271 0.0649435
12 0.4398322 0.6408366 0.0661271 0.0649435
22 0.5059592 0.6408366 0.0661271 0.0649435
30 0.7043404 0.6408366 0.0661271 0.0649435
25 0.3075780 0.7057802 0.0661271 0.0649435
3 0.3737051 0.7057802 0.0661271 0.0649435
15 0.4398322 0.7057802 0.0661271 0.0649435
20 0.6382133 0.7057802 0.0661271 0.0649435
9 0.7043404 0.7057802 0.0661271 0.0649435
8 0.3075780 0.7707236 0.0661271 0.0649435
2 0.5059592 0.7707236 0.0661271 0.0649435
19 0.6382133 0.7707236 0.0661271 0.0649435
28 0.3737051 0.8356672 0.0661271 0.0649435
29 0.4398322 0.8356672 0.0661271 0.0649435
