10 0.6587077 0.8455708 0.0610606 0.0680359
31 0.5976472 0.9136067 0.0610606 0.0680360
32 0.4773219 0.7664136 0.4310160 0.4566258
16 0.3534048 0.5734270 0.0610606 0.0680359
24 0.4144653 0.5734270 0.0610606 0.0680359
28 0.4755260 0.5734270 0.0610606 0.0680359
3 0.5365865 0.5734270 0.0610606 0.0680359
17 0.5976472 0.5734270 0.0610606 0.0680359
15 0.4144653 0.6408087 0.0610606 0.0667275
14 0.4755260 0.6408087 0.0610606 0.0667275
7 0.5365865 0.6408087 0.0610606 0.0667275
18 0.5976472 0.6408087 0.0610606 0.0667275
6 0.6587077 0.6408087 0.0610606 0.0667275
12 0.3534048 0.7094989 0.0610606 0.0680359
9 0.5365865 0.7094989 0.0610606 0.0680359
20 0.5976472 0.7094989 0.0610606 0.0680359
5 0.6587077 0.7094989 0.0610606 0.0680359
19 0.4144653 0.7775348 0.0610606 0.0680360
13 0.5365865 0.7775348 0.0610606 0.0680360
26 0.2923442 0.8455708 0.0610606 0.0680359
2 0.4144653 0.8455708 0.0610606 0.0680359
