26 0.5152272 0.8533005 0.0662271 0.0664159
10 0.6476814 0.8533005 0.0662271 0.0664159
32 0.4509479 0.7096123 0.4674857 0.4457527
17 0.2503186 0.5212211 0.0662271 0.0664159
22 0.4490000 0.5212211 0.0662271 0.0664159
19 0.5152272 0.5212211 0.0662271 0.0664159
12 0.5814543 0.5212211 0.0662271 0.0664159
25 0.5152272 0.5869984 0.0662271 0.0651386
29 0.5814543 0.5869984 0.0662271 0.0651386
1 0.6476814 0.5869984 0.0662271 0.0651386
7 0.3165458 0.6540529 0.0662271 0.0664159
27 0.4490000 0.6540529 0.0662271 0.0664159
3 0.5152272 0.6540529 0.0662271 0.0664159
11 0.5814543 0.6540529 0.0662271 0.0664159
14 0.2503186 0.7204687 0.0662271 0.0664159
15 0.4490000 0.7204687 0.0662271 0.0664159
20 0.5814543 0.7204687 0.0662271 0.0664159
18 0.3827729 0.7868846 0.0662271 0.0664159
24 0.6476814 0.7868846 0.0662271 0.0664159
31 0.3827729 0.8533005 0.0662271 0.0664159
8 0.4490000 0.8533005 0.0662271 0.0664159
