17 0.6278319 0.9161554 0.0651413 0.0661143
15 0.6929732 0.9161554 0.0651413 0.0661143
32 0.4994652 0.7731197 0.4598209 0.4437283
9 0.3672667 0.5855842 0.0651413 0.0661142
1 0.4975493 0.5855842 0.0651413 0.0661142
24 0.5626906 0.5855842 0.0651413 0.0661142
5 0.4975493 0.6510627 0.0651413 0.0648428
6 0.6278319 0.6510627 0.0651413 0.0648428
20 0.6929732 0.6510627 0.0651413 0.0648428
31 0.3021254 0.7178127 0.0651413 0.0661142
2 0.3672667 0.7178127 0.0651413 0.0661142
10 0.4324080 0.7178127 0.0651413 0.0661142
11 0.4975493 0.7178127 0.0651413 0.0661142
18 0.5626906 0.7178127 0.0651413 0.0661142
23 0.6278319 0.7178127 0.0651413 0.0661142
30 0.6929732 0.7178127 0.0651413 0.0661142
28 0.3021254 0.7839268 0.0651413 0.0661143
12 0.3672667 0.7839268 0.0651413 0.0661143
22 0.5626906 0.7839268 0.0651413 0.0661143
13 0.6278319 0.7839268 0.0651413 0.0661143
8 0.4324080 0.9161554 0.0651413 0.0661143
