3 0.5470613 0.8686565 0.0616815 0.0642223
27 0.6087428 0.8686565 0.0616815 0.0642223
32 0.4871940 0.7297139 0.4353987 0.4310307
31 0.6087428 0.5475448 0.0616815 0.0642224
16 0.6704243 0.5475448 0.0616815 0.0642224
12 0.3003354 0.6111496 0.0616815 0.0629873
8 0.3620169 0.6111496 0.0616815 0.0629873
19 0.4853799 0.6111496 0.0616815 0.0629873
22 0.5470613 0.6111496 0.0616815 0.0629873
17 0.3620169 0.6759894 0.0616815 0.0642223
14 0.4236983 0.6759894 0.0616815 0.0642223
18 0.4853799 0.6759894 0.0616815 0.0642223
24 0.5470613 0.6759894 0.0616815 0.0642223
1 0.3003354 0.7402118 0.0616815 0.0642224
26 0.4236983 0.7402118 0.0616815 0.0642224
2 0.4853799 0.7402118 0.0616815 0.0642224
11 0.3003354 0.8044342 0.0616815 0.0642223
29 0.4236983 0.8044342 0.0616815 0.0642223
4 0.4853799 0.8044342 0.0616815 0.0642223
21 0.6087428 0.8044342 0.0616815 0.0642223
6 0.6704243 0.8044342 0.0616815 0.0642223
