18 0.4553874 0.8074850 0.0667567 0.0628887
26 0.6556576 0.8074850 0.0667567 0.0628887
32 0.4573508 0.6714278 0.4712239 0.4220796
21 0.3218740 0.4930418 0.0667567 0.0628886
20 0.4553874 0.4930418 0.0667567 0.0628886
9 0.5221442 0.4930418 0.0667567 0.0628886
17 0.5889008 0.4930418 0.0667567 0.0628886
8 0.5221442 0.5553257 0.0667567 0.0616793
14 0.5889008 0.5553257 0.0667567 0.0616793
31 0.2551173 0.6188190 0.0667567 0.0628886
23 0.5889008 0.6188190 0.0667567 0.0628886
3 0.6556576 0.6188190 0.0667567 0.0628886
25 0.3218740 0.6817077 0.0667567 0.0628886
19 0.5221442 0.6817077 0.0667567 0.0628886
27 0.5889008 0.6817077 0.0667567 0.0628886
2 0.6556576 0.6817077 0.0667567 0.0628886
30 0.3886307 0.7445963 0.0667567 0.0628886
10 0.4553874 0.7445963 0.0667567 0.0628886
5 0.5221442 0.7445963 0.0667567 0.0628886
24 0.6556576 0.7445963 0.0667567 0.0628886
7 0.3886307 0.8074850 0.0667567 0.0628887
