23 0.5315651 0.9054906 0.0620993 0.0656605
18 0.6557636 0.9054906 0.0620993 0.0656605
32 0.5333916 0.7634367 0.4383478 0.4406825
4 0.3452673 0.5771884 0.0620993 0.0656604
11 0.4073666 0.5771884 0.0620993 0.0656604
17 0.4694659 0.5771884 0.0620993 0.0656604
2 0.5315651 0.5771884 0.0620993 0.0656604
28 0.5936644 0.5771884 0.0620993 0.0656604
22 0.6557636 0.5771884 0.0620993 0.0656604
12 0.3452673 0.6422175 0.0620993 0.0643977
24 0.7178629 0.6422175 0.0620992 0.0643977
30 0.4073666 0.7085092 0.0620993 0.0656605
6 0.4694659 0.7085092 0.0620993 0.0656605
21 0.5936644 0.7085092 0.0620993 0.0656605
5 0.7178629 0.7085092 0.0620992 0.0656605
27 0.3452673 0.7741697 0.0620993 0.0656604
15 0.5936644 0.7741697 0.0620993 0.0656604
19 0.6557636 0.7741697 0.0620993 0.0656604
29 0.5315651 0.8398301 0.0620993 0.0656604
7 0.5936644 0.8398301 0.0620993 0.0656604
13 0.7178629 0.8398301 0.0620992 0.0656604
