30 0.6395549 0.8435959 0.0624087 0.0678667
3 0.7019637 0.8435959 0.0624087 0.0678667
32 0.5165731 0.6967687 0.4405320 0.4554905
21 0.4523288 0.5042620 0.0624087 0.0678667
22 0.5771462 0.5042620 0.0624087 0.0678667
4 0.6395549 0.5042620 0.0624087 0.0678667
29 0.5147375 0.5714762 0.0624087 0.0665617
2 0.7019637 0.5714762 0.0624087 0.0665617
27 0.3275114 0.6399956 0.0624087 0.0678668
7 0.3899201 0.6399956 0.0624087 0.0678668
15 0.4523288 0.6399956 0.0624087 0.0678668
31 0.5147375 0.6399956 0.0624087 0.0678668
17 0.3275114 0.7078624 0.0624087 0.0678667
12 0.5147375 0.7078624 0.0624087 0.0678667
9 0.5771462 0.7078624 0.0624087 0.0678667
6 0.6395549 0.7078624 0.0624087 0.0678667
10 0.3899201 0.7757291 0.0624087 0.0678668
26 0.4523288 0.7757291 0.0624087 0.0678668
1 0.6395549 0.7757291 0.0624087 0.0678668
14 0.3275114 0.8435959 0.0624087 0.0678667
23 0.5771462 0.8435959 0.0624087 0.0678667
