4 0.5270724 0.9145110 0.0664112 0.0677611
5 0.6598949 0.9145110 0.0664112 0.0677611
32 0.4626144 0.7679126 0.4687853 0.4547808
24 0.2614274 0.5757058 0.0664113 0.0677610
31 0.3942499 0.5757058 0.0664112 0.0677610
2 0.5270724 0.5757058 0.0664112 0.0677610
12 0.5934837 0.5757058 0.0664112 0.0677610
27 0.6598949 0.5757058 0.0664112 0.0677610
6 0.3942499 0.6428153 0.0664112 0.0664580
8 0.5270724 0.6428153 0.0664112 0.0664580
25 0.5934837 0.6428153 0.0664112 0.0664580
28 0.3278386 0.7112279 0.0664113 0.0677610
17 0.5270724 0.7112279 0.0664112 0.0677610
30 0.5934837 0.7112279 0.0664112 0.0677610
21 0.3278386 0.7789890 0.0664113 0.0677611
1 0.5270724 0.7789890 0.0664112 0.0677611
10 0.2614274 0.8467500 0.0664113 0.0677610
20 0.3278386 0.8467500 0.0664113 0.0677610
13 0.3942499 0.8467500 0.0664112 0.0677610
18 0.4606612 0.8467500 0.0664112 0.0677610
16 0.3942499 0.9145110 0.0664112 0.0677611
