9 0.2991224 0.8658695 0.0627990 0.0635529
25 0.4247203 0.8658695 0.0627990 0.0635529
32 0.4893663 0.7283754 0.4432868 0.4265376
13 0.2991224 0.5481052 0.0627990 0.0635529
30 0.4247203 0.5481052 0.0627990 0.0635529
5 0.4875193 0.5481052 0.0627990 0.0635529
22 0.5503182 0.5481052 0.0627990 0.0635529
7 0.2991224 0.6110470 0.0627990 0.0623307
6 0.5503182 0.6110470 0.0627990 0.0623307
8 0.6131172 0.6110470 0.0627990 0.0623307
11 0.3619213 0.6752110 0.0627990 0.0635529
20 0.5503182 0.6752110 0.0627990 0.0635529
1 0.6131172 0.6752110 0.0627990 0.0635529
31 0.3619213 0.7387638 0.0627990 0.0635529
17 0.4875193 0.7387638 0.0627990 0.0635529
28 0.6759161 0.7387638 0.0627990 0.0635529
2 0.2991224 0.8023167 0.0627990 0.0635529
3 0.4247203 0.8023167 0.0627990 0.0635529
14 0.5503182 0.8023167 0.0627990 0.0635529
16 0.6131172 0.8023167 0.0627990 0.0635529
15 0.6759161 0.8023167 0.0627990 0.0635529
