25 0.5346857 0.8093279 0.0640814 0.0628383
12 0.6628486 0.8093279 0.0640814 0.0628383
32 0.5365705 0.6733797 0.4523394 0.4217419
31 0.4065229 0.4951363 0.0640814 0.0628383
22 0.5346857 0.4951363 0.0640814 0.0628383
11 0.5987672 0.4951363 0.0640814 0.0628383
1 0.4065229 0.5573704 0.0640814 0.0616299
30 0.4706043 0.5573704 0.0640814 0.0616299
28 0.5987672 0.5573704 0.0640814 0.0616299
19 0.7269300 0.5573704 0.0640814 0.0616299
16 0.3424415 0.6208130 0.0640814 0.0628384
14 0.5346857 0.6208130 0.0640814 0.0628384
5 0.6628486 0.6208130 0.0640814 0.0628384
2 0.7269300 0.6208130 0.0640814 0.0628384
15 0.3424415 0.6836513 0.0640814 0.0628383
20 0.4065229 0.6836513 0.0640814 0.0628383
17 0.3424415 0.7464896 0.0640814 0.0628384
24 0.4706043 0.7464896 0.0640814 0.0628384
13 0.3424415 0.8093279 0.0640814 0.0628383
21 0.4065229 0.8093279 0.0640814 0.0628383
4 0.4706043 0.8093279 0.0640814 0.0628383
