22 0.5869997 0.9223550 0.0653979 0.0669410
2 0.6523976 0.9223550 0.0653979 0.0669410
32 0.5235252 0.7764460 0.4616323 0.4471080
13 0.3254080 0.5876498 0.0653979 0.0669411
15 0.4562039 0.5876498 0.0653979 0.0669411
31 0.5216018 0.5876498 0.0653979 0.0669411
19 0.7177956 0.5876498 0.0653979 0.0669411
28 0.4562039 0.6539472 0.0653979 0.0656537
30 0.5216018 0.6539472 0.0653979 0.0656537
29 0.4562039 0.7215319 0.0653979 0.0669411
23 0.5869997 0.7215319 0.0653979 0.0669411
8 0.7177956 0.7215319 0.0653979 0.0669411
5 0.3908060 0.7884730 0.0653979 0.0669411
1 0.5869997 0.7884730 0.0653979 0.0669411
9 0.3254080 0.8554140 0.0653979 0.0669411
27 0.5216018 0.8554140 0.0653979 0.0669411
12 0.5869997 0.8554140 0.0653979 0.0669411
21 0.6523976 0.8554140 0.0653979 0.0669411
24 0.7177956 0.8554140 0.0653979 0.0669411
25 0.3254080 0.9223550 0.0653979 0.0669410
26 0.4562039 0.9223550 0.0653979 0.0669410
