8 0.4718438 0.8903416 0.0650761 0.0627011
1 0.5369199 0.8903416 0.0650761 0.0627011
32 0.5388339 0.7546902 0.4593609 0.4208207
14 0.4718438 0.5768362 0.0650761 0.0627011
29 0.7321484 0.5768362 0.0650761 0.0627011
11 0.6019961 0.6389344 0.0650761 0.0614953
4 0.7321484 0.6389344 0.0650761 0.0614953
12 0.3416916 0.7022384 0.0650761 0.0627011
16 0.4067677 0.7022384 0.0650761 0.0627011
31 0.6670722 0.7022384 0.0650761 0.0627011
2 0.7321484 0.7022384 0.0650761 0.0627011
25 0.4718438 0.7649395 0.0650761 0.0627011
30 0.5369199 0.7649395 0.0650761 0.0627011
6 0.6019961 0.7649395 0.0650761 0.0627011
21 0.6670722 0.7649395 0.0650761 0.0627011
5 0.7321484 0.7649395 0.0650761 0.0627011
7 0.3416916 0.8276405 0.0650761 0.0627010
3 0.4718438 0.8276405 0.0650761 0.0627010
17 0.6670722 0.8276405 0.0650761 0.0627010
9 0.7321484 0.8276405 0.0650761 0.0627010
28 0.4067677 0.8903416 0.0650761 0.0627011
