21 0.4591536 0.8312022 0.0667732 0.0674753
4 0.5259267 0.8312022 0.0667731 0.0674753
32 0.5278907 0.6852220 0.4713400 0.4528629
2 0.3256073 0.4938258 0.0667731 0.0674752
11 0.4591536 0.4938258 0.0667732 0.0674752
23 0.5926999 0.4938258 0.0667731 0.0674752
6 0.7262462 0.4938258 0.0667731 0.0674752
29 0.3256073 0.5606523 0.0667731 0.0661777
15 0.6594730 0.5606523 0.0667732 0.0661777
26 0.3923804 0.6287764 0.0667731 0.0674753
13 0.6594730 0.6287764 0.0667732 0.0674753
30 0.7262462 0.6287764 0.0667731 0.0674753
16 0.3256073 0.6962517 0.0667731 0.0674753
20 0.3923804 0.6962517 0.0667731 0.0674753
14 0.5259267 0.6962517 0.0667731 0.0674753
17 0.5926999 0.6962517 0.0667731 0.0674753
18 0.6594730 0.6962517 0.0667732 0.0674753
31 0.3256073 0.7637270 0.0667731 0.0674752
10 0.4591536 0.7637270 0.0667732 0.0674752
27 0.5259267 0.7637270 0.0667731 0.0674752
22 0.7262462 0.7637270 0.0667731 0.0674752
