20 0.4529784 0.8710767 0.0657314 0.0648993
22 0.7159041 0.8710767 0.0657314 0.0648993
32 0.5206432 0.7306696 0.4639864 0.4355742
26 0.3872470 0.5465802 0.0657314 0.0648993
30 0.4529784 0.5465802 0.0657314 0.0648993
17 0.5187099 0.5465802 0.0657314 0.0648993
11 0.3215157 0.6108554 0.0657314 0.0636512
10 0.3872470 0.6108554 0.0657314 0.0636512
25 0.4529784 0.6108554 0.0657314 0.0636512
13 0.5187099 0.6108554 0.0657314 0.0636512
2 0.7159041 0.6108554 0.0657314 0.0636512
5 0.4529784 0.6763788 0.0657314 0.0648993
6 0.6501727 0.6763788 0.0657314 0.0648993
15 0.3215157 0.7412781 0.0657314 0.0648993
12 0.3872470 0.7412781 0.0657314 0.0648993
4 0.5844413 0.7412781 0.0657314 0.0648993
31 0.3215157 0.8061774 0.0657314 0.0648994
21 0.5187099 0.8061774 0.0657314 0.0648994
16 0.7159041 0.8061774 0.0657314 0.0648994
28 0.3215157 0.8710767 0.0657314 0.0648993
19 0.3872470 0.8710767 0.0657314 0.0648993
