15 0.2914097 0.9000867 0.0615807 0.0681118
12 0.4761516 0.9000867 0.0615807 0.0681118
32 0.4779628 0.7527295 0.4346869 0.4571348
2 0.2914097 0.5595278 0.0615807 0.0681118
3 0.3529903 0.5595278 0.0615806 0.0681118
22 0.4145710 0.5595278 0.0615807 0.0681118
16 0.5377322 0.5595278 0.0615806 0.0681118
24 0.5993129 0.5595278 0.0615807 0.0681118
6 0.2914097 0.6269846 0.0615807 0.0668019
23 0.3529903 0.6269846 0.0615806 0.0668019
13 0.4761516 0.6269846 0.0615807 0.0668019
18 0.6608936 0.6269846 0.0615807 0.0668019
21 0.4761516 0.6957513 0.0615807 0.0681117
7 0.5377322 0.6957513 0.0615806 0.0681117
10 0.5993129 0.6957513 0.0615807 0.0681117
11 0.2914097 0.7638631 0.0615807 0.0681118
9 0.2914097 0.8319749 0.0615807 0.0681117
26 0.4145710 0.8319749 0.0615807 0.0681117
17 0.4761516 0.8319749 0.0615807 0.0681117
28 0.5993129 0.8319749 0.0615807 0.0681117
8 0.6608936 0.8319749 0.0615807 0.0681117
