9 0.5859209 0.8341702 0.0661989 0.0676657
16 0.6521199 0.8341702 0.0661990 0.0676657
32 0.5216690 0.6877779 0.4672866 0.4541413
24 0.3211252 0.4958414 0.0661989 0.0676657
27 0.5197220 0.4958414 0.0661989 0.0676657
21 0.6521199 0.4958414 0.0661990 0.0676657
30 0.3211252 0.5628565 0.0661989 0.0663645
28 0.4535231 0.5628565 0.0661989 0.0663645
1 0.5197220 0.5628565 0.0661989 0.0663645
7 0.5859209 0.5628565 0.0661989 0.0663645
4 0.6521199 0.5628565 0.0661990 0.0663645
3 0.7183188 0.5628565 0.0661989 0.0663645
13 0.3211252 0.6311729 0.0661989 0.0676657
22 0.5859209 0.6311729 0.0661989 0.0676657
15 0.6521199 0.6311729 0.0661990 0.0676657
8 0.3211252 0.6988387 0.0661989 0.0676657
17 0.3873241 0.6988387 0.0661990 0.0676657
25 0.4535231 0.6988387 0.0661989 0.0676657
23 0.6521199 0.6988387 0.0661990 0.0676657
14 0.5197220 0.7665044 0.0661989 0.0676658
12 0.3873241 0.8341702 0.0661990 0.0676657
