6 0.5400419 0.8195340 0.0630788 0.0619654
11 0.6661995 0.8195340 0.0630788 0.0619654
32 0.4788183 0.6854743 0.4452621 0.4158828
22 0.4138842 0.5097072 0.0630788 0.0619653
4 0.4769630 0.5097072 0.0630788 0.0619653
28 0.5400419 0.5097072 0.0630788 0.0619653
29 0.6661995 0.5097072 0.0630788 0.0619653
5 0.2877266 0.5710767 0.0630788 0.0607737
18 0.3508054 0.5710767 0.0630788 0.0607737
25 0.5400419 0.5710767 0.0630788 0.0607737
31 0.6031207 0.5710767 0.0630788 0.0607737
26 0.6661995 0.5710767 0.0630788 0.0607737
19 0.4138842 0.6336379 0.0630788 0.0619653
14 0.5400419 0.6336379 0.0630788 0.0619653
10 0.6031207 0.6336379 0.0630788 0.0619653
24 0.6661995 0.6336379 0.0630788 0.0619653
30 0.6031207 0.6956033 0.0630788 0.0619653
20 0.3508054 0.7575686 0.0630788 0.0619653
21 0.5400419 0.7575686 0.0630788 0.0619653
15 0.6661995 0.7575686 0.0630788 0.0619653
23 0.2877266 0.8195340 0.0630788 0.0619654
