16 0.5376005 0.8556194 0.0651778 0.0669704
30 0.6027783 0.8556194 0.0651778 0.0669704
32 0.4743396 0.7107317 0.4600789 0.4494739
24 0.4072448 0.5207677 0.0651778 0.0669703
12 0.4724226 0.5207677 0.0651778 0.0669703
25 0.2768891 0.5870941 0.0651778 0.0656824
10 0.3420670 0.5870941 0.0651779 0.0656824
1 0.5376005 0.5870941 0.0651778 0.0656824
9 0.2768891 0.6547084 0.0651778 0.0669703
27 0.3420670 0.6547084 0.0651779 0.0669703
8 0.6027783 0.6547084 0.0651778 0.0669703
6 0.6679562 0.6547084 0.0651778 0.0669703
4 0.2768891 0.7216787 0.0651778 0.0669704
11 0.3420670 0.7216787 0.0651779 0.0669704
17 0.4072448 0.7216787 0.0651778 0.0669704
28 0.6679562 0.7216787 0.0651778 0.0669704
22 0.2768891 0.7886490 0.0651778 0.0669703
20 0.4072448 0.7886490 0.0651778 0.0669703
14 0.4724226 0.7886490 0.0651778 0.0669703
2 0.6027783 0.7886490 0.0651778 0.0669703
23 0.4724226 0.8556194 0.0651778 0.0669704
