1 0.5477719 0.8787953 0.0644197 0.0658561
29 0.7410311 0.8787953 0.0644197 0.0658561
32 0.5496667 0.7363181 0.4547275 0.4419958
23 0.3545127 0.5495147 0.0644197 0.0658561
17 0.5477719 0.5495147 0.0644197 0.0658561
12 0.6121917 0.5495147 0.0644197 0.0658561
24 0.6766114 0.5495147 0.0644197 0.0658561
4 0.7410311 0.5495147 0.0644197 0.0658561
13 0.4189325 0.6147375 0.0644197 0.0645897
9 0.4833522 0.6147375 0.0644197 0.0645897
27 0.5477719 0.6147375 0.0644197 0.0645897
16 0.6766114 0.6147375 0.0644197 0.0645897
31 0.7410311 0.6147375 0.0644197 0.0645897
30 0.4833522 0.6812270 0.0644197 0.0658561
15 0.7410311 0.6812270 0.0644197 0.0658561
19 0.4189325 0.7470830 0.0644197 0.0658561
22 0.6121917 0.7470830 0.0644197 0.0658561
8 0.7410311 0.7470830 0.0644197 0.0658561
21 0.3545127 0.8129391 0.0644197 0.0658562
14 0.7410311 0.8129391 0.0644197 0.0658562
7 0.4833522 0.8787953 0.0644197 0.0658561
