2 0.6055086 0.8815631 0.0645097 0.0622015
5 0.6700183 0.8815631 0.0645097 0.0622015
32 0.4783865 0.7469926 0.4553627 0.4174677
28 0.2829600 0.5705556 0.0645097 0.0622015
13 0.3474697 0.5705556 0.0645097 0.0622015
25 0.4119794 0.5705556 0.0645097 0.0622015
4 0.4764891 0.5705556 0.0645097 0.0622015
1 0.6700183 0.5705556 0.0645097 0.0622015
18 0.2829600 0.6321591 0.0645097 0.0610053
31 0.3474697 0.6321591 0.0645097 0.0610053
9 0.4119794 0.6321591 0.0645097 0.0610053
3 0.5409988 0.6321591 0.0645097 0.0610053
8 0.6055086 0.6321591 0.0645097 0.0610053
15 0.6700183 0.6321591 0.0645097 0.0610053
14 0.4119794 0.6949586 0.0645097 0.0622015
10 0.6700183 0.6949586 0.0645097 0.0622015
12 0.4119794 0.7571601 0.0645097 0.0622015
27 0.5409988 0.7571601 0.0645097 0.0622015
26 0.6055086 0.7571601 0.0645097 0.0622015
7 0.2829600 0.8193616 0.0645097 0.0622015
16 0.6700183 0.8193616 0.0645097 0.0622015
