17 0.6727357 0.8749036 0.0659317 0.0646640
14 0.7386674 0.8749036 0.0659317 0.0646640
32 0.5428113 0.7350054 0.4654005 0.4339950
13 0.3430770 0.5515835 0.0659317 0.0646640
24 0.4090087 0.5515835 0.0659317 0.0646640
30 0.4749404 0.5515835 0.0659317 0.0646640
16 0.5408722 0.5515835 0.0659317 0.0646640
19 0.3430770 0.6156257 0.0659317 0.0634205
23 0.4090087 0.6156257 0.0659317 0.0634205
1 0.4749404 0.6809116 0.0659317 0.0646641
3 0.5408722 0.6809116 0.0659317 0.0646641
8 0.3430770 0.7455756 0.0659317 0.0646640
7 0.5408722 0.7455756 0.0659317 0.0646640
6 0.6068039 0.7455756 0.0659317 0.0646640
15 0.7386674 0.7455756 0.0659317 0.0646640
20 0.3430770 0.8102396 0.0659317 0.0646640
27 0.5408722 0.8102396 0.0659317 0.0646640
18 0.6068039 0.8102396 0.0659317 0.0646640
5 0.6727357 0.8102396 0.0659317 0.0646640
11 0.3430770 0.8749036 0.0659317 0.0646640
2 0.4090087 0.8749036 0.0659317 0.0646640
