15 0.4799801 0.9013230 0.0613259 0.0637477
2 0.6026318 0.9013230 0.0613258 0.0637477
32 0.4817838 0.7634073 0.4328885 0.4278453
28 0.2960025 0.5825844 0.0613259 0.0637477
16 0.3573283 0.5825844 0.0613259 0.0637477
8 0.5413059 0.5825844 0.0613259 0.0637477
27 0.6639577 0.5825844 0.0613259 0.0637477
4 0.2960025 0.6457191 0.0613259 0.0625218
5 0.4799801 0.6457191 0.0613259 0.0625218
1 0.6026318 0.6457191 0.0613258 0.0625218
10 0.2960025 0.7100799 0.0613259 0.0637477
7 0.3573283 0.7100799 0.0613259 0.0637477
24 0.5413059 0.7100799 0.0613259 0.0637477
26 0.3573283 0.7738276 0.0613259 0.0637477
31 0.6026318 0.7738276 0.0613258 0.0637477
22 0.4186542 0.8375753 0.0613258 0.0637477
13 0.4799801 0.8375753 0.0613259 0.0637477
11 0.5413059 0.8375753 0.0613259 0.0637477
17 0.6026318 0.8375753 0.0613258 0.0637477
21 0.6639577 0.8375753 0.0613259 0.0637477
9 0.2960025 0.9013230 0.0613259 0.0637477
