5 0.6714090 0.8559932 0.0653880 0.0620689
16 0.7367969 0.8559932 0.0653880 0.0620689
32 0.5425562 0.7217097 0.4615620 0.4165776
31 0.3444692 0.5456489 0.0653879 0.0620689
26 0.4098571 0.5456489 0.0653880 0.0620689
15 0.4752451 0.5456489 0.0653880 0.0620689
30 0.3444692 0.6071209 0.0653879 0.0608752
23 0.4098571 0.6071209 0.0653880 0.0608752
1 0.4752451 0.6071209 0.0653880 0.0608752
6 0.5406330 0.6071209 0.0653880 0.0608752
12 0.7367969 0.6071209 0.0653880 0.0608752
14 0.4098571 0.6697867 0.0653880 0.0620689
8 0.5406330 0.6697867 0.0653880 0.0620689
18 0.7367969 0.6697867 0.0653880 0.0620689
27 0.4098571 0.7318555 0.0653880 0.0620689
22 0.4752451 0.7318555 0.0653880 0.0620689
28 0.4098571 0.7939244 0.0653880 0.0620689
11 0.4752451 0.7939244 0.0653880 0.0620689
25 0.6060210 0.7939244 0.0653880 0.0620689
2 0.7367969 0.7939244 0.0653880 0.0620689
20 0.3444692 0.8559932 0.0653879 0.0620689
