3 0.5223032 0.8401462 0.0651534 0.0639153
16 0.4571497 0.9040614 0.0651534 0.0639153
32 0.4590660 0.7657831 0.4599063 0.4289702
24 0.2616895 0.5844847 0.0651534 0.0639153
27 0.3268429 0.5844847 0.0651534 0.0639153
26 0.5874565 0.5844847 0.0651534 0.0639153
10 0.6526099 0.5844847 0.0651534 0.0639153
15 0.2616895 0.6477855 0.0651534 0.0626862
25 0.4571497 0.6477855 0.0651534 0.0626862
13 0.5223032 0.6477855 0.0651534 0.0626862
1 0.3268429 0.7123154 0.0651534 0.0639153
11 0.3919963 0.7123154 0.0651534 0.0639153
7 0.4571497 0.7123154 0.0651534 0.0639153
28 0.5223032 0.7123154 0.0651534 0.0639153
2 0.5874565 0.7123154 0.0651534 0.0639153
14 0.3268429 0.7762308 0.0651534 0.0639154
19 0.3919963 0.7762308 0.0651534 0.0639154
9 0.5874565 0.7762308 0.0651534 0.0639154
20 0.6526099 0.7762308 0.0651534 0.0639154
31 0.2616895 0.8401462 0.0651534 0.0639153
22 0.4571497 0.8401462 0.0651534 0.0639153
