22 0.4338567 0.9129961 0.0618798 0.0658797
27 0.6194961 0.9129961 0.0618798 0.0658797
32 0.4975565 0.7704679 0.4367985 0.4421542
11 0.3719769 0.5835976 0.0618798 0.0658797
7 0.4338567 0.5835976 0.0618798 0.0658797
15 0.4957365 0.5835976 0.0618798 0.0658797
17 0.5576163 0.5835976 0.0618798 0.0658797
25 0.6194961 0.5835976 0.0618798 0.0658797
8 0.6813759 0.5835976 0.0618798 0.0658797
16 0.3719769 0.6488438 0.0618798 0.0646128
4 0.4338567 0.6488438 0.0618798 0.0646128
18 0.5576163 0.6488438 0.0618798 0.0646128
1 0.6194961 0.6488438 0.0618798 0.0646128
28 0.3719769 0.7153570 0.0618798 0.0658797
10 0.5576163 0.7153570 0.0618798 0.0658797
26 0.4338567 0.7812367 0.0618798 0.0658797
12 0.4957365 0.7812367 0.0618798 0.0658797
21 0.6813759 0.7812367 0.0618798 0.0658797
6 0.3719769 0.8471164 0.0618798 0.0658797
5 0.3100972 0.9129961 0.0618798 0.0658797
24 0.3719769 0.9129961 0.0618798 0.0658797
