18 0.3969499 0.8855693 0.0653970 0.0676416
24 0.4623469 0.8855693 0.0653969 0.0676416
32 0.5296672 0.7392293 0.4616254 0.4539791
13 0.4623469 0.5473613 0.0653969 0.0676416
2 0.5277438 0.5473613 0.0653969 0.0676416
12 0.3969499 0.6143526 0.0653970 0.0663408
17 0.4623469 0.6143526 0.0653969 0.0663408
3 0.5277438 0.6143526 0.0653969 0.0663408
28 0.7239346 0.6143526 0.0653970 0.0663408
20 0.5277438 0.6826445 0.0653969 0.0676416
29 0.7239346 0.6826445 0.0653970 0.0676416
5 0.3315530 0.7502861 0.0653969 0.0676416
21 0.4623469 0.7502861 0.0653969 0.0676416
8 0.5277438 0.7502861 0.0653969 0.0676416
22 0.6585376 0.7502861 0.0653970 0.0676416
26 0.3969499 0.8179277 0.0653970 0.0676416
31 0.4623469 0.8179277 0.0653969 0.0676416
4 0.5277438 0.8179277 0.0653969 0.0676416
19 0.6585376 0.8179277 0.0653970 0.0676416
6 0.7239346 0.8179277 0.0653970 0.0676416
16 0.3315530 0.8855693 0.0653969 0.0676416
