11 0.7427077 0.7657633 0.0659394 0.0635405
6 0.4130107 0.8293037 0.0659394 0.0635404
32 0.5468289 0.6918365 0.4654546 0.4264540
17 0.4130107 0.5116016 0.0659394 0.0635405
1 0.6108289 0.5116016 0.0659394 0.0635405
23 0.3470713 0.5745311 0.0659394 0.0623185
15 0.4789501 0.5745311 0.0659394 0.0623185
14 0.5448895 0.5745311 0.0659394 0.0623185
8 0.7427077 0.5745311 0.0659394 0.0623185
10 0.4130107 0.6386824 0.0659394 0.0635404
31 0.4789501 0.6386824 0.0659394 0.0635404
30 0.5448895 0.6386824 0.0659394 0.0635404
22 0.6108289 0.6386824 0.0659394 0.0635404
28 0.6767683 0.6386824 0.0659394 0.0635404
27 0.7427077 0.6386824 0.0659394 0.0635404
18 0.3470713 0.7022229 0.0659394 0.0635404
20 0.6108289 0.7022229 0.0659394 0.0635404
13 0.7427077 0.7022229 0.0659394 0.0635404
2 0.5448895 0.7657633 0.0659394 0.0635405
25 0.6108289 0.7657633 0.0659394 0.0635405
19 0.6767683 0.7657633 0.0659394 0.0635405
