9 0.6235747 0.8934602 0.0623711 0.0668103
2 0.6859459 0.8934602 0.0623712 0.0668103
32 0.5006668 0.7489186 0.4402670 0.4484000
11 0.3117189 0.5594086 0.0623712 0.0668103
26 0.4988324 0.5594086 0.0623711 0.0668103
18 0.6859459 0.5594086 0.0623712 0.0668103
30 0.3117189 0.6255765 0.0623712 0.0655255
4 0.5612035 0.6255765 0.0623712 0.0655255
10 0.3117189 0.6930293 0.0623712 0.0668103
16 0.3740901 0.6930293 0.0623711 0.0668103
24 0.4364613 0.6930293 0.0623712 0.0668103
17 0.6235747 0.6930293 0.0623711 0.0668103
31 0.6859459 0.6930293 0.0623712 0.0668103
8 0.3117189 0.7598396 0.0623712 0.0668103
15 0.5612035 0.7598396 0.0623712 0.0668103
27 0.6859459 0.7598396 0.0623712 0.0668103
12 0.5612035 0.8266499 0.0623712 0.0668103
1 0.6235747 0.8266499 0.0623711 0.0668103
29 0.6859459 0.8266499 0.0623712 0.0668103
28 0.4988324 0.8934602 0.0623711 0.0668103
20 0.5612035 0.8934602 0.0623712 0.0668103
