7 0.2600640 0.8232660 0.0654395 0.0656540
9 0.3255035 0.8232660 0.0654395 0.0656540
32 0.4583072 0.6812261 0.4619257 0.4406392
29 0.3255035 0.4949961 0.0654395 0.0656540
17 0.3909430 0.4949961 0.0654395 0.0656540
10 0.4563824 0.4949961 0.0654395 0.0656540
22 0.5218220 0.4949961 0.0654395 0.0656540
19 0.5872614 0.4949961 0.0654395 0.0656540
15 0.6527010 0.4949961 0.0654395 0.0656540
24 0.3255035 0.5600188 0.0654395 0.0643914
30 0.3255035 0.6263041 0.0654395 0.0656540
16 0.4563824 0.6263041 0.0654395 0.0656540
13 0.5218220 0.6263041 0.0654395 0.0656540
23 0.5872614 0.6263041 0.0654395 0.0656540
28 0.6527010 0.6263041 0.0654395 0.0656540
20 0.3909430 0.6919580 0.0654395 0.0656539
27 0.4563824 0.6919580 0.0654395 0.0656539
31 0.5872614 0.6919580 0.0654395 0.0656539
18 0.6527010 0.6919580 0.0654395 0.0656539
14 0.3909430 0.7576120 0.0654395 0.0656540
5 0.4563824 0.7576120 0.0654395 0.0656540
