26 0.3886272 0.8120911 0.0617617 0.0635325
21 0.5739124 0.8120911 0.0617617 0.0635325
32 0.4522055 0.6746410 0.4359653 0.4264009
13 0.2651037 0.4944286 0.0617618 0.0635325
15 0.3268655 0.4944286 0.0617617 0.0635325
25 0.3886272 0.4944286 0.0617617 0.0635325
6 0.6356742 0.4944286 0.0617618 0.0635325
22 0.4503889 0.5573502 0.0617618 0.0623107
2 0.5739124 0.5573502 0.0617617 0.0623107
14 0.2651037 0.6214936 0.0617618 0.0635325
23 0.3886272 0.6214936 0.0617617 0.0635325
1 0.5121507 0.6214936 0.0617617 0.0635325
27 0.2651037 0.6850261 0.0617618 0.0635326
11 0.4503889 0.6850261 0.0617618 0.0635326
8 0.5121507 0.6850261 0.0617617 0.0635326
28 0.3886272 0.7485587 0.0617617 0.0635325
20 0.4503889 0.7485587 0.0617618 0.0635325
30 0.5121507 0.7485587 0.0617617 0.0635325
7 0.6356742 0.7485587 0.0617618 0.0635325
16 0.2651037 0.8120911 0.0617618 0.0635325
