7 0.5681815 0.8510040 0.0653822 0.0622668
16 0.6335637 0.8510040 0.0653822 0.0622668
32 0.5047224 0.7162923 0.4615213 0.4179056
28 0.3066528 0.5396703 0.0653822 0.0622667
2 0.5027994 0.5396703 0.0653822 0.0622667
20 0.5681815 0.5396703 0.0653822 0.0622667
26 0.6989459 0.5396703 0.0653822 0.0622667
5 0.4374172 0.6013383 0.0653822 0.0610693
11 0.6989459 0.6013383 0.0653822 0.0610693
18 0.3066528 0.6642038 0.0653822 0.0622668
10 0.3720350 0.6642038 0.0653822 0.0622668
24 0.4374172 0.6642038 0.0653822 0.0622668
14 0.3066528 0.7264706 0.0653822 0.0622667
22 0.4374172 0.7264706 0.0653822 0.0622667
27 0.5027994 0.7264706 0.0653822 0.0622667
6 0.6989459 0.7264706 0.0653822 0.0622667
23 0.5027994 0.7887373 0.0653822 0.0622668
3 0.5681815 0.7887373 0.0653822 0.0622668
21 0.4374172 0.8510040 0.0653822 0.0622668
17 0.5027994 0.8510040 0.0653822 0.0622668
