27 0.4605377 0.8606126 0.0649434 0.0629416
20 0.5904244 0.8606126 0.0649433 0.0629416
32 0.4624478 0.7244408 0.4584236 0.4224354
28 0.3306510 0.5459044 0.0649433 0.0629417
24 0.4605377 0.5459044 0.0649434 0.0629417
14 0.5254810 0.5459044 0.0649434 0.0629417
6 0.5904244 0.5459044 0.0649433 0.0629417
4 0.3955943 0.6082408 0.0649434 0.0617313
1 0.5254810 0.6082408 0.0649434 0.0617313
25 0.6553677 0.6082408 0.0649434 0.0617313
30 0.3306510 0.6717877 0.0649433 0.0629417
23 0.5254810 0.6717877 0.0649434 0.0629417
18 0.4605377 0.7347293 0.0649434 0.0629417
7 0.6553677 0.7347293 0.0649434 0.0629417
2 0.2657077 0.7976711 0.0649433 0.0629417
26 0.3306510 0.7976711 0.0649433 0.0629417
19 0.3955943 0.7976711 0.0649434 0.0629417
15 0.5904244 0.7976711 0.0649433 0.0629417
17 0.3306510 0.8606126 0.0649433 0.0629416
16 0.3955943 0.8606126 0.0649434 0.0629416
