11 0.4411230 0.8981443 0.0668014 0.0640358
10 0.5079244 0.8981443 0.0668014 0.0640358
32 0.5098892 0.7596053 0.4715394 0.4297786
14 0.3743216 0.5779654 0.0668014 0.0640358
15 0.4411230 0.5779654 0.0668014 0.0640358
31 0.5747258 0.5779654 0.0668014 0.0640358
16 0.4411230 0.6413854 0.0668014 0.0628043
13 0.5079244 0.6413854 0.0668014 0.0628043
19 0.3075202 0.7060369 0.0668014 0.0640358
26 0.4411230 0.7060369 0.0668014 0.0640358
17 0.5079244 0.7060369 0.0668014 0.0640358
20 0.3743216 0.7700727 0.0668014 0.0640358
28 0.4411230 0.7700727 0.0668014 0.0640358
1 0.5079244 0.7700727 0.0668014 0.0640358
2 0.7083287 0.7700727 0.0668014 0.0640358
8 0.3075202 0.8341085 0.0668014 0.0640358
18 0.3743216 0.8341085 0.0668014 0.0640358
27 0.5079244 0.8341085 0.0668014 0.0640358
21 0.7083287 0.8341085 0.0668014 0.0640358
6 0.3075202 0.8981443 0.0668014 0.0640358
