15 0.4873672 0.8507896 0.0665151 0.0619384
22 0.6203973 0.8507896 0.0665150 0.0619384
32 0.4893235 0.7167883 0.4695181 0.4157019
25 0.3543370 0.5410976 0.0665150 0.0619384
6 0.4873672 0.6024405 0.0665151 0.0607473
18 0.5538823 0.6024405 0.0665151 0.0607473
11 0.6203973 0.6024405 0.0665150 0.0607473
8 0.3543370 0.6649744 0.0665150 0.0619384
29 0.4208521 0.6649744 0.0665151 0.0619384
26 0.5538823 0.6649744 0.0665151 0.0619384
12 0.6869124 0.6649744 0.0665151 0.0619384
7 0.3543370 0.7269128 0.0665150 0.0619384
4 0.4208521 0.7269128 0.0665151 0.0619384
21 0.4873672 0.7269128 0.0665151 0.0619384
10 0.2878220 0.7888512 0.0665151 0.0619384
27 0.3543370 0.7888512 0.0665150 0.0619384
16 0.4208521 0.7888512 0.0665151 0.0619384
23 0.4873672 0.7888512 0.0665151 0.0619384
31 0.6203973 0.7888512 0.0665150 0.0619384
30 0.3543370 0.8507896 0.0665150 0.0619384
