26 0.5817282 0.8562131 0.0626928 0.0651717
7 0.7071137 0.8562131 0.0626927 0.0651717
32 0.5208794 0.7152164 0.4425371 0.4374029
2 0.3309572 0.5303542 0.0626928 0.0651718
28 0.3936500 0.5303542 0.0626928 0.0651718
31 0.5817282 0.5303542 0.0626928 0.0651718
25 0.3309572 0.5948993 0.0626928 0.0639185
22 0.4563427 0.5948993 0.0626928 0.0639185
20 0.7071137 0.5948993 0.0626927 0.0639185
15 0.4563427 0.6606977 0.0626928 0.0651718
6 0.5190355 0.6606977 0.0626928 0.0651718
29 0.7071137 0.6606977 0.0626927 0.0651718
3 0.3309572 0.7258694 0.0626928 0.0651717
4 0.4563427 0.7258694 0.0626928 0.0651717
10 0.5817282 0.7258694 0.0626928 0.0651717
19 0.5190355 0.7910413 0.0626928 0.0651718
14 0.6444210 0.7910413 0.0626928 0.0651718
30 0.7071137 0.7910413 0.0626927 0.0651718
17 0.3936500 0.8562131 0.0626928 0.0651717
27 0.4563427 0.8562131 0.0626928 0.0651717
