12 0.4558112 0.8835307 0.0607475 0.0635435
13 0.5773062 0.8835307 0.0607475 0.0635435
32 0.4575980 0.7460567 0.4288058 0.4264750
26 0.2735688 0.5658129 0.0607475 0.0635435
25 0.3950638 0.5658129 0.0607475 0.0635435
7 0.6380537 0.5658129 0.0607475 0.0635435
18 0.3343163 0.6287454 0.0607475 0.0623216
23 0.5165588 0.6287454 0.0607475 0.0623216
21 0.6380537 0.6287454 0.0607475 0.0623216
29 0.2735688 0.6929000 0.0607475 0.0635435
9 0.3343163 0.6929000 0.0607475 0.0635435
8 0.5773062 0.6929000 0.0607475 0.0635435
22 0.2735688 0.7564436 0.0607475 0.0635435
28 0.3950638 0.7564436 0.0607475 0.0635435
1 0.4558112 0.7564436 0.0607475 0.0635435
24 0.5165588 0.7564436 0.0607475 0.0635435
6 0.5773062 0.7564436 0.0607475 0.0635435
2 0.6380537 0.7564436 0.0607475 0.0635435
16 0.6380537 0.8199871 0.0607475 0.0635435
31 0.2735688 0.8835307 0.0607475 0.0635435
