15 0.5442607 0.9002248 0.0661720 0.0626685
27 0.6104327 0.9002248 0.0661721 0.0626685
32 0.4800349 0.7646439 0.4670966 0.4206023
20 0.4780887 0.5868822 0.0661720 0.0626685
12 0.5442607 0.5868822 0.0661720 0.0626685
30 0.3457446 0.6489481 0.0661720 0.0614634
4 0.4780887 0.6489481 0.0661720 0.0614634
3 0.2795726 0.7122192 0.0661720 0.0626685
17 0.4780887 0.7122192 0.0661720 0.0626685
22 0.5442607 0.7122192 0.0661720 0.0626685
19 0.2795726 0.7748877 0.0661720 0.0626685
25 0.4780887 0.7748877 0.0661720 0.0626685
14 0.6104327 0.7748877 0.0661721 0.0626685
24 0.3457446 0.8375563 0.0661720 0.0626685
5 0.4119167 0.8375563 0.0661720 0.0626685
10 0.4780887 0.8375563 0.0661720 0.0626685
31 0.6104327 0.8375563 0.0661721 0.0626685
23 0.6766048 0.8375563 0.0661720 0.0626685
26 0.3457446 0.9002248 0.0661720 0.0626685
21 0.4119167 0.9002248 0.0661720 0.0626685
