31 0.6569646 0.8371138 0.0616710 0.0619624
1 0.7186356 0.8371138 0.0616710 0.0619624
32 0.5354364 0.7030606 0.4353249 0.4158627
16 0.3486095 0.5273020 0.0616710 0.0619624
8 0.6569646 0.5273020 0.0616710 0.0619624
4 0.3486095 0.5886686 0.0616710 0.0607708
10 0.4719515 0.5886686 0.0616710 0.0607708
28 0.5952936 0.5886686 0.0616710 0.0607708
12 0.6569646 0.5886686 0.0616710 0.0607708
25 0.7186356 0.5886686 0.0616710 0.0607708
21 0.3486095 0.6512267 0.0616710 0.0619623
23 0.4102805 0.6512267 0.0616710 0.0619623
24 0.5336226 0.6512267 0.0616710 0.0619623
19 0.6569646 0.6512267 0.0616710 0.0619623
22 0.7186356 0.6512267 0.0616710 0.0619623
20 0.7186356 0.7131891 0.0616710 0.0619624
30 0.4102805 0.7751515 0.0616710 0.0619624
17 0.7186356 0.7751515 0.0616710 0.0619624
18 0.3486095 0.8371138 0.0616710 0.0619624
7 0.4102805 0.8371138 0.0616710 0.0619624
