10 0.3423315 0.8366825 0.0630231 0.0619237
24 0.5944240 0.8366825 0.0630231 0.0619237
32 0.4702314 0.7027129 0.4448692 0.4156034
14 0.3423315 0.5270639 0.0630231 0.0619237
6 0.4053546 0.5270639 0.0630231 0.0619237
3 0.4683777 0.5270639 0.0630231 0.0619237
29 0.5314008 0.5270639 0.0630231 0.0619237
21 0.2793083 0.5883922 0.0630231 0.0607329
26 0.4053546 0.5883922 0.0630231 0.0607329
5 0.5944240 0.5883922 0.0630231 0.0607329
25 0.3423315 0.6509114 0.0630231 0.0619238
8 0.4053546 0.6509114 0.0630231 0.0619238
28 0.4683777 0.6509114 0.0630231 0.0619238
16 0.5314008 0.6509114 0.0630231 0.0619238
19 0.4053546 0.7128351 0.0630231 0.0619237
2 0.6574471 0.7128351 0.0630231 0.0619237
12 0.3423315 0.7747588 0.0630231 0.0619238
20 0.4683777 0.7747588 0.0630231 0.0619238
13 0.5314008 0.7747588 0.0630231 0.0619238
15 0.6574471 0.7747588 0.0630231 0.0619238
