19 0.4950204 0.9014998 0.0662378 0.0627419
5 0.5612582 0.9014998 0.0662378 0.0627419
32 0.4969686 0.7657600 0.4675607 0.4210948
23 0.4287827 0.5877901 0.0662378 0.0627419
26 0.2963071 0.6499288 0.0662378 0.0615354
18 0.6274960 0.6499288 0.0662378 0.0615354
25 0.4287827 0.7132739 0.0662378 0.0627419
14 0.4950204 0.7132739 0.0662378 0.0627419
8 0.6274960 0.7132739 0.0662378 0.0627419
11 0.6937337 0.7132739 0.0662377 0.0627419
17 0.3625449 0.7760159 0.0662378 0.0627419
4 0.4950204 0.7760159 0.0662378 0.0627419
30 0.5612582 0.7760159 0.0662378 0.0627419
2 0.6274960 0.7760159 0.0662378 0.0627419
29 0.6937337 0.7760159 0.0662377 0.0627419
22 0.2963071 0.8387578 0.0662378 0.0627419
7 0.4287827 0.8387578 0.0662378 0.0627419
3 0.6937337 0.8387578 0.0662377 0.0627419
13 0.3625449 0.9014998 0.0662378 0.0627419
9 0.4287827 0.9014998 0.0662378 0.0627419
