18 0.6202575 0.9079695 0.0654181 0.0645637
19 0.6856757 0.9079695 0.0654182 0.0645637
32 0.4913453 0.7682885 0.4617751 0.4333216
5 0.2931667 0.5851511 0.0654181 0.0645637
6 0.2931667 0.6490940 0.0654181 0.0633221
2 0.4894212 0.6490940 0.0654182 0.0633221
15 0.5548393 0.6490940 0.0654181 0.0633221
4 0.6202575 0.6490940 0.0654181 0.0633221
17 0.4240031 0.7142786 0.0654181 0.0645637
24 0.5548393 0.7142786 0.0654181 0.0645637
29 0.2931667 0.7788422 0.0654181 0.0645637
27 0.4894212 0.7788422 0.0654182 0.0645637
8 0.6202575 0.7788422 0.0654181 0.0645637
9 0.6856757 0.7788422 0.0654182 0.0645637
14 0.3585849 0.8434059 0.0654182 0.0645637
12 0.4240031 0.8434059 0.0654181 0.0645637
1 0.5548393 0.8434059 0.0654181 0.0645637
30 0.2931667 0.9079695 0.0654181 0.0645637
22 0.4894212 0.9079695 0.0654182 0.0645637
25 0.5548393 0.9079695 0.0654181 0.0645637
