30 0.6942085 0.8418887 0.0641069 0.0665887
10 0.4377808 0.9084775 0.0641069 0.0665887
32 0.5037732 0.7644153 0.4525194 0.4469130
13 0.5659946 0.5755338 0.0641069 0.0665887
3 0.6301015 0.5755338 0.0641069 0.0665887
19 0.3095670 0.6414822 0.0641069 0.0653082
17 0.4377808 0.6414822 0.0641069 0.0653082
9 0.5018877 0.6414822 0.0641069 0.0653082
18 0.3095670 0.7087112 0.0641069 0.0665887
31 0.3736739 0.7087112 0.0641069 0.0665887
12 0.4377808 0.7087112 0.0641069 0.0665887
11 0.6942085 0.7087112 0.0641069 0.0665887
16 0.3095670 0.7753000 0.0641069 0.0665887
22 0.6301015 0.7753000 0.0641069 0.0665887
28 0.6942085 0.7753000 0.0641069 0.0665887
14 0.3095670 0.8418887 0.0641069 0.0665887
27 0.3736739 0.8418887 0.0641069 0.0665887
26 0.5018877 0.8418887 0.0641069 0.0665887
20 0.5659946 0.8418887 0.0641069 0.0665887
15 0.6301015 0.8418887 0.0641069 0.0665887
