8 0.3310209 0.7820529 0.0634491 0.0660172
11 0.3944700 0.8480701 0.0634491 0.0660173
32 0.4597853 0.7052443 0.4478759 0.4430775
22 0.2675719 0.5179838 0.0634491 0.0660173
12 0.3310209 0.5179838 0.0634491 0.0660173
21 0.5213682 0.5179838 0.0634491 0.0660173
28 0.5848173 0.5179838 0.0634491 0.0660173
1 0.3310209 0.5833663 0.0634491 0.0647477
20 0.4579191 0.5833663 0.0634491 0.0647477
18 0.5213682 0.5833663 0.0634491 0.0647477
30 0.6482664 0.5833663 0.0634491 0.0647477
29 0.2675719 0.6500183 0.0634491 0.0660173
7 0.3310209 0.6500183 0.0634491 0.0660173
31 0.3944700 0.6500183 0.0634491 0.0660173
6 0.2675719 0.7160356 0.0634491 0.0660173
4 0.3310209 0.7160356 0.0634491 0.0660173
25 0.3944700 0.7160356 0.0634491 0.0660173
27 0.4579191 0.7160356 0.0634491 0.0660173
19 0.5848173 0.7160356 0.0634491 0.0660173
17 0.6482664 0.7160356 0.0634491 0.0660173
