7 0.5266990 0.8952583 0.0623369 0.0653085
17 0.6513728 0.8952583 0.0623369 0.0653085
32 0.4661956 0.7539660 0.4400252 0.4383202
26 0.4020252 0.5687160 0.0623369 0.0653085
29 0.5890359 0.5687160 0.0623369 0.0653085
31 0.2773514 0.6333965 0.0623369 0.0640525
12 0.3396883 0.6333965 0.0623369 0.0640525
1 0.4643621 0.6333965 0.0623369 0.0640525
11 0.5266990 0.6333965 0.0623369 0.0640525
14 0.5890359 0.6333965 0.0623369 0.0640525
13 0.6513728 0.6333965 0.0623369 0.0640525
8 0.2773514 0.6993329 0.0623369 0.0653085
20 0.3396883 0.6993329 0.0623369 0.0653085
27 0.5266990 0.6993329 0.0623369 0.0653085
2 0.5890359 0.6993329 0.0623369 0.0653085
3 0.2773514 0.7646414 0.0623369 0.0653085
28 0.5266990 0.7646414 0.0623369 0.0653085
19 0.5266990 0.8299498 0.0623369 0.0653085
23 0.5890359 0.8299498 0.0623369 0.0653085
18 0.4643621 0.8952583 0.0623369 0.0653085
