24 0.6117216 0.8650291 0.0616351 0.0644424
2 0.6733568 0.8650291 0.0616351 0.0644424
32 0.4902642 0.7256107 0.4350715 0.4325071
13 0.3651811 0.5428176 0.0616351 0.0644423
6 0.3035460 0.6066403 0.0616351 0.0632030
25 0.3651811 0.6066403 0.0616351 0.0632030
27 0.4268163 0.6066403 0.0616351 0.0632030
31 0.4884514 0.6066403 0.0616351 0.0632030
23 0.6117216 0.6066403 0.0616351 0.0632030
18 0.6733568 0.6066403 0.0616351 0.0632030
9 0.3651811 0.6717023 0.0616351 0.0644423
19 0.3035460 0.7361446 0.0616351 0.0644423
8 0.3651811 0.7361446 0.0616351 0.0644423
30 0.4268163 0.7361446 0.0616351 0.0644423
12 0.3035460 0.8005869 0.0616351 0.0644423
7 0.4268163 0.8005869 0.0616351 0.0644423
29 0.5500865 0.8005869 0.0616351 0.0644423
14 0.6733568 0.8005869 0.0616351 0.0644423
4 0.3651811 0.8650291 0.0616351 0.0644424
16 0.4884514 0.8650291 0.0616351 0.0644424
