9 0.5390948 0.8925398 0.0658815 0.0656077
31 0.6708578 0.8925398 0.0658815 0.0656077
32 0.5410325 0.7506002 0.4650456 0.4403281
30 0.3414504 0.5645016 0.0658815 0.0656076
8 0.4073319 0.5645016 0.0658815 0.0656076
4 0.4732133 0.5645016 0.0658815 0.0656076
15 0.3414504 0.6294785 0.0658815 0.0643460
29 0.6049763 0.6294785 0.0658815 0.0643460
22 0.6708578 0.6294785 0.0658815 0.0643460
5 0.7367392 0.6294785 0.0658814 0.0643460
3 0.3414504 0.6957169 0.0658815 0.0656076
28 0.4073319 0.6957169 0.0658815 0.0656076
18 0.4732133 0.6957169 0.0658815 0.0656076
1 0.5390948 0.6957169 0.0658815 0.0656076
6 0.3414504 0.7613245 0.0658815 0.0656076
24 0.6708578 0.7613245 0.0658815 0.0656076
27 0.4073319 0.8269321 0.0658815 0.0656076
11 0.6708578 0.8269321 0.0658815 0.0656076
21 0.7367392 0.8269321 0.0658814 0.0656076
25 0.4732133 0.8925398 0.0658815 0.0656077
