19 0.3984007 0.8846082 0.0636036 0.0678857
8 0.6528149 0.8846082 0.0636036 0.0678857
32 0.5274785 0.7377400 0.4489663 0.4556175
24 0.3984007 0.5451796 0.0636036 0.0678857
27 0.5256078 0.5451796 0.0636036 0.0678857
15 0.5892114 0.5451796 0.0636036 0.0678857
3 0.6528149 0.5451796 0.0636036 0.0678857
5 0.3984007 0.6124126 0.0636036 0.0665802
6 0.4620042 0.6124126 0.0636036 0.0665802
12 0.5256078 0.6124126 0.0636036 0.0665802
26 0.5892114 0.6124126 0.0636036 0.0665802
20 0.3984007 0.6809511 0.0636036 0.0678857
2 0.4620042 0.6809511 0.0636036 0.0678857
4 0.5256078 0.6809511 0.0636036 0.0678857
28 0.5892114 0.6809511 0.0636036 0.0678857
1 0.6528149 0.6809511 0.0636036 0.0678857
25 0.7164185 0.6809511 0.0636035 0.0678857
13 0.5256078 0.7488367 0.0636036 0.0678857
30 0.3984007 0.8167224 0.0636036 0.0678857
23 0.4620042 0.8167224 0.0636036 0.0678857
