5 0.5277290 0.8590210 0.0651416 0.0660616
24 0.6580121 0.8590210 0.0651415 0.0660616
32 0.4645034 0.7160991 0.4598227 0.4433755
7 0.2671629 0.5287126 0.0651415 0.0660617
19 0.5277290 0.5287126 0.0651416 0.0660617
25 0.3323044 0.5941391 0.0651415 0.0647913
15 0.3974460 0.5941391 0.0651416 0.0647913
16 0.5277290 0.5941391 0.0651416 0.0647913
9 0.5928706 0.6608360 0.0651415 0.0660617
22 0.2671629 0.7268977 0.0651415 0.0660617
4 0.3323044 0.7268977 0.0651415 0.0660617
17 0.3974460 0.7268977 0.0651416 0.0660617
1 0.5277290 0.7268977 0.0651416 0.0660617
18 0.2671629 0.7929594 0.0651415 0.0660617
2 0.3323044 0.7929594 0.0651415 0.0660617
21 0.4625875 0.7929594 0.0651415 0.0660617
20 0.5928706 0.7929594 0.0651415 0.0660617
23 0.2671629 0.8590210 0.0651415 0.0660616
27 0.3974460 0.8590210 0.0651416 0.0660616
28 0.4625875 0.8590210 0.0651415 0.0660616
