15 0.6057043 0.8968462 0.0666896 0.0624676
25 0.6723940 0.8968462 0.0666897 0.0624676
32 0.4742864 0.7617001 0.4707505 0.4192533
22 0.2722560 0.5845084 0.0666897 0.0624675
27 0.3389456 0.5845084 0.0666897 0.0624675
13 0.4723249 0.5845084 0.0666896 0.0624675
3 0.5390146 0.5845084 0.0666897 0.0624675
23 0.3389456 0.6463754 0.0666897 0.0612663
29 0.6057043 0.6463754 0.0666896 0.0612663
28 0.3389456 0.7094435 0.0666897 0.0624676
18 0.4056353 0.7094435 0.0666896 0.0624676
16 0.4723249 0.7094435 0.0666896 0.0624676
20 0.5390146 0.7094435 0.0666897 0.0624676
10 0.6723940 0.7094435 0.0666897 0.0624676
4 0.6057043 0.7719112 0.0666896 0.0624676
26 0.6723940 0.7719112 0.0666897 0.0624676
1 0.4723249 0.8343787 0.0666896 0.0624675
21 0.6723940 0.8343787 0.0666897 0.0624675
5 0.2722560 0.8968462 0.0666897 0.0624676
24 0.4723249 0.8968462 0.0666896 0.0624676
