22 0.5716479 0.8666002 0.0666880 0.0642769
4 0.7050238 0.8666002 0.0666879 0.0642769
32 0.5069213 0.7275395 0.4707384 0.4313969
27 0.5716479 0.5452157 0.0666880 0.0642769
14 0.6383359 0.5452157 0.0666880 0.0642769
18 0.5049599 0.6088745 0.0666879 0.0630408
28 0.5716479 0.6088745 0.0666880 0.0630408
31 0.6383359 0.6088745 0.0666880 0.0630408
7 0.7050238 0.6088745 0.0666879 0.0630408
1 0.3048961 0.6737695 0.0666880 0.0642769
3 0.3715841 0.6737695 0.0666879 0.0642769
12 0.4382720 0.6737695 0.0666880 0.0642769
2 0.6383359 0.7380464 0.0666880 0.0642770
9 0.3048961 0.8023233 0.0666880 0.0642769
19 0.3715841 0.8023233 0.0666879 0.0642769
11 0.4382720 0.8023233 0.0666880 0.0642769
15 0.5049599 0.8023233 0.0666879 0.0642769
5 0.5716479 0.8023233 0.0666880 0.0642769
10 0.7050238 0.8023233 0.0666879 0.0642769
29 0.3048961 0.8666002 0.0666880 0.0642769
