20 0.5495840 0.8362921 0.0624392 0.0656347
23 0.6744623 0.8362921 0.0624392 0.0656347
32 0.4889812 0.6942940 0.4407473 0.4405098
7 0.3622664 0.5081186 0.0624392 0.0656347
10 0.4871448 0.5081186 0.0624392 0.0656347
17 0.6120232 0.5081186 0.0624392 0.0656347
16 0.6744623 0.5081186 0.0624392 0.0656347
14 0.2998272 0.5731222 0.0624392 0.0643725
30 0.4247056 0.5731222 0.0624392 0.0643725
28 0.5495840 0.5731222 0.0624392 0.0643725
18 0.4247056 0.6393880 0.0624392 0.0656347
1 0.4871448 0.6393880 0.0624392 0.0656347
19 0.5495840 0.6393880 0.0624392 0.0656347
29 0.2998272 0.7050227 0.0624392 0.0656347
11 0.3622664 0.7050227 0.0624392 0.0656347
12 0.4871448 0.7050227 0.0624392 0.0656347
21 0.4871448 0.7706574 0.0624392 0.0656348
3 0.5495840 0.7706574 0.0624392 0.0656348
8 0.6744623 0.7706574 0.0624392 0.0656348
2 0.2998272 0.8362921 0.0624392 0.0656347
