21 0.4633249 0.8399423 0.0609095 0.0666712
3 0.5242345 0.8399423 0.0609095 0.0666712
32 0.4651163 0.6957016 0.4299496 0.4474665
24 0.4024154 0.5065862 0.0609095 0.0666713
11 0.6460535 0.5065862 0.0609095 0.0666713
14 0.2805963 0.5726163 0.0609095 0.0653891
31 0.4024154 0.5726163 0.0609095 0.0653891
4 0.5242345 0.5726163 0.0609095 0.0653891
25 0.5851440 0.5726163 0.0609095 0.0653891
28 0.3415059 0.6399286 0.0609095 0.0666713
27 0.4024154 0.6399286 0.0609095 0.0666713
5 0.4633249 0.6399286 0.0609095 0.0666713
8 0.5242345 0.6399286 0.0609095 0.0666713
15 0.3415059 0.7065999 0.0609095 0.0666712
18 0.4024154 0.7065999 0.0609095 0.0666712
22 0.6460535 0.7065999 0.0609095 0.0666712
13 0.2805963 0.7732710 0.0609095 0.0666712
9 0.3415059 0.7732710 0.0609095 0.0666712
2 0.6460535 0.7732710 0.0609095 0.0666712
20 0.2805963 0.8399423 0.0609095 0.0666712
