10 0.2938055 0.8951889 0.0632864 0.0668214
29 0.5469511 0.8951889 0.0632864 0.0668214
32 0.4855261 0.7506233 0.4467277 0.4484747
28 0.2938055 0.5610817 0.0632864 0.0668214
27 0.2938055 0.6272606 0.0632864 0.0655364
23 0.3570919 0.6272606 0.0632864 0.0655364
13 0.4203783 0.6272606 0.0632864 0.0655364
7 0.6735240 0.6272606 0.0632864 0.0655364
8 0.5469511 0.6947246 0.0632864 0.0668214
20 0.6102376 0.6947246 0.0632864 0.0668214
18 0.6735240 0.6947246 0.0632864 0.0668214
31 0.3570919 0.7615460 0.0632864 0.0668214
24 0.4836647 0.7615460 0.0632864 0.0668214
2 0.5469511 0.7615460 0.0632864 0.0668214
1 0.6102376 0.7615460 0.0632864 0.0668214
3 0.6735240 0.7615460 0.0632864 0.0668214
5 0.2938055 0.8283675 0.0632864 0.0668214
21 0.3570919 0.8283675 0.0632864 0.0668214
26 0.5469511 0.8283675 0.0632864 0.0668214
15 0.6102376 0.8283675 0.0632864 0.0668214
