17 0.6083249 0.8213261 0.0610593 0.0632333
8 0.7304433 0.8213261 0.0610593 0.0632333
32 0.5490615 0.6845233 0.4310065 0.4243927
27 0.3640878 0.5051597 0.0610593 0.0632333
20 0.5472656 0.5051597 0.0610592 0.0632333
26 0.6083249 0.5051597 0.0610593 0.0632333
6 0.4251471 0.5677850 0.0610593 0.0620173
5 0.4862064 0.5677850 0.0610593 0.0620173
10 0.5472656 0.5677850 0.0610592 0.0620173
30 0.6693841 0.5677850 0.0610592 0.0620173
12 0.7304433 0.5677850 0.0610593 0.0620173
24 0.3640878 0.6316262 0.0610593 0.0632333
31 0.5472656 0.6316262 0.0610592 0.0632333
3 0.6693841 0.6316262 0.0610592 0.0632333
21 0.3640878 0.6948595 0.0610593 0.0632333
25 0.5472656 0.6948595 0.0610592 0.0632333
29 0.6693841 0.6948595 0.0610592 0.0632333
7 0.3640878 0.8213261 0.0610593 0.0632333
15 0.4251471 0.8213261 0.0610593 0.0632333
9 0.4862064 0.8213261 0.0610593 0.0632333
