7 0.6733746 0.8769624 0.0664264 0.0662160
4 0.7398009 0.8769624 0.0664264 0.0662160
32 0.5424755 0.7337067 0.4688920 0.4444110
5 0.6069482 0.5458826 0.0664264 0.0662159
2 0.6733746 0.5458826 0.0664264 0.0662159
16 0.3412427 0.6114619 0.0664264 0.0649426
31 0.4076691 0.6114619 0.0664264 0.0649426
13 0.5405219 0.6114619 0.0664264 0.0649426
12 0.6069482 0.6114619 0.0664264 0.0649426
6 0.7398009 0.6114619 0.0664264 0.0649426
23 0.4076691 0.6783145 0.0664264 0.0662159
25 0.4740955 0.6783145 0.0664264 0.0662159
10 0.6733746 0.6783145 0.0664264 0.0662159
19 0.3412427 0.7445305 0.0664264 0.0662160
1 0.4076691 0.7445305 0.0664264 0.0662160
17 0.6069482 0.7445305 0.0664264 0.0662160
28 0.3412427 0.8107465 0.0664264 0.0662160
26 0.5405219 0.8107465 0.0664264 0.0662160
11 0.3412427 0.8769624 0.0664264 0.0662160
3 0.5405219 0.8769624 0.0664264 0.0662160
