10 0.5999777 0.8422638 0.0618629 0.0659459
22 0.6618407 0.8422638 0.0618629 0.0659459
32 0.4780713 0.6995924 0.4366796 0.4425983
14 0.4143889 0.5125344 0.0618629 0.0659459
21 0.4762518 0.5125344 0.0618629 0.0659459
1 0.2906630 0.5778461 0.0618629 0.0646777
24 0.4762518 0.5778461 0.0618629 0.0646777
25 0.2906630 0.6444261 0.0618629 0.0659459
6 0.4143889 0.6444261 0.0618629 0.0659459
9 0.3525259 0.7103720 0.0618629 0.0659459
23 0.4762518 0.7103720 0.0618629 0.0659459
8 0.5381148 0.7103720 0.0618629 0.0659459
16 0.5999777 0.7103720 0.0618629 0.0659459
26 0.2906630 0.7763179 0.0618629 0.0659459
30 0.3525259 0.7763179 0.0618629 0.0659459
12 0.4143889 0.7763179 0.0618629 0.0659459
2 0.4762518 0.7763179 0.0618629 0.0659459
3 0.5999777 0.7763179 0.0618629 0.0659459
13 0.2906630 0.8422638 0.0618629 0.0659459
18 0.4143889 0.8422638 0.0618629 0.0659459
