23 0.5284071 0.8618083 0.0641645 0.0675385
5 0.7209007 0.8618083 0.0641645 0.0675385
32 0.5302943 0.7156915 0.4529262 0.4532869
6 0.3359135 0.5241161 0.0641645 0.0675385
16 0.4000780 0.5241161 0.0641645 0.0675385
26 0.5925716 0.5241161 0.0641645 0.0675385
28 0.3359135 0.5910052 0.0641645 0.0662396
9 0.6567361 0.5910052 0.0641645 0.0662396
20 0.7209007 0.5910052 0.0641645 0.0662396
2 0.4000780 0.6591930 0.0641645 0.0675385
22 0.4642426 0.6591930 0.0641645 0.0675385
1 0.5925716 0.6591930 0.0641645 0.0675385
10 0.4000780 0.7267314 0.0641645 0.0675384
7 0.4642426 0.7267314 0.0641645 0.0675384
27 0.5284071 0.7267314 0.0641645 0.0675384
14 0.5925716 0.7267314 0.0641645 0.0675384
4 0.4642426 0.7942699 0.0641645 0.0675385
24 0.5925716 0.7942699 0.0641645 0.0675385
18 0.3359135 0.8618083 0.0641645 0.0675385
25 0.4000780 0.8618083 0.0641645 0.0675385
