10 0.5128183 0.9111885 0.0668767 0.0646722
7 0.6465717 0.9111885 0.0668767 0.0646722
32 0.5147853 0.7712728 0.4720708 0.4340496
5 0.5796950 0.5878278 0.0668767 0.0646722
14 0.5128183 0.6518781 0.0668767 0.0634285
15 0.5796950 0.6518781 0.0668767 0.0634285
23 0.4459416 0.7171721 0.0668767 0.0646722
1 0.5796950 0.7171721 0.0668767 0.0646722
3 0.6465717 0.7171721 0.0668767 0.0646722
8 0.7134484 0.7171721 0.0668767 0.0646722
29 0.3790649 0.7818442 0.0668767 0.0646722
13 0.5128183 0.7818442 0.0668767 0.0646722
28 0.6465717 0.7818442 0.0668767 0.0646722
22 0.3121882 0.8465164 0.0668767 0.0646722
18 0.3790649 0.8465164 0.0668767 0.0646722
30 0.4459416 0.8465164 0.0668767 0.0646722
20 0.5128183 0.8465164 0.0668767 0.0646722
2 0.6465717 0.8465164 0.0668767 0.0646722
31 0.3790649 0.9111885 0.0668767 0.0646722
25 0.4459416 0.9111885 0.0668767 0.0646722
