17 0.3895635 0.8596596 0.0661607 0.0652560
19 0.6542062 0.8596596 0.0661607 0.0652560
32 0.5238308 0.7184808 0.4670165 0.4379679
14 0.3895635 0.5333797 0.0661607 0.0652560
11 0.5880456 0.5333797 0.0661607 0.0652560
13 0.6542062 0.5333797 0.0661607 0.0652560
3 0.7203670 0.5333797 0.0661607 0.0652560
16 0.3234029 0.5980082 0.0661607 0.0640010
7 0.5218849 0.5980082 0.0661607 0.0640010
20 0.7203670 0.5980082 0.0661607 0.0640010
8 0.3234029 0.6638916 0.0661607 0.0652560
22 0.3895635 0.6638916 0.0661607 0.0652560
23 0.4557242 0.6638916 0.0661607 0.0652560
12 0.5880456 0.6638916 0.0661607 0.0652560
5 0.7203670 0.6638916 0.0661607 0.0652560
24 0.3895635 0.7291476 0.0661607 0.0652560
18 0.6542062 0.7291476 0.0661607 0.0652560
2 0.5218849 0.7944035 0.0661607 0.0652560
4 0.5880456 0.7944035 0.0661607 0.0652560
29 0.6542062 0.7944035 0.0661607 0.0652560
