13 0.3825697 0.8346384 0.0641674 0.0629099
20 0.4467371 0.8346384 0.0641674 0.0629099
32 0.5127917 0.6985352 0.4529462 0.4222224
10 0.3825697 0.5200887 0.0641674 0.0629099
26 0.5109045 0.5200887 0.0641674 0.0629099
22 0.6392392 0.5200887 0.0641674 0.0629099
21 0.3184023 0.5823938 0.0641674 0.0617001
15 0.4467371 0.5823938 0.0641674 0.0617001
1 0.3825697 0.6459086 0.0641674 0.0629100
6 0.4467371 0.6459086 0.0641674 0.0629100
7 0.6392392 0.6459086 0.0641674 0.0629100
29 0.7034066 0.6459086 0.0641673 0.0629100
25 0.3184023 0.7088185 0.0641674 0.0629099
12 0.3825697 0.7088185 0.0641674 0.0629099
4 0.5750719 0.7088185 0.0641674 0.0629099
18 0.6392392 0.7088185 0.0641674 0.0629099
11 0.3184023 0.7717285 0.0641674 0.0629099
9 0.4467371 0.7717285 0.0641674 0.0629099
31 0.5750719 0.7717285 0.0641674 0.0629099
30 0.6392392 0.7717285 0.0641674 0.0629099
