28 0.4672233 0.8540685 0.0606949 0.0632306
4 0.5886131 0.8540685 0.0606949 0.0632306
32 0.4690085 0.7172715 0.4284346 0.4243747
1 0.2851386 0.5379154 0.0606949 0.0632306
19 0.3458335 0.5379154 0.0606949 0.0632306
6 0.4065284 0.5379154 0.0606949 0.0632306
26 0.2851386 0.6005380 0.0606949 0.0620146
2 0.3458335 0.6005380 0.0606949 0.0620146
7 0.4065284 0.6005380 0.0606949 0.0620146
11 0.4672233 0.6005380 0.0606949 0.0620146
5 0.5279182 0.6005380 0.0606949 0.0620146
22 0.2851386 0.6643767 0.0606949 0.0632307
14 0.3458335 0.6643767 0.0606949 0.0632307
21 0.4672233 0.6643767 0.0606949 0.0632307
25 0.6493080 0.6643767 0.0606949 0.0632307
27 0.3458335 0.7908379 0.0606949 0.0632307
13 0.5279182 0.7908379 0.0606949 0.0632307
9 0.5886131 0.7908379 0.0606949 0.0632307
30 0.6493080 0.7908379 0.0606949 0.0632307
20 0.4065284 0.8540685 0.0606949 0.0632306
