25 0.4500548 0.8380365 0.0631928 0.0645924
10 0.5132476 0.8380365 0.0631928 0.0645924
32 0.4519134 0.6982933 0.4460668 0.4335145
22 0.3868620 0.5150745 0.0631928 0.0645924
23 0.5132476 0.5150745 0.0631928 0.0645924
14 0.5764404 0.5150745 0.0631928 0.0645924
4 0.6396332 0.5150745 0.0631928 0.0645924
11 0.2604764 0.5790458 0.0631928 0.0633503
8 0.3236692 0.5790458 0.0631928 0.0633503
6 0.3868620 0.5790458 0.0631928 0.0633503
18 0.6396332 0.5790458 0.0631928 0.0633503
31 0.3236692 0.6442593 0.0631928 0.0645924
21 0.3868620 0.6442593 0.0631928 0.0645924
20 0.5764404 0.6442593 0.0631928 0.0645924
17 0.6396332 0.6442593 0.0631928 0.0645924
27 0.3868620 0.7088517 0.0631928 0.0645924
26 0.5132476 0.7088517 0.0631928 0.0645924
7 0.6396332 0.7088517 0.0631928 0.0645924
29 0.5132476 0.7734441 0.0631928 0.0645924
19 0.3236692 0.8380365 0.0631928 0.0645924
