17 0.4722270 0.8201426 0.0635687 0.0641093
8 0.5993644 0.8201426 0.0635687 0.0641093
32 0.4740967 0.6814445 0.4487203 0.4302724
24 0.4086583 0.4995958 0.0635687 0.0641093
23 0.6629331 0.4995958 0.0635687 0.0641093
19 0.2815209 0.5630888 0.0635687 0.0628765
30 0.3450896 0.5630888 0.0635687 0.0628765
28 0.4086583 0.5630888 0.0635687 0.0628765
25 0.4722270 0.5630888 0.0635687 0.0628765
10 0.3450896 0.6278146 0.0635687 0.0641094
12 0.4722270 0.6278146 0.0635687 0.0641094
2 0.5993644 0.6278146 0.0635687 0.0641094
20 0.3450896 0.6919239 0.0635687 0.0641093
5 0.4086583 0.6919239 0.0635687 0.0641093
9 0.5357957 0.6919239 0.0635687 0.0641093
15 0.2815209 0.7560332 0.0635687 0.0641093
21 0.4086583 0.7560332 0.0635687 0.0641093
13 0.4722270 0.7560332 0.0635687 0.0641093
3 0.2815209 0.8201426 0.0635687 0.0641093
22 0.3450896 0.8201426 0.0635687 0.0641093
