3 0.5226859 0.8401711 0.0648564 0.0638752
27 0.6523987 0.8401711 0.0648563 0.0638752
32 0.5245934 0.7019795 0.4578097 0.4287008
13 0.4578295 0.5207951 0.0648564 0.0638752
5 0.7172550 0.5207951 0.0648564 0.0638752
8 0.3929732 0.5840561 0.0648564 0.0626468
2 0.6523987 0.5840561 0.0648563 0.0626468
26 0.3281168 0.6485455 0.0648564 0.0638752
1 0.4578295 0.6485455 0.0648564 0.0638752
14 0.4578295 0.7124207 0.0648564 0.0638752
20 0.6523987 0.7124207 0.0648563 0.0638752
28 0.3281168 0.7762959 0.0648564 0.0638752
10 0.3929732 0.7762959 0.0648564 0.0638752
22 0.5226859 0.7762959 0.0648564 0.0638752
30 0.5875423 0.7762959 0.0648564 0.0638752
6 0.6523987 0.7762959 0.0648563 0.0638752
18 0.7172550 0.7762959 0.0648564 0.0638752
24 0.3281168 0.8401711 0.0648564 0.0638752
19 0.3929732 0.8401711 0.0648564 0.0638752
15 0.4578295 0.8401711 0.0648564 0.0638752
