11 0.4484732 0.9077944 0.0627268 0.0641043
1 0.6366535 0.9077944 0.0627268 0.0641043
32 0.5130449 0.7691072 0.4427771 0.4302387
29 0.4484732 0.5872727 0.0627268 0.0641043
8 0.6366535 0.5872727 0.0627268 0.0641043
19 0.6993803 0.5872727 0.0627267 0.0641043
6 0.4484732 0.6507607 0.0627268 0.0628716
20 0.5112000 0.6507607 0.0627267 0.0628716
28 0.5739267 0.6507607 0.0627267 0.0628716
18 0.6366535 0.6507607 0.0627268 0.0628716
17 0.3857465 0.7154814 0.0627267 0.0641043
31 0.4484732 0.7154814 0.0627268 0.0641043
16 0.5112000 0.7154814 0.0627267 0.0641043
30 0.6366535 0.7154814 0.0627268 0.0641043
24 0.3230197 0.7795857 0.0627268 0.0641044
22 0.4484732 0.7795857 0.0627268 0.0641044
15 0.4484732 0.8436901 0.0627268 0.0641043
4 0.5739267 0.8436901 0.0627267 0.0641043
21 0.6366535 0.8436901 0.0627268 0.0641043
10 0.3230197 0.9077944 0.0627268 0.0641043
