16 0.5857459 0.8244485 0.0644506 0.0620727
19 0.6501965 0.8244485 0.0644506 0.0620727
32 0.4587403 0.6901567 0.4549454 0.4166032
10 0.3923941 0.5140851 0.0644506 0.0620727
3 0.4568447 0.5140851 0.0644506 0.0620727
26 0.5857459 0.5140851 0.0644506 0.0620727
2 0.2634929 0.5755610 0.0644506 0.0608790
12 0.3279435 0.5755610 0.0644506 0.0608790
23 0.5212953 0.5755610 0.0644506 0.0608790
13 0.5857459 0.5755610 0.0644506 0.0608790
17 0.6501965 0.5755610 0.0644506 0.0608790
28 0.5857459 0.6382305 0.0644506 0.0620727
7 0.4568447 0.7003032 0.0644506 0.0620727
18 0.5857459 0.7003032 0.0644506 0.0620727
4 0.2634929 0.7623759 0.0644506 0.0620727
6 0.3279435 0.7623759 0.0644506 0.0620727
15 0.6501965 0.7623759 0.0644506 0.0620727
21 0.3279435 0.8244485 0.0644506 0.0620727
1 0.3923941 0.8244485 0.0644506 0.0620727
29 0.4568447 0.8244485 0.0644506 0.0620727
