19 0.4364081 0.8568843 0.0625759 0.0626055
20 0.6241359 0.8568843 0.0625760 0.0626055
32 0.5008245 0.7214397 0.4417126 0.4201796
5 0.3112562 0.5438566 0.0625760 0.0626056
10 0.5615600 0.5438566 0.0625760 0.0626056
9 0.6241359 0.5438566 0.0625760 0.0626056
28 0.6867119 0.5438566 0.0625759 0.0626056
17 0.4989840 0.6058602 0.0625760 0.0614016
1 0.3112562 0.6690677 0.0625760 0.0626056
26 0.3738322 0.6690677 0.0625760 0.0626056
4 0.4364081 0.6690677 0.0625759 0.0626056
14 0.5615600 0.6690677 0.0625760 0.0626056
15 0.6867119 0.6690677 0.0625759 0.0626056
2 0.3112562 0.7316733 0.0625760 0.0626055
8 0.5615600 0.7316733 0.0625760 0.0626055
7 0.6867119 0.7316733 0.0625759 0.0626055
30 0.3738322 0.7942788 0.0625760 0.0626056
13 0.4989840 0.7942788 0.0625760 0.0626056
6 0.6867119 0.7942788 0.0625759 0.0626056
29 0.3112562 0.8568843 0.0625760 0.0626055
