31 0.6360815 0.8584793 0.0664202 0.0628297
21 0.7025018 0.8584793 0.0664203 0.0628297
32 0.5051946 0.7225497 0.4688489 0.4216838
6 0.3039803 0.5443310 0.0664202 0.0628297
17 0.5032410 0.5443310 0.0664202 0.0628297
26 0.6360815 0.5443310 0.0664202 0.0628297
27 0.7025018 0.5443310 0.0664203 0.0628297
2 0.3704005 0.6065565 0.0664203 0.0616214
30 0.5032410 0.6065565 0.0664202 0.0616214
25 0.6360815 0.6065565 0.0664202 0.0616214
11 0.3704005 0.6699903 0.0664203 0.0628297
9 0.4368208 0.6699903 0.0664202 0.0628297
7 0.5032410 0.6699903 0.0664202 0.0628297
8 0.5032410 0.7328200 0.0664202 0.0628297
29 0.7025018 0.7328200 0.0664203 0.0628297
24 0.3039803 0.7956497 0.0664202 0.0628297
5 0.3704005 0.7956497 0.0664203 0.0628297
13 0.6360815 0.7956497 0.0664202 0.0628297
22 0.7025018 0.7956497 0.0664203 0.0628297
1 0.4368208 0.8584793 0.0664202 0.0628297
