7 0.2581164 0.8705450 0.0649637 0.0653032
28 0.6478989 0.8705450 0.0649638 0.0653032
32 0.4549183 0.7292640 0.4585676 0.4382849
16 0.2581164 0.5440290 0.0649637 0.0653032
14 0.3880439 0.5440290 0.0649638 0.0653032
2 0.4530076 0.5440290 0.0649637 0.0653032
21 0.5179713 0.5440290 0.0649638 0.0653032
10 0.5829351 0.5440290 0.0649637 0.0653032
27 0.2581164 0.6087043 0.0649637 0.0640474
17 0.4530076 0.6087043 0.0649637 0.0640474
29 0.5179713 0.6087043 0.0649638 0.0640474
3 0.5829351 0.6087043 0.0649637 0.0640474
31 0.3880439 0.6746354 0.0649638 0.0653032
1 0.4530076 0.6746354 0.0649637 0.0653032
5 0.5179713 0.6746354 0.0649638 0.0653032
4 0.6478989 0.6746354 0.0649638 0.0653032
24 0.5829351 0.7399386 0.0649637 0.0653032
18 0.6478989 0.7399386 0.0649638 0.0653032
12 0.5829351 0.8052418 0.0649637 0.0653032
22 0.6478989 0.8052418 0.0649638 0.0653032
