24 0.3977316 0.8325404 0.0627999 0.0624169
17 0.5233313 0.8325404 0.0627999 0.0624169
32 0.5251783 0.6975038 0.4432932 0.4189135
11 0.3349316 0.5204559 0.0627999 0.0624169
16 0.5233313 0.5204559 0.0627999 0.0624169
2 0.5861311 0.5204559 0.0627999 0.0624169
4 0.3349316 0.5822726 0.0627999 0.0612166
28 0.5233313 0.5822726 0.0627999 0.0612166
20 0.3349316 0.6452897 0.0627999 0.0624169
12 0.3977316 0.6452897 0.0627999 0.0624169
22 0.6489310 0.6452897 0.0627999 0.0624169
8 0.7117309 0.6452897 0.0627998 0.0624169
19 0.3349316 0.7077066 0.0627999 0.0624169
5 0.3977316 0.7077066 0.0627999 0.0624169
7 0.5861311 0.7077066 0.0627999 0.0624169
18 0.3977316 0.7701234 0.0627999 0.0624169
3 0.5233313 0.7701234 0.0627999 0.0624169
1 0.6489310 0.7701234 0.0627999 0.0624169
9 0.7117309 0.7701234 0.0627998 0.0624169
23 0.3349316 0.8325404 0.0627999 0.0624169
