24 0.5691271 0.8995322 0.0653280 0.0638853
11 0.6344551 0.8995322 0.0653279 0.0638853
32 0.5057206 0.7613187 0.4611387 0.4287685
19 0.3078152 0.5801057 0.0653280 0.0638853
31 0.3731432 0.5801057 0.0653280 0.0638853
26 0.4384711 0.5801057 0.0653279 0.0638853
15 0.5037991 0.5801057 0.0653280 0.0638853
29 0.6997830 0.5801057 0.0653280 0.0638853
23 0.3731432 0.6433767 0.0653280 0.0626567
2 0.4384711 0.6433767 0.0653279 0.0626567
18 0.5037991 0.6433767 0.0653280 0.0626567
21 0.5691271 0.6433767 0.0653280 0.0626567
17 0.6344551 0.6433767 0.0653279 0.0626567
8 0.3078152 0.7717616 0.0653280 0.0638853
12 0.3731432 0.7717616 0.0653280 0.0638853
5 0.6997830 0.7717616 0.0653280 0.0638853
4 0.3078152 0.8356468 0.0653280 0.0638853
13 0.4384711 0.8356468 0.0653279 0.0638853
27 0.5691271 0.8356468 0.0653280 0.0638853
28 0.6997830 0.8356468 0.0653280 0.0638853
