24 0.5389165 0.8432336 0.0668645 0.0641246
30 0.6726454 0.8432336 0.0668644 0.0641246
32 0.4740187 0.7045024 0.4719844 0.4303751
3 0.4051876 0.5226103 0.0668644 0.0641246
19 0.6057810 0.5226103 0.0668644 0.0641246
23 0.3383232 0.5861184 0.0668645 0.0628915
31 0.4051876 0.5861184 0.0668644 0.0628915
28 0.4051876 0.6508597 0.0668644 0.0641246
13 0.4720521 0.6508597 0.0668645 0.0641246
4 0.5389165 0.6508597 0.0668645 0.0641246
21 0.6057810 0.6508597 0.0668644 0.0641246
7 0.3383232 0.7149843 0.0668645 0.0641247
14 0.4720521 0.7149843 0.0668645 0.0641247
10 0.5389165 0.7149843 0.0668645 0.0641247
26 0.6057810 0.7791090 0.0668644 0.0641247
22 0.6726454 0.7791090 0.0668644 0.0641247
15 0.3383232 0.8432336 0.0668645 0.0641246
12 0.4051876 0.8432336 0.0668644 0.0641246
25 0.4720521 0.8432336 0.0668645 0.0641246
