14 0.6393255 0.8859703 0.0613262 0.0624902
5 0.7006517 0.8859703 0.0613262 0.0624902
32 0.5184768 0.7507751 0.4328910 0.4194055
27 0.3326944 0.5735192 0.0613262 0.0624902
11 0.3940206 0.5735192 0.0613262 0.0624902
25 0.6393255 0.5735192 0.0613262 0.0624902
15 0.6393255 0.6354086 0.0613262 0.0612885
26 0.4553468 0.6984996 0.0613262 0.0624902
30 0.5779993 0.6984996 0.0613263 0.0624902
2 0.7006517 0.6984996 0.0613262 0.0624902
6 0.3326944 0.7609898 0.0613262 0.0624902
13 0.4553468 0.7609898 0.0613262 0.0624902
20 0.5166730 0.7609898 0.0613262 0.0624902
18 0.6393255 0.7609898 0.0613262 0.0624902
7 0.4553468 0.8234801 0.0613262 0.0624902
19 0.5166730 0.8234801 0.0613262 0.0624902
31 0.5779993 0.8234801 0.0613263 0.0624902
3 0.7006517 0.8234801 0.0613262 0.0624902
29 0.4553468 0.8859703 0.0613262 0.0624902
