18 0.5878958 0.9247552 0.0620546 0.0677951
22 0.7120050 0.9247552 0.0620546 0.0677951
32 0.5276663 0.7752892 0.4380325 0.4494217
19 0.4017319 0.5857797 0.0620546 0.0677951
17 0.5878958 0.5857797 0.0620546 0.0677951
15 0.6499504 0.5857797 0.0620546 0.0677951
6 0.7120050 0.5857797 0.0620546 0.0677951
1 0.5878958 0.6529229 0.0620546 0.0664914
16 0.6499504 0.6529229 0.0620546 0.0664914
24 0.3396774 0.7213699 0.0620546 0.0677951
30 0.4637866 0.7213699 0.0620546 0.0677951
31 0.5878958 0.7213699 0.0620546 0.0677951
28 0.6499504 0.7213699 0.0620546 0.0677951
7 0.4017319 0.7891650 0.0620546 0.0677951
5 0.5878958 0.7891650 0.0620546 0.0677951
27 0.4017319 0.8569601 0.0620546 0.0677951
26 0.5878958 0.8569601 0.0620546 0.0677951
14 0.3396774 0.9247552 0.0620546 0.0677951
21 0.5258412 0.9247552 0.0620546 0.0677951
