21 0.4520948 0.8534394 0.0613567 0.0681276
19 0.5134515 0.8534394 0.0613567 0.0681276
32 0.4538994 0.7060480 0.4331060 0.4572411
3 0.3293814 0.5128013 0.0613567 0.0681276
18 0.5748082 0.5128013 0.0613567 0.0681276
12 0.2680247 0.5802739 0.0613567 0.0668175
5 0.5748082 0.5802739 0.0613567 0.0668175
22 0.6361649 0.5802739 0.0613567 0.0668175
27 0.3293814 0.6490565 0.0613567 0.0681276
11 0.4520948 0.6490565 0.0613567 0.0681276
8 0.5748082 0.6490565 0.0613567 0.0681276
30 0.4520948 0.7171841 0.0613567 0.0681276
9 0.6361649 0.7171841 0.0613567 0.0681276
25 0.2680247 0.7853117 0.0613567 0.0681277
13 0.4520948 0.7853117 0.0613567 0.0681277
15 0.5134515 0.7853117 0.0613567 0.0681277
23 0.5748082 0.7853117 0.0613567 0.0681277
28 0.6361649 0.7853117 0.0613567 0.0681277
20 0.3293814 0.8534394 0.0613567 0.0681276
