11 0.4241297 0.8602235 0.0639128 0.0637331
31 0.4880426 0.8602235 0.0639128 0.0637331
32 0.4899224 0.7223393 0.4511495 0.4277472
22 0.6797812 0.5415579 0.0639129 0.0637331
5 0.3602169 0.6046782 0.0639128 0.0625075
2 0.4241297 0.6046782 0.0639128 0.0625075
24 0.4880426 0.6046782 0.0639128 0.0625075
27 0.5519554 0.6046782 0.0639128 0.0625075
29 0.2963040 0.6690242 0.0639128 0.0637331
4 0.4241297 0.6690242 0.0639128 0.0637331
12 0.6797812 0.6690242 0.0639129 0.0637331
30 0.2963040 0.7327573 0.0639128 0.0637331
25 0.4241297 0.7327573 0.0639128 0.0637331
3 0.4880426 0.7327573 0.0639128 0.0637331
9 0.6797812 0.7327573 0.0639129 0.0637331
28 0.2963040 0.7964903 0.0639128 0.0637331
8 0.4241297 0.7964903 0.0639128 0.0637331
26 0.5519554 0.7964903 0.0639128 0.0637331
14 0.6797812 0.7964903 0.0639129 0.0637331
