6 0.6389013 0.8685272 0.0634195 0.0621200
30 0.7023208 0.8685272 0.0634195 0.0621200
32 0.5139275 0.7341331 0.4476671 0.4169205
12 0.3218038 0.5579274 0.0634195 0.0621200
19 0.3852233 0.5579274 0.0634195 0.0621200
15 0.5120623 0.5579274 0.0634195 0.0621200
16 0.5754818 0.5579274 0.0634195 0.0621200
18 0.6389013 0.5579274 0.0634195 0.0621200
27 0.3218038 0.6194501 0.0634195 0.0609254
4 0.3852233 0.6194501 0.0634195 0.0609254
25 0.5754818 0.6194501 0.0634195 0.0609254
8 0.6389013 0.6194501 0.0634195 0.0609254
21 0.7023208 0.6194501 0.0634195 0.0609254
28 0.3218038 0.6821674 0.0634195 0.0621200
26 0.5120623 0.7442873 0.0634195 0.0621199
10 0.5754818 0.8064073 0.0634195 0.0621200
3 0.4486428 0.8685272 0.0634195 0.0621200
7 0.5120623 0.8685272 0.0634195 0.0621200
29 0.5754818 0.8685272 0.0634195 0.0621200
