7 0.5063608 0.8234807 0.0652769 0.0643329
28 0.6369147 0.8234807 0.0652769 0.0643329
32 0.5082807 0.6842991 0.4607784 0.4317723
3 0.4410838 0.5018165 0.0652769 0.0643328
16 0.5063608 0.5018165 0.0652769 0.0643328
2 0.5716377 0.5018165 0.0652769 0.0643328
17 0.6369147 0.5018165 0.0652769 0.0643328
11 0.4410838 0.5655307 0.0652769 0.0630957
27 0.6369147 0.5655307 0.0652769 0.0630957
1 0.7021916 0.5655307 0.0652769 0.0630957
23 0.4410838 0.6304822 0.0652769 0.0643329
26 0.7021916 0.6304822 0.0652769 0.0643329
18 0.5063608 0.6948151 0.0652769 0.0643328
6 0.6369147 0.6948151 0.0652769 0.0643328
9 0.3105299 0.7591478 0.0652769 0.0643328
14 0.3758069 0.7591478 0.0652769 0.0643328
19 0.5716377 0.7591478 0.0652769 0.0643328
5 0.7021916 0.7591478 0.0652769 0.0643328
12 0.3758069 0.8234807 0.0652769 0.0643329
