8 0.5912167 0.9122363 0.0660340 0.0654462
26 0.7232847 0.9122363 0.0660339 0.0654462
32 0.5271250 0.7706458 0.4661220 0.4392453
27 0.3270810 0.6498219 0.0660339 0.0641877
3 0.3931149 0.6498219 0.0660340 0.0641877
13 0.3931149 0.7158975 0.0660340 0.0654462
10 0.7232847 0.7158975 0.0660339 0.0654462
25 0.3931149 0.7813438 0.0660340 0.0654463
9 0.4591489 0.7813438 0.0660339 0.0654463
17 0.5912167 0.7813438 0.0660340 0.0654463
6 0.6572507 0.7813438 0.0660340 0.0654463
1 0.3270810 0.8467901 0.0660339 0.0654463
22 0.3931149 0.8467901 0.0660340 0.0654463
5 0.5251828 0.8467901 0.0660339 0.0654463
4 0.5912167 0.8467901 0.0660340 0.0654463
12 0.6572507 0.8467901 0.0660340 0.0654463
23 0.7232847 0.8467901 0.0660339 0.0654463
14 0.3931149 0.9122363 0.0660340 0.0654462
21 0.5251828 0.9122363 0.0660339 0.0654462
