10 0.4687232 0.9076546 0.0646049 0.0638132
15 0.5979331 0.9076546 0.0646049 0.0638132
32 0.4706234 0.7695971 0.4560347 0.4282851
17 0.3395134 0.5885884 0.0646049 0.0638132
9 0.4041183 0.5885884 0.0646049 0.0638132
18 0.4687232 0.5885884 0.0646049 0.0638132
1 0.4041183 0.6517880 0.0646049 0.0625861
13 0.4687232 0.6517880 0.0646049 0.0625861
6 0.5979331 0.6517880 0.0646049 0.0625861
5 0.2749085 0.7162149 0.0646049 0.0638132
8 0.3395134 0.7162149 0.0646049 0.0638132
7 0.5333282 0.7162149 0.0646049 0.0638132
25 0.6625380 0.7162149 0.0646049 0.0638132
12 0.2749085 0.7800281 0.0646049 0.0638132
2 0.4687232 0.7800281 0.0646049 0.0638132
20 0.5333282 0.7800281 0.0646049 0.0638132
3 0.4687232 0.8438414 0.0646049 0.0638132
31 0.5979331 0.8438414 0.0646049 0.0638132
16 0.2749085 0.9076546 0.0646049 0.0638132
