6 0.3881017 0.8448686 0.0621036 0.0643132
8 0.4502052 0.8448686 0.0621035 0.0643132
32 0.5141354 0.7057295 0.4383780 0.4316405
7 0.3259982 0.5233027 0.0621035 0.0643132
15 0.3881017 0.5233027 0.0621036 0.0643132
9 0.3259982 0.5869975 0.0621035 0.0630764
10 0.4502052 0.5869975 0.0621035 0.0630764
17 0.6986195 0.5869975 0.0621036 0.0630764
21 0.3259982 0.6519290 0.0621035 0.0643132
29 0.4502052 0.6519290 0.0621035 0.0643132
5 0.5123088 0.6519290 0.0621035 0.0643132
18 0.6365159 0.6519290 0.0621035 0.0643132
31 0.6986195 0.6519290 0.0621036 0.0643132
14 0.3259982 0.7162422 0.0621035 0.0643132
23 0.3881017 0.7162422 0.0621036 0.0643132
3 0.4502052 0.7162422 0.0621035 0.0643132
24 0.6365159 0.7162422 0.0621035 0.0643132
25 0.6986195 0.7162422 0.0621036 0.0643132
13 0.3881017 0.7805554 0.0621036 0.0643132
