1 0.5811680 0.9240864 0.0655454 0.0670705
23 0.6467134 0.9240864 0.0655455 0.0670705
32 0.5175504 0.7769544 0.4626738 0.4460912
5 0.4500771 0.5887339 0.0655455 0.0670705
30 0.5811680 0.5887339 0.0655454 0.0670705
2 0.6467134 0.5887339 0.0655455 0.0670705
22 0.4500771 0.6551595 0.0655455 0.0657807
16 0.6467134 0.6551595 0.0655455 0.0657807
9 0.7122589 0.6551595 0.0655454 0.0657807
14 0.3189862 0.7899454 0.0655455 0.0670705
3 0.5811680 0.7899454 0.0655454 0.0670705
29 0.6467134 0.7899454 0.0655455 0.0670705
26 0.7122589 0.7899454 0.0655454 0.0670705
7 0.3845316 0.8570158 0.0655454 0.0670705
27 0.4500771 0.8570158 0.0655455 0.0670705
8 0.5811680 0.8570158 0.0655454 0.0670705
28 0.3189862 0.9240864 0.0655455 0.0670705
19 0.4500771 0.9240864 0.0655455 0.0670705
24 0.5156226 0.9240864 0.0655455 0.0670705
