18 0.6670811 0.8861021 0.0666338 0.0647923
12 0.7337149 0.8861021 0.0666337 0.0647923
32 0.5357735 0.7459265 0.4703556 0.4348559
29 0.3339126 0.5621407 0.0666337 0.0647923
19 0.6004474 0.5621407 0.0666337 0.0647923
22 0.6670811 0.5621407 0.0666338 0.0647923
16 0.5338137 0.6263100 0.0666337 0.0635463
4 0.6004474 0.6263100 0.0666337 0.0635463
8 0.3339126 0.6917253 0.0666337 0.0647923
15 0.4671800 0.6917253 0.0666337 0.0647923
30 0.6670811 0.6917253 0.0666338 0.0647923
6 0.4671800 0.7565176 0.0666337 0.0647923
2 0.5338137 0.7565176 0.0666337 0.0647923
10 0.6670811 0.7565176 0.0666338 0.0647923
25 0.7337149 0.7565176 0.0666337 0.0647923
27 0.4005463 0.8213098 0.0666337 0.0647923
24 0.7337149 0.8213098 0.0666337 0.0647923
3 0.3339126 0.8861021 0.0666337 0.0647923
7 0.6004474 0.8861021 0.0666337 0.0647923
