29 0.5757714 0.8905374 0.0625225 0.0644721
6 0.6382939 0.8905374 0.0625225 0.0644721
32 0.4525652 0.7510544 0.4413354 0.4327072
12 0.5757714 0.5681767 0.0625225 0.0644721
4 0.6382939 0.5681767 0.0625225 0.0644721
3 0.3256813 0.6320290 0.0625225 0.0632323
26 0.4507264 0.6320290 0.0625225 0.0632323
23 0.5757714 0.6320290 0.0625225 0.0632323
19 0.2631588 0.6971210 0.0625225 0.0644721
30 0.6382939 0.6971210 0.0625225 0.0644721
11 0.2631588 0.7615932 0.0625225 0.0644721
14 0.3882038 0.7615932 0.0625225 0.0644721
15 0.5757714 0.7615932 0.0625225 0.0644721
18 0.2631588 0.8260652 0.0625225 0.0644721
9 0.4507264 0.8260652 0.0625225 0.0644721
24 0.5132489 0.8260652 0.0625225 0.0644721
25 0.5757714 0.8260652 0.0625225 0.0644721
13 0.3256813 0.8905374 0.0625225 0.0644721
28 0.5132489 0.8905374 0.0625225 0.0644721
