21 0.5452113 0.8584318 0.0660652 0.0670648
2 0.6112764 0.8584318 0.0660652 0.0670648
32 0.5471544 0.7133397 0.4663425 0.4501080
17 0.6112764 0.5231078 0.0660652 0.0670648
29 0.7434068 0.5231078 0.0660652 0.0670648
3 0.3470156 0.5895277 0.0660652 0.0657751
5 0.6112764 0.5895277 0.0660652 0.0657751
31 0.6773416 0.5895277 0.0660652 0.0657751
15 0.4791460 0.6572374 0.0660652 0.0670648
28 0.5452113 0.6572374 0.0660652 0.0670648
16 0.6112764 0.6572374 0.0660652 0.0670648
13 0.3470156 0.7243022 0.0660652 0.0670648
14 0.5452113 0.7243022 0.0660652 0.0670648
18 0.6112764 0.7243022 0.0660652 0.0670648
22 0.7434068 0.7243022 0.0660652 0.0670648
26 0.4791460 0.7913670 0.0660652 0.0670647
6 0.6773416 0.7913670 0.0660652 0.0670647
7 0.7434068 0.7913670 0.0660652 0.0670647
23 0.4791460 0.8584318 0.0660652 0.0670648
