1 0.4184767 0.8826180 0.0616309 0.0667471
4 0.4801077 0.8826180 0.0616309 0.0667471
32 0.4819203 0.7382131 0.4350417 0.4479760
26 0.4801077 0.5488823 0.0616309 0.0667471
21 0.5417385 0.5488823 0.0616309 0.0667471
19 0.3568459 0.6149876 0.0616309 0.0654636
24 0.2952149 0.6823766 0.0616309 0.0667471
15 0.4801077 0.6823766 0.0616309 0.0667471
7 0.5417385 0.6823766 0.0616309 0.0667471
23 0.6033694 0.6823766 0.0616309 0.0667471
16 0.6033694 0.7491237 0.0616309 0.0667472
6 0.2952149 0.8158709 0.0616309 0.0667471
5 0.3568459 0.8158709 0.0616309 0.0667471
2 0.4184767 0.8158709 0.0616309 0.0667471
20 0.5417385 0.8158709 0.0616309 0.0667471
29 0.6033694 0.8158709 0.0616309 0.0667471
18 0.6650004 0.8158709 0.0616309 0.0667471
31 0.2952149 0.8826180 0.0616309 0.0667471
9 0.3568459 0.8826180 0.0616309 0.0667471
