25 0.6078886 0.8944838 0.0606194 0.0631321
26 0.7291273 0.8944838 0.0606194 0.0631321
32 0.5490522 0.7579001 0.4279015 0.4237132
12 0.4866499 0.5788236 0.0606194 0.0631320
28 0.6685080 0.5788236 0.0606194 0.0631320
6 0.7291273 0.5788236 0.0606194 0.0631320
7 0.4260305 0.6413486 0.0606194 0.0619180
8 0.4866499 0.6413486 0.0606194 0.0619180
22 0.6078886 0.6413486 0.0606194 0.0619180
23 0.6685080 0.6413486 0.0606194 0.0619180
3 0.4260305 0.7050877 0.0606194 0.0631320
31 0.7291273 0.7050877 0.0606194 0.0631320
16 0.6685080 0.7682198 0.0606194 0.0631321
4 0.7291273 0.7682198 0.0606194 0.0631321
15 0.5472692 0.8313518 0.0606194 0.0631320
11 0.6078886 0.8313518 0.0606194 0.0631320
14 0.3654111 0.8944838 0.0606194 0.0631321
18 0.4260305 0.8944838 0.0606194 0.0631321
5 0.5472692 0.8944838 0.0606194 0.0631321
