25 0.5732968 0.9025375 0.0618284 0.0655346
12 0.6969536 0.9025375 0.0618284 0.0655346
32 0.5132869 0.7607561 0.4364355 0.4398379
1 0.3878117 0.5748647 0.0618283 0.0655346
16 0.5732968 0.5748647 0.0618284 0.0655346
4 0.3878117 0.6397691 0.0618283 0.0642743
31 0.5732968 0.6397691 0.0618284 0.0642743
14 0.3259834 0.7059338 0.0618284 0.0655345
9 0.5114684 0.7059338 0.0618283 0.0655345
20 0.3259834 0.7714684 0.0618284 0.0655346
18 0.4496401 0.7714684 0.0618284 0.0655346
28 0.5114684 0.7714684 0.0618283 0.0655346
30 0.3878117 0.8370030 0.0618283 0.0655346
2 0.4496401 0.8370030 0.0618284 0.0655346
23 0.5732968 0.8370030 0.0618284 0.0655346
6 0.6969536 0.8370030 0.0618284 0.0655346
24 0.3259834 0.9025375 0.0618284 0.0655346
22 0.4496401 0.9025375 0.0618284 0.0655346
19 0.5114684 0.9025375 0.0618283 0.0655346
