14 0.3736958 0.8250346 0.0665633 0.0658783
15 0.6399492 0.8250346 0.0665633 0.0658783
32 0.5087802 0.6825095 0.4698588 0.4421449
6 0.3736958 0.4956430 0.0665633 0.0658783
13 0.4402592 0.4956430 0.0665633 0.0658783
19 0.5068225 0.4956430 0.0665633 0.0658783
11 0.5733858 0.4956430 0.0665633 0.0658783
4 0.7065125 0.4956430 0.0665633 0.0658783
18 0.3736958 0.5608879 0.0665633 0.0646114
17 0.4402592 0.5608879 0.0665633 0.0646114
8 0.5733858 0.5608879 0.0665633 0.0646114
9 0.5733858 0.6273997 0.0665633 0.0658783
24 0.3071325 0.6932780 0.0665633 0.0658784
7 0.5068225 0.6932780 0.0665633 0.0658784
25 0.6399492 0.6932780 0.0665633 0.0658784
26 0.3736958 0.7591563 0.0665633 0.0658783
10 0.5068225 0.7591563 0.0665633 0.0658783
16 0.7065125 0.7591563 0.0665633 0.0658783
12 0.3071325 0.8250346 0.0665633 0.0658783
