7 0.5377965 0.8671843 0.0627627 0.0661735
28 0.7260847 0.8671843 0.0627627 0.0661735
32 0.5396425 0.7240205 0.4430310 0.4441260
27 0.4750338 0.5363168 0.0627627 0.0661735
13 0.5377965 0.5363168 0.0627627 0.0661735
22 0.6633220 0.5363168 0.0627628 0.0661735
11 0.7260847 0.5363168 0.0627627 0.0661735
5 0.3495083 0.6018539 0.0627627 0.0649009
30 0.4750338 0.6018539 0.0627627 0.0649009
29 0.5377965 0.6018539 0.0627627 0.0649009
19 0.7260847 0.6018539 0.0627627 0.0649009
1 0.6633220 0.6686638 0.0627628 0.0661735
2 0.7260847 0.6686638 0.0627627 0.0661735
17 0.4122710 0.7348373 0.0627627 0.0661736
26 0.5377965 0.7348373 0.0627627 0.0661736
21 0.7260847 0.7348373 0.0627627 0.0661736
31 0.4750338 0.8010107 0.0627627 0.0661735
25 0.6633220 0.8010107 0.0627628 0.0661735
14 0.3495083 0.8671843 0.0627627 0.0661735
