15 0.5183619 0.8737352 0.0657080 0.0680357
2 0.5840699 0.8737352 0.0657080 0.0680357
32 0.4545865 0.7265427 0.4638211 0.4566238
3 0.3212379 0.5335570 0.0657080 0.0680357
19 0.3869460 0.5335570 0.0657080 0.0680357
23 0.5183619 0.5335570 0.0657080 0.0680357
22 0.6497779 0.5335570 0.0657080 0.0680357
29 0.2555299 0.6009384 0.0657080 0.0667273
6 0.3869460 0.6009384 0.0657080 0.0667273
27 0.4526539 0.6009384 0.0657080 0.0667273
31 0.3212379 0.6696283 0.0657080 0.0680357
20 0.5840699 0.6696283 0.0657080 0.0680357
5 0.6497779 0.6696283 0.0657080 0.0680357
7 0.4526539 0.7376639 0.0657080 0.0680357
9 0.3212379 0.8056995 0.0657080 0.0680356
21 0.4526539 0.8056995 0.0657080 0.0680356
16 0.5840699 0.8056995 0.0657080 0.0680356
13 0.3212379 0.8737352 0.0657080 0.0680357
4 0.4526539 0.8737352 0.0657080 0.0680357
