2 0.6130854 0.8134181 0.0665244 0.0619363
4 0.7461340 0.8134181 0.0665243 0.0619363
32 0.5485176 0.6794213 0.4695835 0.4156878
23 0.4800367 0.5037366 0.0665244 0.0619363
20 0.5465611 0.5037366 0.0665243 0.0619363
25 0.6796098 0.5037366 0.0665244 0.0619363
27 0.7461340 0.5037366 0.0665243 0.0619363
21 0.7461340 0.5650774 0.0665243 0.0607452
6 0.4135124 0.6276092 0.0665243 0.0619363
26 0.4800367 0.6276092 0.0665244 0.0619363
28 0.5465611 0.6276092 0.0665243 0.0619363
31 0.6130854 0.6276092 0.0665244 0.0619363
24 0.6796098 0.6276092 0.0665244 0.0619363
13 0.7461340 0.6276092 0.0665243 0.0619363
9 0.4800367 0.6895455 0.0665244 0.0619363
8 0.7461340 0.6895455 0.0665243 0.0619363
18 0.3469881 0.7514818 0.0665243 0.0619363
30 0.4135124 0.7514818 0.0665243 0.0619363
29 0.7461340 0.7514818 0.0665243 0.0619363
