9 0.5836226 0.8717277 0.0618816 0.0629390
4 0.6455042 0.8717277 0.0618817 0.0629390
32 0.4616793 0.7355617 0.4368116 0.4224172
7 0.3360960 0.5570329 0.0618817 0.0629390
10 0.5217410 0.5570329 0.0618816 0.0629390
27 0.5836226 0.5570329 0.0618816 0.0629390
2 0.6455042 0.5570329 0.0618817 0.0629390
5 0.2742144 0.6193666 0.0618816 0.0617286
1 0.3360960 0.6829108 0.0618817 0.0629389
21 0.6455042 0.6829108 0.0618817 0.0629389
12 0.3979777 0.7458498 0.0618816 0.0629390
29 0.4598593 0.7458498 0.0618816 0.0629390
30 0.5836226 0.7458498 0.0618816 0.0629390
24 0.6455042 0.7458498 0.0618817 0.0629390
15 0.3979777 0.8087888 0.0618816 0.0629389
19 0.4598593 0.8087888 0.0618816 0.0629389
14 0.5217410 0.8087888 0.0618816 0.0629389
11 0.3360960 0.8717277 0.0618817 0.0629390
23 0.4598593 0.8717277 0.0618816 0.0629390
