23 0.6060251 0.7848120 0.0663007 0.0677053
16 0.4734237 0.8525174 0.0663007 0.0677053
32 0.4753737 0.7060395 0.4680049 0.4544069
19 0.3408223 0.5139907 0.0663007 0.0677053
14 0.5397243 0.5139907 0.0663007 0.0677053
4 0.6060251 0.5139907 0.0663007 0.0677053
28 0.5397243 0.5810450 0.0663007 0.0664033
10 0.2745216 0.6494014 0.0663007 0.0677053
29 0.4071230 0.6494014 0.0663007 0.0677053
30 0.4734237 0.6494014 0.0663007 0.0677053
20 0.5397243 0.6494014 0.0663007 0.0677053
17 0.6723257 0.6494014 0.0663007 0.0677053
25 0.3408223 0.7171067 0.0663007 0.0677054
9 0.4071230 0.7171067 0.0663007 0.0677054
2 0.4734237 0.7171067 0.0663007 0.0677054
31 0.6060251 0.7171067 0.0663007 0.0677054
1 0.6723257 0.7171067 0.0663007 0.0677054
18 0.4071230 0.7848120 0.0663007 0.0677053
26 0.5397243 0.7848120 0.0663007 0.0677053
