1 0.6460661 0.8134891 0.0619322 0.0631827
19 0.7079984 0.8134891 0.0619323 0.0631827
32 0.5240231 0.6767957 0.4371688 0.4240530
11 0.5222015 0.4975756 0.0619323 0.0631827
2 0.5841338 0.4975756 0.0619323 0.0631827
13 0.7079984 0.4975756 0.0619323 0.0631827
5 0.3983370 0.5601508 0.0619323 0.0619677
8 0.5841338 0.5601508 0.0619323 0.0619677
18 0.7079984 0.5601508 0.0619323 0.0619677
17 0.3364048 0.6239410 0.0619322 0.0631826
25 0.5841338 0.6239410 0.0619323 0.0631826
31 0.6460661 0.6239410 0.0619322 0.0631826
7 0.7079984 0.6239410 0.0619323 0.0631826
12 0.3364048 0.6871237 0.0619322 0.0631828
26 0.4602693 0.6871237 0.0619323 0.0631828
14 0.5222015 0.6871237 0.0619323 0.0631828
30 0.5841338 0.6871237 0.0619323 0.0631828
9 0.4602693 0.7503064 0.0619323 0.0631827
24 0.5222015 0.7503064 0.0619323 0.0631827
