3 0.4860806 0.8309745 0.0612881 0.0647813
17 0.5473688 0.8309745 0.0612881 0.0647813
32 0.5491713 0.6908224 0.4326220 0.4347828
2 0.4860806 0.5070676 0.0612881 0.0647814
7 0.7312331 0.5070676 0.0612881 0.0647814
29 0.6086568 0.5712260 0.0612881 0.0635356
4 0.4247925 0.6366303 0.0612881 0.0647814
25 0.4860806 0.6366303 0.0612881 0.0647814
22 0.5473688 0.6366303 0.0612881 0.0647814
16 0.6699449 0.6366303 0.0612881 0.0647814
18 0.7312331 0.6366303 0.0612881 0.0647814
1 0.3635044 0.7014117 0.0612881 0.0647814
14 0.4247925 0.7014117 0.0612881 0.0647814
21 0.5473688 0.7014117 0.0612881 0.0647814
9 0.6699449 0.7014117 0.0612881 0.0647814
12 0.3635044 0.7661931 0.0612881 0.0647814
6 0.4860806 0.7661931 0.0612881 0.0647814
26 0.5473688 0.7661931 0.0612881 0.0647814
30 0.7312331 0.7661931 0.0612881 0.0647814
