5 0.5009054 0.8974139 0.0657973 0.0681017
4 0.5667027 0.8974139 0.0657973 0.0681017
32 0.5028406 0.7500785 0.4644514 0.4570671
30 0.3035136 0.5569054 0.0657973 0.0681017
12 0.4351081 0.5569054 0.0657973 0.0681017
28 0.6982972 0.5569054 0.0657973 0.0681017
17 0.3035136 0.6243523 0.0657973 0.0667920
25 0.4351081 0.6243523 0.0657973 0.0667920
11 0.6982972 0.6243523 0.0657973 0.0667920
26 0.3693108 0.6931088 0.0657973 0.0681017
24 0.4351081 0.6931088 0.0657973 0.0681017
8 0.3035136 0.7612105 0.0657973 0.0681017
29 0.5009054 0.7612105 0.0657973 0.0681017
6 0.5667027 0.7612105 0.0657973 0.0681017
15 0.6324999 0.7612105 0.0657972 0.0681017
27 0.4351081 0.8293121 0.0657973 0.0681017
23 0.6982972 0.8293121 0.0657973 0.0681017
18 0.3693108 0.8974139 0.0657973 0.0681017
20 0.4351081 0.8974139 0.0657973 0.0681017
