1 0.5672605 0.8922960 0.0623154 0.0681361
26 0.6295760 0.8922960 0.0623155 0.0681361
32 0.5067778 0.7448863 0.4398740 0.4572977
12 0.3179986 0.5516158 0.0623155 0.0681360
18 0.5672605 0.5516158 0.0623154 0.0681360
25 0.6295760 0.5516158 0.0623155 0.0681360
31 0.3803141 0.6190967 0.0623155 0.0668258
21 0.5049451 0.6190967 0.0623155 0.0668258
22 0.5672605 0.6190967 0.0623154 0.0668258
24 0.6295760 0.6190967 0.0623155 0.0668258
8 0.3803141 0.6878879 0.0623155 0.0681361
15 0.5049451 0.6878879 0.0623155 0.0681361
28 0.5672605 0.6878879 0.0623154 0.0681361
30 0.6918915 0.7560239 0.0623155 0.0681361
7 0.3179986 0.8241600 0.0623155 0.0681361
16 0.4426295 0.8241600 0.0623155 0.0681361
2 0.5049451 0.8241600 0.0623155 0.0681361
6 0.6918915 0.8241600 0.0623155 0.0681361
23 0.3803141 0.8922960 0.0623155 0.0681361
