29 0.5342267 0.9132146 0.0657500 0.0676148
14 0.5999767 0.9132146 0.0657500 0.0676148
32 0.4704104 0.7669324 0.4641180 0.4537995
31 0.3369765 0.5751404 0.0657501 0.0676148
27 0.5342267 0.5751404 0.0657500 0.0676148
25 0.2712265 0.6421050 0.0657500 0.0663145
20 0.5342267 0.6421050 0.0657500 0.0663145
17 0.2712265 0.7103700 0.0657500 0.0676149
12 0.3369765 0.7103700 0.0657501 0.0676149
22 0.4027266 0.7103700 0.0657500 0.0676149
5 0.5342267 0.7103700 0.0657500 0.0676149
26 0.5999767 0.7103700 0.0657500 0.0676149
21 0.5342267 0.7779849 0.0657500 0.0676148
3 0.2712265 0.8455997 0.0657500 0.0676148
18 0.4027266 0.8455997 0.0657500 0.0676148
13 0.4684766 0.8455997 0.0657500 0.0676148
7 0.5999767 0.8455997 0.0657500 0.0676148
1 0.3369765 0.9132146 0.0657501 0.0676148
10 0.4027266 0.9132146 0.0657500 0.0676148
