17 0.6548589 0.8112823 0.0635328 0.0620144
25 0.3371949 0.8732967 0.0635328 0.0620145
32 0.4661291 0.7391309 0.4484667 0.4162122
27 0.3371949 0.5632246 0.0635328 0.0620144
30 0.5277933 0.5632246 0.0635328 0.0620144
4 0.6548589 0.5632246 0.0635328 0.0620144
9 0.2736621 0.6246427 0.0635328 0.0608218
15 0.5277933 0.6246427 0.0635328 0.0608218
13 0.5913261 0.6246427 0.0635328 0.0608218
1 0.2736621 0.6872534 0.0635328 0.0620145
24 0.3371949 0.6872534 0.0635328 0.0620145
14 0.3371949 0.7492679 0.0635328 0.0620145
3 0.4642605 0.7492679 0.0635328 0.0620145
18 0.5913261 0.7492679 0.0635328 0.0620145
29 0.6548589 0.7492679 0.0635328 0.0620145
11 0.3371949 0.8112823 0.0635328 0.0620144
6 0.4007277 0.8112823 0.0635328 0.0620144
5 0.5277933 0.8112823 0.0635328 0.0620144
10 0.5913261 0.8112823 0.0635328 0.0620144
