26 0.4699344 0.8489297 0.0636472 0.0625843
29 0.7245232 0.8489297 0.0636472 0.0625843
32 0.5354536 0.7135310 0.4492743 0.4200370
15 0.4699344 0.5360082 0.0636472 0.0625843
9 0.5335816 0.5360082 0.0636472 0.0625843
28 0.5972288 0.5360082 0.0636472 0.0625843
17 0.6608760 0.5360082 0.0636472 0.0625843
19 0.7245232 0.5360082 0.0636472 0.0625843
18 0.3426401 0.5979908 0.0636472 0.0613808
31 0.4699344 0.5979908 0.0636472 0.0613808
5 0.5335816 0.5979908 0.0636472 0.0613808
23 0.7245232 0.5979908 0.0636472 0.0613808
8 0.4062872 0.6611768 0.0636472 0.0625843
1 0.4699344 0.6611768 0.0636472 0.0625843
7 0.7245232 0.6611768 0.0636472 0.0625843
3 0.4062872 0.7237611 0.0636472 0.0625843
25 0.6608760 0.7237611 0.0636472 0.0625843
20 0.7245232 0.7237611 0.0636472 0.0625843
14 0.4062872 0.8489297 0.0636472 0.0625843
