17 0.4401036 0.8870038 0.0636398 0.0681627
9 0.6310229 0.8870038 0.0636398 0.0681627
32 0.5056152 0.7395364 0.4492220 0.4574765
13 0.4401036 0.5461904 0.0636398 0.0681627
10 0.6310229 0.5461904 0.0636398 0.0681627
14 0.6946627 0.5461904 0.0636398 0.0681627
2 0.4401036 0.6136977 0.0636398 0.0668518
23 0.5037434 0.6136977 0.0636398 0.0668518
7 0.5673832 0.6136977 0.0636398 0.0668518
28 0.6310229 0.6136977 0.0636398 0.0668518
31 0.6946627 0.6136977 0.0636398 0.0668518
16 0.4401036 0.6825157 0.0636398 0.0681627
27 0.3128241 0.7506784 0.0636398 0.0681627
3 0.4401036 0.7506784 0.0636398 0.0681627
18 0.6310229 0.7506784 0.0636398 0.0681627
24 0.3764639 0.8188411 0.0636398 0.0681627
6 0.5037434 0.8188411 0.0636398 0.0681627
21 0.6310229 0.8188411 0.0636398 0.0681627
8 0.3128241 0.8870038 0.0636398 0.0681627
