23 0.5392462 0.8427034 0.0665354 0.0647878
3 0.6723170 0.8427034 0.0665354 0.0647878
32 0.4746677 0.7025375 0.4696614 0.4348261
17 0.5392462 0.5187642 0.0665354 0.0647878
7 0.6057816 0.5187642 0.0665354 0.0647878
11 0.2731047 0.5829291 0.0665354 0.0635419
5 0.6057816 0.5829291 0.0665354 0.0635419
4 0.6723170 0.5829291 0.0665354 0.0635419
31 0.2731047 0.6483399 0.0665354 0.0647878
8 0.3396401 0.6483399 0.0665354 0.0647878
16 0.4727108 0.6483399 0.0665353 0.0647878
22 0.2731047 0.7131277 0.0665354 0.0647879
9 0.5392462 0.7131277 0.0665354 0.0647879
25 0.6723170 0.7131277 0.0665354 0.0647879
13 0.4061755 0.7779156 0.0665354 0.0647878
14 0.4727108 0.7779156 0.0665353 0.0647878
6 0.5392462 0.7779156 0.0665354 0.0647878
18 0.6723170 0.7779156 0.0665354 0.0647878
12 0.4727108 0.8427034 0.0665353 0.0647878
