20 0.5420987 0.8974092 0.0627990 0.0664093
16 0.6676966 0.8974092 0.0627990 0.0664093
32 0.4811467 0.7537354 0.4432868 0.4457084
8 0.3537018 0.5653629 0.0627990 0.0664093
26 0.4165007 0.5653629 0.0627990 0.0664093
17 0.4792997 0.5653629 0.0627990 0.0664093
30 0.4792997 0.6311336 0.0627990 0.0651321
11 0.5420987 0.6311336 0.0627990 0.0651321
10 0.2909028 0.6981814 0.0627990 0.0664093
19 0.3537018 0.6981814 0.0627990 0.0664093
18 0.4165007 0.6981814 0.0627990 0.0664093
15 0.4792997 0.6981814 0.0627990 0.0664093
13 0.6676966 0.6981814 0.0627990 0.0664093
1 0.2909028 0.8309999 0.0627990 0.0664092
27 0.4165007 0.8309999 0.0627990 0.0664092
2 0.6048976 0.8309999 0.0627990 0.0664092
24 0.6676966 0.8309999 0.0627990 0.0664092
25 0.2909028 0.8974092 0.0627990 0.0664093
12 0.4165007 0.8974092 0.0627990 0.0664093
