19 0.4730929 0.8667052 0.0615135 0.0632875
14 0.5346064 0.8667052 0.0615135 0.0632875
32 0.5364156 0.7297852 0.4342130 0.4247565
29 0.3500659 0.5502676 0.0615135 0.0632875
6 0.4115794 0.5502676 0.0615135 0.0632875
22 0.5346064 0.5502676 0.0615135 0.0632875
12 0.5961199 0.5502676 0.0615135 0.0632875
18 0.7191469 0.5502676 0.0615134 0.0632875
30 0.3500659 0.6129466 0.0615135 0.0620705
16 0.5346064 0.6129466 0.0615135 0.0620705
20 0.7191469 0.6129466 0.0615134 0.0620705
7 0.3500659 0.6768427 0.0615135 0.0632875
23 0.4730929 0.6768427 0.0615135 0.0632875
13 0.6576334 0.6768427 0.0615135 0.0632875
31 0.7191469 0.6768427 0.0615134 0.0632875
21 0.4115794 0.7401302 0.0615135 0.0632875
2 0.5346064 0.7401302 0.0615135 0.0632875
3 0.3500659 0.8034177 0.0615135 0.0632875
27 0.4115794 0.8667052 0.0615135 0.0632875
