9 0.5070580 0.8512865 0.0635150 0.0647639
1 0.5705730 0.8512865 0.0635150 0.0647639
32 0.5089261 0.7111723 0.4483411 0.4346651
11 0.3800281 0.5274672 0.0635150 0.0647639
22 0.5070580 0.5274672 0.0635150 0.0647639
23 0.5705730 0.5274672 0.0635150 0.0647639
15 0.6976030 0.5274672 0.0635150 0.0647639
18 0.3800281 0.5916084 0.0635150 0.0635184
16 0.5070580 0.5916084 0.0635150 0.0635184
31 0.3800281 0.6569949 0.0635150 0.0647638
8 0.6340880 0.6569949 0.0635150 0.0647638
3 0.6976030 0.6569949 0.0635150 0.0647638
19 0.3800281 0.7217587 0.0635150 0.0647639
4 0.4435430 0.7217587 0.0635150 0.0647639
10 0.6976030 0.7217587 0.0635150 0.0647639
2 0.5070580 0.7865227 0.0635150 0.0647639
21 0.5705730 0.7865227 0.0635150 0.0647639
24 0.6340880 0.7865227 0.0635150 0.0647639
20 0.6976030 0.7865227 0.0635150 0.0647639
