17 0.5604744 0.8816881 0.0625790 0.0662207
20 0.6856323 0.8816881 0.0625790 0.0662207
32 0.4997360 0.7384221 0.4417338 0.4444429
23 0.3727375 0.5505845 0.0625790 0.0662207
31 0.5604744 0.5505845 0.0625790 0.0662207
10 0.6856323 0.5505845 0.0625790 0.0662207
29 0.6856323 0.6161685 0.0625790 0.0649473
24 0.3101586 0.6830259 0.0625790 0.0662207
19 0.3727375 0.6830259 0.0625790 0.0662207
16 0.4978954 0.6830259 0.0625789 0.0662207
22 0.5604744 0.6830259 0.0625790 0.0662207
9 0.3101586 0.7492467 0.0625790 0.0662208
26 0.4978954 0.7492467 0.0625789 0.0662208
11 0.5604744 0.7492467 0.0625790 0.0662208
5 0.6230534 0.7492467 0.0625789 0.0662208
2 0.6856323 0.7492467 0.0625790 0.0662208
14 0.5604744 0.8154674 0.0625790 0.0662207
27 0.6230534 0.8154674 0.0625789 0.0662207
30 0.3727375 0.8816881 0.0625790 0.0662207
