13 0.2850462 0.8285071 0.0653072 0.0660623
20 0.5462751 0.8285071 0.0653072 0.0660623
32 0.4828887 0.6855838 0.4609921 0.4433797
6 0.4809679 0.4981955 0.0653072 0.0660623
12 0.6115823 0.4981955 0.0653072 0.0660623
10 0.6768895 0.4981955 0.0653072 0.0660623
24 0.4809679 0.5636226 0.0653072 0.0647919
29 0.5462751 0.5636226 0.0653072 0.0647919
17 0.6115823 0.5636226 0.0653072 0.0647919
11 0.6768895 0.5636226 0.0653072 0.0647919
21 0.3503535 0.6303201 0.0653072 0.0660624
27 0.4156606 0.6303201 0.0653072 0.0660624
18 0.5462751 0.6303201 0.0653072 0.0660624
3 0.6115823 0.6303201 0.0653072 0.0660624
22 0.6768895 0.6303201 0.0653072 0.0660624
14 0.6115823 0.6963824 0.0653072 0.0660623
25 0.2850462 0.7624448 0.0653072 0.0660623
2 0.4809679 0.7624448 0.0653072 0.0660623
15 0.5462751 0.7624448 0.0653072 0.0660623
