22 0.5270506 0.8790775 0.0609478 0.0624042
31 0.5879985 0.8790775 0.0609479 0.0624042
32 0.4678954 0.7440685 0.4302202 0.4188277
21 0.3442070 0.5670568 0.0609479 0.0624041
10 0.4051549 0.5670568 0.0609478 0.0624041
26 0.4661028 0.5670568 0.0609479 0.0624041
6 0.5879985 0.5670568 0.0609479 0.0624041
7 0.6489463 0.5670568 0.0609478 0.0624041
20 0.3442070 0.6288609 0.0609479 0.0612040
9 0.5270506 0.6288609 0.0609478 0.0612040
27 0.4051549 0.6918651 0.0609478 0.0624041
12 0.5270506 0.6918651 0.0609478 0.0624041
3 0.2832592 0.7542692 0.0609479 0.0624042
1 0.5879985 0.7542692 0.0609479 0.0624042
15 0.6489463 0.7542692 0.0609478 0.0624042
13 0.3442070 0.8166733 0.0609479 0.0624041
30 0.4661028 0.8166733 0.0609479 0.0624041
2 0.5270506 0.8166733 0.0609478 0.0624041
17 0.5879985 0.8166733 0.0609479 0.0624041
