17 0.3223045 0.8267941 0.0622531 0.0640500
1 0.6958229 0.8267941 0.0622531 0.0640500
32 0.5108947 0.6882245 0.4394335 0.4298740
21 0.5090637 0.5065442 0.0622531 0.0640500
24 0.5713168 0.5065442 0.0622531 0.0640500
27 0.6335698 0.5699783 0.0622530 0.0628183
30 0.6958229 0.5699783 0.0622531 0.0628183
9 0.3223045 0.6346442 0.0622531 0.0640500
7 0.5713168 0.6346442 0.0622531 0.0640500
2 0.6335698 0.6346442 0.0622530 0.0640500
20 0.3223045 0.6986942 0.0622531 0.0640500
19 0.5090637 0.6986942 0.0622531 0.0640500
8 0.5713168 0.6986942 0.0622531 0.0640500
28 0.6335698 0.6986942 0.0622530 0.0640500
5 0.3223045 0.7627441 0.0622531 0.0640500
22 0.3845576 0.7627441 0.0622531 0.0640500
11 0.4468106 0.7627441 0.0622531 0.0640500
10 0.5090637 0.7627441 0.0622531 0.0640500
4 0.6335698 0.7627441 0.0622530 0.0640500
