9 0.5361683 0.8611964 0.0659450 0.0631323
8 0.6680582 0.8611964 0.0659450 0.0631323
32 0.5381078 0.7246120 0.4654939 0.4237154
6 0.4042784 0.5455345 0.0659450 0.0631324
24 0.6680582 0.5455345 0.0659450 0.0631324
11 0.3383334 0.6080598 0.0659450 0.0619183
26 0.4042784 0.6080598 0.0659450 0.0619183
3 0.4702233 0.6080598 0.0659449 0.0619183
5 0.5361683 0.6080598 0.0659450 0.0619183
12 0.3383334 0.6717993 0.0659450 0.0631324
21 0.4042784 0.6717993 0.0659450 0.0631324
20 0.4702233 0.6717993 0.0659449 0.0631324
31 0.3383334 0.7349316 0.0659450 0.0631324
1 0.4042784 0.7349316 0.0659450 0.0631324
16 0.5361683 0.7349316 0.0659450 0.0631324
28 0.6680582 0.7349316 0.0659450 0.0631324
29 0.7340032 0.7349316 0.0659450 0.0631324
22 0.3383334 0.7980641 0.0659450 0.0631324
18 0.7340032 0.7980641 0.0659450 0.0631324
