2 0.5061733 0.8465393 0.0641174 0.0672141
3 0.6344080 0.8465393 0.0641174 0.0672141
32 0.5080591 0.7011243 0.4525930 0.4511097
25 0.3779386 0.5104690 0.0641174 0.0672141
17 0.4420560 0.5104690 0.0641173 0.0672141
16 0.5061733 0.5104690 0.0641174 0.0672141
21 0.5702906 0.5104690 0.0641174 0.0672141
30 0.3138213 0.5770368 0.0641174 0.0659215
12 0.3779386 0.5770368 0.0641174 0.0659215
29 0.4420560 0.5770368 0.0641173 0.0659215
7 0.5061733 0.5770368 0.0641174 0.0659215
8 0.6985254 0.5770368 0.0641174 0.0659215
26 0.6985254 0.6448972 0.0641174 0.0672141
22 0.3779386 0.7121112 0.0641174 0.0672141
6 0.6344080 0.7121112 0.0641174 0.0672141
27 0.5061733 0.7793253 0.0641174 0.0672141
9 0.5702906 0.7793253 0.0641174 0.0672141
23 0.3138213 0.8465393 0.0641174 0.0672141
19 0.3779386 0.8465393 0.0641174 0.0672141
