25 0.6735890 0.8076395 0.0634167 0.0626867
16 0.7370056 0.8076395 0.0634166 0.0626867
32 0.5486209 0.6720190 0.4476468 0.4207244
15 0.5467558 0.4942057 0.0634166 0.0626868
23 0.4199225 0.5562897 0.0634166 0.0614812
27 0.4833391 0.5562897 0.0634166 0.0614812
2 0.5467558 0.5562897 0.0634166 0.0614812
8 0.5467558 0.6195792 0.0634166 0.0626868
29 0.3565059 0.6822659 0.0634166 0.0626867
21 0.4199225 0.6822659 0.0634166 0.0626867
6 0.6101723 0.6822659 0.0634166 0.0626867
11 0.6735890 0.6822659 0.0634167 0.0626867
31 0.3565059 0.7449527 0.0634166 0.0626868
22 0.4199225 0.7449527 0.0634166 0.0626868
17 0.5467558 0.7449527 0.0634166 0.0626868
26 0.6101723 0.7449527 0.0634166 0.0626868
9 0.6735890 0.7449527 0.0634167 0.0626868
7 0.4833391 0.8076395 0.0634166 0.0626867
10 0.5467558 0.8076395 0.0634166 0.0626867
