4 0.6563435 0.8268849 0.0625381 0.0660155
2 0.7188815 0.8268849 0.0625381 0.0660155
32 0.5331067 0.6840630 0.4414454 0.4430653
26 0.6563435 0.4968076 0.0625381 0.0660154
21 0.7188815 0.4968076 0.0625381 0.0660154
5 0.4687292 0.5621883 0.0625381 0.0647459
14 0.5938054 0.6288385 0.0625381 0.0660155
27 0.3436530 0.6948540 0.0625381 0.0660155
18 0.4061911 0.6948540 0.0625381 0.0660155
17 0.5312673 0.6948540 0.0625381 0.0660155
20 0.5938054 0.6948540 0.0625381 0.0660155
15 0.6563435 0.6948540 0.0625381 0.0660155
25 0.4687292 0.7608694 0.0625381 0.0660155
28 0.5938054 0.7608694 0.0625381 0.0660155
31 0.6563435 0.7608694 0.0625381 0.0660155
30 0.3436530 0.8268849 0.0625381 0.0660155
12 0.4061911 0.8268849 0.0625381 0.0660155
8 0.4687292 0.8268849 0.0625381 0.0660155
6 0.5312673 0.8268849 0.0625381 0.0660155
