10 0.6460479 0.8214746 0.0648841 0.0644562
6 0.7109320 0.8214746 0.0648841 0.0644562
32 0.5181880 0.6820261 0.4580053 0.4326004
21 0.3216274 0.4991935 0.0648841 0.0644562
29 0.5811638 0.4991935 0.0648841 0.0644562
8 0.3216274 0.5630299 0.0648841 0.0632167
31 0.5162797 0.5630299 0.0648841 0.0632167
3 0.5811638 0.5630299 0.0648841 0.0632167
17 0.7109320 0.5630299 0.0648841 0.0632167
18 0.7109320 0.6281059 0.0648841 0.0644562
13 0.3216274 0.6925621 0.0648841 0.0644563
30 0.3865115 0.6925621 0.0648841 0.0644563
19 0.5162797 0.6925621 0.0648841 0.0644563
27 0.6460479 0.6925621 0.0648841 0.0644563
1 0.7109320 0.6925621 0.0648841 0.0644563
9 0.7109320 0.7570184 0.0648841 0.0644563
15 0.3865115 0.8214746 0.0648841 0.0644562
26 0.5162797 0.8214746 0.0648841 0.0644562
