16 0.5890115 0.8395279 0.0610193 0.0681515
7 0.4669728 0.9076793 0.0610193 0.0681514
32 0.4687675 0.7602363 0.4307247 0.4574010
29 0.2839148 0.5669221 0.0610193 0.0681514
17 0.4669728 0.5669221 0.0610193 0.0681514
24 0.5279922 0.5669221 0.0610193 0.0681514
22 0.3449342 0.6344183 0.0610193 0.0668408
30 0.4059535 0.6344183 0.0610193 0.0668408
1 0.5890115 0.6344183 0.0610193 0.0668408
12 0.6500308 0.6344183 0.0610193 0.0668408
9 0.5890115 0.7032249 0.0610193 0.0681515
5 0.3449342 0.7713764 0.0610193 0.0681514
4 0.4669728 0.7713764 0.0610193 0.0681514
6 0.5279922 0.7713764 0.0610193 0.0681514
19 0.5890115 0.7713764 0.0610193 0.0681514
11 0.3449342 0.8395279 0.0610193 0.0681515
26 0.4059535 0.8395279 0.0610193 0.0681515
14 0.5279922 0.8395279 0.0610193 0.0681515
