11 0.4898681 0.9004056 0.0632088 0.0635430
9 0.6794944 0.9004056 0.0632088 0.0635430
32 0.4917272 0.7629326 0.4461795 0.4264716
7 0.6794944 0.5826903 0.0632088 0.0635431
22 0.3002418 0.6456224 0.0632088 0.0623211
31 0.3634506 0.6456224 0.0632088 0.0623211
3 0.4266594 0.6456224 0.0632088 0.0623211
15 0.6162856 0.6456224 0.0632087 0.0623211
16 0.3002418 0.7097765 0.0632088 0.0635430
27 0.3634506 0.7097765 0.0632088 0.0635430
30 0.4898681 0.7097765 0.0632088 0.0635430
13 0.6162856 0.7097765 0.0632087 0.0635430
12 0.3634506 0.7733194 0.0632088 0.0635430
29 0.6794944 0.7733194 0.0632088 0.0635430
25 0.4266594 0.8368625 0.0632088 0.0635431
18 0.4898681 0.8368625 0.0632088 0.0635431
4 0.6794944 0.8368625 0.0632088 0.0635431
5 0.3002418 0.9004056 0.0632088 0.0635430
