7 0.6456673 0.8076256 0.0606256 0.0636143
16 0.4637905 0.8712399 0.0606256 0.0636143
32 0.4655736 0.7336127 0.4279455 0.4269501
4 0.5850417 0.5531682 0.0606256 0.0636143
27 0.6456673 0.5531682 0.0606256 0.0636143
17 0.2819137 0.6161708 0.0606256 0.0623910
11 0.2819137 0.6803969 0.0606256 0.0636143
31 0.3425393 0.6803969 0.0606256 0.0636143
28 0.5850417 0.6803969 0.0606256 0.0636143
13 0.3425393 0.7440112 0.0606256 0.0636143
12 0.4031649 0.7440112 0.0606256 0.0636143
18 0.4637905 0.7440112 0.0606256 0.0636143
15 0.5850417 0.7440112 0.0606256 0.0636143
26 0.6456673 0.7440112 0.0606256 0.0636143
20 0.2819137 0.8076256 0.0606256 0.0636143
3 0.4031649 0.8076256 0.0606256 0.0636143
14 0.4637905 0.8076256 0.0606256 0.0636143
21 0.5244161 0.8076256 0.0606256 0.0636143
