1 0.3933260 0.8440402 0.0642759 0.0666949
14 0.6504294 0.8440402 0.0642758 0.0666949
32 0.5237681 0.6997484 0.4537119 0.4476251
5 0.5218777 0.5105659 0.0642759 0.0666949
23 0.5861535 0.5105659 0.0642759 0.0666949
6 0.6504294 0.5105659 0.0642758 0.0666949
17 0.7147052 0.5105659 0.0642759 0.0666949
28 0.5218777 0.5766194 0.0642759 0.0654123
20 0.5861535 0.5766194 0.0642759 0.0654123
30 0.7147052 0.5766194 0.0642759 0.0654123
11 0.5218777 0.6439555 0.0642759 0.0666949
10 0.5861535 0.6439555 0.0642759 0.0666949
8 0.7147052 0.6439555 0.0642759 0.0666949
25 0.3933260 0.7106505 0.0642759 0.0666949
18 0.5861535 0.7106505 0.0642759 0.0666949
29 0.7147052 0.7106505 0.0642759 0.0666949
15 0.4576018 0.7773453 0.0642759 0.0666949
21 0.3290501 0.8440402 0.0642759 0.0666949
