27 0.6643724 0.8101411 0.0610769 0.0635234
29 0.7254494 0.8101411 0.0610769 0.0635234
32 0.5440150 0.6727107 0.4311310 0.4263399
26 0.3589880 0.4925240 0.0610769 0.0635234
17 0.5422187 0.4925240 0.0610769 0.0635234
2 0.6032956 0.4925240 0.0610769 0.0635234
6 0.3589880 0.5554367 0.0610769 0.0623018
30 0.3589880 0.6195709 0.0610769 0.0635234
14 0.4200649 0.6195709 0.0610769 0.0635234
19 0.6032956 0.6195709 0.0610769 0.0635234
15 0.5422187 0.6830943 0.0610769 0.0635234
24 0.6643724 0.6830943 0.0610769 0.0635234
23 0.7254494 0.6830943 0.0610769 0.0635234
28 0.6032956 0.7466177 0.0610769 0.0635234
8 0.7254494 0.7466177 0.0610769 0.0635234
12 0.3589880 0.8101411 0.0610769 0.0635234
20 0.4811418 0.8101411 0.0610769 0.0635234
4 0.5422187 0.8101411 0.0610769 0.0635234
