1 0.4596084 0.8971967 0.0646705 0.0641695
6 0.5889494 0.8971967 0.0646705 0.0641695
32 0.5261810 0.7583684 0.4564975 0.4306762
23 0.3302674 0.5763491 0.0646705 0.0641695
22 0.3949379 0.5763491 0.0646704 0.0641695
20 0.5242789 0.5763491 0.0646705 0.0641695
9 0.5889494 0.5763491 0.0646705 0.0641695
29 0.6536198 0.6399016 0.0646704 0.0629355
21 0.7182903 0.6399016 0.0646705 0.0629355
31 0.3302674 0.7046881 0.0646705 0.0641695
10 0.4596084 0.7046881 0.0646705 0.0641695
12 0.5242789 0.7046881 0.0646705 0.0641695
15 0.5889494 0.7046881 0.0646705 0.0641695
13 0.7182903 0.7046881 0.0646705 0.0641695
17 0.4596084 0.7688577 0.0646705 0.0641695
7 0.6536198 0.7688577 0.0646704 0.0641695
26 0.5242789 0.8330272 0.0646705 0.0641695
4 0.3949379 0.8971967 0.0646704 0.0641695
