22 0.5922280 0.9170012 0.0663879 0.0670415
4 0.7250037 0.9170012 0.0663879 0.0670415
32 0.5277927 0.7719597 0.4686203 0.4499511
10 0.3266765 0.5817941 0.0663879 0.0670414
26 0.5258401 0.5817941 0.0663879 0.0670414
14 0.7250037 0.5817941 0.0663879 0.0670414
18 0.4594522 0.6481909 0.0663879 0.0657521
23 0.3930643 0.7158769 0.0663879 0.0670414
25 0.3266765 0.7829184 0.0663879 0.0670414
15 0.3930643 0.7829184 0.0663879 0.0670414
16 0.4594522 0.7829184 0.0663879 0.0670414
29 0.5258401 0.7829184 0.0663879 0.0670414
3 0.6586159 0.7829184 0.0663879 0.0670414
7 0.3930643 0.8499597 0.0663879 0.0670414
1 0.4594522 0.8499597 0.0663879 0.0670414
11 0.5258401 0.8499597 0.0663879 0.0670414
24 0.6586159 0.8499597 0.0663879 0.0670414
9 0.3930643 0.9170012 0.0663879 0.0670415
