26 0.5254960 0.8088665 0.0613684 0.0650163
3 0.5868644 0.8738828 0.0613684 0.0650163
32 0.5273009 0.7332225 0.4331885 0.4363595
19 0.3413909 0.5488013 0.0613684 0.0650163
6 0.5868644 0.5488013 0.0613684 0.0650163
10 0.6482327 0.5488013 0.0613684 0.0650163
9 0.7096011 0.5488013 0.0613683 0.0650163
17 0.4027592 0.6131924 0.0613684 0.0637660
20 0.5254960 0.6131924 0.0613684 0.0637660
24 0.5868644 0.6131924 0.0613684 0.0637660
31 0.7096011 0.6131924 0.0613683 0.0637660
12 0.4027592 0.6788339 0.0613684 0.0650163
5 0.4641277 0.6788339 0.0613684 0.0650163
13 0.4027592 0.7438503 0.0613684 0.0650163
27 0.4641277 0.7438503 0.0613684 0.0650163
29 0.7096011 0.7438503 0.0613683 0.0650163
18 0.3413909 0.8088665 0.0613684 0.0650163
30 0.4027592 0.8088665 0.0613684 0.0650163
