19 0.5093047 0.8467471 0.0608940 0.0652516
3 0.5701987 0.8467471 0.0608941 0.0652516
32 0.4502017 0.7055777 0.4298401 0.4379385
13 0.3875167 0.5204891 0.0608940 0.0652516
16 0.5701987 0.5204891 0.0608941 0.0652516
20 0.6310928 0.5204891 0.0608940 0.0652516
18 0.3266227 0.5851133 0.0608940 0.0639967
30 0.3875167 0.5851133 0.0608940 0.0639967
25 0.4484107 0.5851133 0.0608940 0.0639967
31 0.5093047 0.5851133 0.0608940 0.0639967
22 0.6310928 0.5851133 0.0608940 0.0639967
1 0.3266227 0.6509923 0.0608940 0.0652516
26 0.3875167 0.6509923 0.0608940 0.0652516
5 0.5701987 0.6509923 0.0608941 0.0652516
7 0.3875167 0.7162439 0.0608940 0.0652515
4 0.3266227 0.7814954 0.0608940 0.0652516
28 0.5701987 0.7814954 0.0608941 0.0652516
10 0.3875167 0.8467471 0.0608940 0.0652516
