11 0.6570551 0.7786543 0.0645956 0.0628563
16 0.5278638 0.8415106 0.0645957 0.0628563
32 0.4651680 0.7055235 0.4559695 0.4218623
29 0.2694810 0.5272292 0.0645957 0.0628563
10 0.4632681 0.5272292 0.0645957 0.0628563
22 0.3340767 0.5894811 0.0645957 0.0616475
5 0.4632681 0.5894811 0.0645957 0.0616475
20 0.5278638 0.5894811 0.0645957 0.0616475
7 0.2694810 0.6529417 0.0645957 0.0628563
31 0.3340767 0.6529417 0.0645957 0.0628563
6 0.3986724 0.6529417 0.0645957 0.0628563
15 0.5278638 0.6529417 0.0645957 0.0628563
26 0.3986724 0.7157980 0.0645957 0.0628563
4 0.5278638 0.7157980 0.0645957 0.0628563
1 0.6570551 0.7157980 0.0645956 0.0628563
24 0.2694810 0.7786543 0.0645957 0.0628563
14 0.3340767 0.7786543 0.0645957 0.0628563
3 0.4632681 0.7786543 0.0645957 0.0628563
