27 0.5972614 0.9243069 0.0634267 0.0674291
15 0.6606880 0.9243069 0.0634267 0.0674291
32 0.4722734 0.7760751 0.4477178 0.4478498
2 0.2801279 0.5871615 0.0634267 0.0674291
25 0.5338347 0.5871615 0.0634267 0.0674291
19 0.6606880 0.5871615 0.0634267 0.0674291
24 0.3435546 0.6539422 0.0634267 0.0661324
28 0.6606880 0.6539422 0.0634267 0.0661324
5 0.4069813 0.7220197 0.0634267 0.0674290
21 0.5972614 0.7220197 0.0634267 0.0674290
17 0.4069813 0.7894487 0.0634267 0.0674291
7 0.4704079 0.7894487 0.0634267 0.0674291
9 0.5338347 0.7894487 0.0634267 0.0674291
12 0.6606880 0.7894487 0.0634267 0.0674291
8 0.3435546 0.8568778 0.0634267 0.0674290
31 0.6606880 0.8568778 0.0634267 0.0674290
22 0.4704079 0.9243069 0.0634267 0.0674291
18 0.5338347 0.9243069 0.0634267 0.0674291
