14 0.4822627 0.9008659 0.0636718 0.0656001
4 0.6096063 0.9008659 0.0636718 0.0656001
32 0.5478072 0.7589425 0.4494481 0.4402780
25 0.5459345 0.5728651 0.0636718 0.0656002
28 0.3549191 0.6378345 0.0636718 0.0643386
29 0.4822627 0.6378345 0.0636718 0.0643386
13 0.5459345 0.6378345 0.0636718 0.0643386
23 0.6096063 0.6378345 0.0636718 0.0643386
2 0.4185909 0.7040654 0.0636718 0.0656002
17 0.4822627 0.7040654 0.0636718 0.0656002
27 0.5459345 0.7040654 0.0636718 0.0656002
30 0.7369499 0.7040654 0.0636718 0.0656002
5 0.4822627 0.7696656 0.0636718 0.0656001
20 0.6096063 0.7696656 0.0636718 0.0656001
3 0.4185909 0.8352658 0.0636718 0.0656002
9 0.4822627 0.8352658 0.0636718 0.0656002
26 0.5459345 0.8352658 0.0636718 0.0656002
16 0.7369499 0.8352658 0.0636718 0.0656002
