30 0.4017732 0.9020657 0.0632115 0.0667685
6 0.7178307 0.9020657 0.0632114 0.0667685
32 0.5300553 0.7576147 0.4461987 0.4481193
11 0.4017732 0.5682233 0.0632115 0.0667685
26 0.4649847 0.5682233 0.0632115 0.0667685
13 0.5281962 0.5682233 0.0632115 0.0667685
5 0.5914076 0.5682233 0.0632115 0.0667685
19 0.6546191 0.5682233 0.0632115 0.0667685
15 0.7178307 0.5682233 0.0632114 0.0667685
29 0.4649847 0.6343498 0.0632115 0.0654845
25 0.5281962 0.6343498 0.0632115 0.0654845
27 0.5914076 0.6343498 0.0632115 0.0654845
16 0.6546191 0.6343498 0.0632115 0.0654845
8 0.3385617 0.7017603 0.0632115 0.0667685
21 0.4649847 0.7017603 0.0632115 0.0667685
28 0.5281962 0.7017603 0.0632115 0.0667685
24 0.3385617 0.8352972 0.0632115 0.0667685
31 0.4017732 0.8352972 0.0632115 0.0667685
