3 0.5349212 0.8760942 0.0659320 0.0659170
1 0.6667851 0.8760942 0.0659319 0.0659170
32 0.4709284 0.7334854 0.4654020 0.4424044
6 0.3371254 0.5465094 0.0659319 0.0659170
19 0.4689893 0.5465094 0.0659319 0.0659170
29 0.6667851 0.5465094 0.0659319 0.0659170
9 0.4030573 0.6117925 0.0659320 0.0646494
22 0.6667851 0.6117925 0.0659319 0.0646494
20 0.4689893 0.6783434 0.0659319 0.0659170
4 0.6667851 0.6783434 0.0659319 0.0659170
28 0.2711934 0.7442603 0.0659319 0.0659170
2 0.3371254 0.7442603 0.0659319 0.0659170
5 0.4689893 0.7442603 0.0659319 0.0659170
21 0.6008532 0.7442603 0.0659319 0.0659170
16 0.6667851 0.7442603 0.0659319 0.0659170
11 0.3371254 0.8101773 0.0659319 0.0659170
7 0.4030573 0.8101773 0.0659320 0.0659170
13 0.2711934 0.8760942 0.0659319 0.0659170
