3 0.5967953 0.8286392 0.0634405 0.0642558
1 0.6602357 0.8286392 0.0634405 0.0642558
32 0.5352207 0.6896244 0.4478151 0.4312549
31 0.3430334 0.5073605 0.0634405 0.0642558
16 0.4699144 0.5073605 0.0634405 0.0642558
18 0.5333548 0.5073605 0.0634405 0.0642558
7 0.6602357 0.5073605 0.0634405 0.0642558
26 0.3430334 0.5709984 0.0634405 0.0630201
19 0.6602357 0.5709984 0.0634405 0.0630201
30 0.4064739 0.6358720 0.0634405 0.0642558
4 0.7236763 0.6358720 0.0634405 0.0642558
12 0.3430334 0.7001277 0.0634405 0.0642558
9 0.4699144 0.7643835 0.0634405 0.0642558
29 0.5333548 0.7643835 0.0634405 0.0642558
10 0.3430334 0.8286392 0.0634405 0.0642558
22 0.4064739 0.8286392 0.0634405 0.0642558
24 0.4699144 0.8286392 0.0634405 0.0642558
11 0.5333548 0.8286392 0.0634405 0.0642558
