12 0.5998330 0.8835680 0.0633168 0.0654957
14 0.7264666 0.8835680 0.0633168 0.0654957
32 0.5383784 0.7418707 0.4469422 0.4395766
11 0.4098825 0.5560897 0.0633168 0.0654956
20 0.5998330 0.5560897 0.0633168 0.0654956
3 0.3465657 0.6209556 0.0633168 0.0642361
10 0.5998330 0.6209556 0.0633168 0.0642361
28 0.6631498 0.6209556 0.0633168 0.0642361
4 0.7264666 0.6209556 0.0633168 0.0642361
17 0.3465657 0.6870810 0.0633168 0.0654957
31 0.5365162 0.6870810 0.0633168 0.0654957
30 0.7264666 0.6870810 0.0633168 0.0654957
9 0.3465657 0.7525768 0.0633168 0.0654957
25 0.5365162 0.7525768 0.0633168 0.0654957
1 0.5998330 0.7525768 0.0633168 0.0654957
24 0.4731993 0.8180724 0.0633168 0.0654956
26 0.7264666 0.8180724 0.0633168 0.0654956
23 0.4098825 0.8835680 0.0633168 0.0654957
