22 0.5965076 0.9155892 0.0635724 0.0661731
13 0.6600800 0.9155892 0.0635725 0.0661731
32 0.4712325 0.7724263 0.4487465 0.4441232
20 0.2786455 0.5847238 0.0635724 0.0661731
5 0.4057903 0.5847238 0.0635724 0.0661731
17 0.4693628 0.5847238 0.0635724 0.0661731
30 0.5329352 0.5847238 0.0635724 0.0661731
6 0.3422179 0.6502606 0.0635724 0.0649005
9 0.4057903 0.7832430 0.0635724 0.0661731
21 0.5329352 0.7832430 0.0635724 0.0661731
27 0.5965076 0.7832430 0.0635724 0.0661731
8 0.2786455 0.8494161 0.0635724 0.0661731
10 0.3422179 0.8494161 0.0635724 0.0661731
3 0.4057903 0.8494161 0.0635724 0.0661731
4 0.5329352 0.8494161 0.0635724 0.0661731
1 0.3422179 0.9155892 0.0635724 0.0661731
31 0.4693628 0.9155892 0.0635724 0.0661731
2 0.5329352 0.9155892 0.0635724 0.0661731
