10 0.4891513 0.8863703 0.0644710 0.0621916
11 0.5536222 0.8863703 0.0644710 0.0621916
32 0.4910475 0.7518211 0.4550893 0.4174016
15 0.2957383 0.5754121 0.0644710 0.0621916
20 0.4891513 0.5754121 0.0644710 0.0621916
4 0.5536222 0.5754121 0.0644710 0.0621916
18 0.3602093 0.6370058 0.0644710 0.0609957
25 0.4246803 0.6370058 0.0644710 0.0609957
17 0.4891513 0.6370058 0.0644710 0.0609957
27 0.5536222 0.6370058 0.0644710 0.0609957
21 0.6825642 0.6370058 0.0644710 0.0609957
7 0.3602093 0.6997954 0.0644710 0.0621916
31 0.5536222 0.7619870 0.0644710 0.0621917
12 0.6825642 0.7619870 0.0644710 0.0621917
23 0.4246803 0.8241787 0.0644710 0.0621916
14 0.5536222 0.8241787 0.0644710 0.0621916
1 0.6180933 0.8241787 0.0644710 0.0621916
26 0.3602093 0.8863703 0.0644710 0.0621916
