3 0.4386105 0.8615011 0.0625943 0.0637360
23 0.6263932 0.8615011 0.0625943 0.0637360
32 0.5030457 0.7236108 0.4418418 0.4277662
15 0.3760162 0.5428214 0.0625943 0.0637360
4 0.5637990 0.5428214 0.0625943 0.0637360
30 0.6263932 0.5428214 0.0625943 0.0637360
12 0.6889874 0.5428214 0.0625942 0.0637360
20 0.3760162 0.6059445 0.0625943 0.0625103
28 0.5012047 0.6059445 0.0625943 0.0625103
17 0.5637990 0.6059445 0.0625943 0.0625103
8 0.6263932 0.6059445 0.0625943 0.0625103
16 0.6889874 0.6059445 0.0625942 0.0625103
19 0.6263932 0.6702933 0.0625943 0.0637360
1 0.5637990 0.7340292 0.0625943 0.0637360
6 0.6263932 0.7340292 0.0625943 0.0637360
7 0.6889874 0.7340292 0.0625942 0.0637360
5 0.5637990 0.7977652 0.0625943 0.0637359
9 0.6263932 0.7977652 0.0625943 0.0637359
