2 0.2966702 0.8777861 0.0666309 0.0619954
30 0.3633010 0.8777861 0.0666309 0.0619954
32 0.4985226 0.7436613 0.4703357 0.4160848
31 0.5631937 0.5678089 0.0666309 0.0619954
16 0.4299319 0.6292082 0.0666309 0.0608032
27 0.6298246 0.6292082 0.0666309 0.0608032
4 0.6964555 0.6292082 0.0666309 0.0608032
9 0.2966702 0.6917998 0.0666309 0.0619954
12 0.4299319 0.6917998 0.0666309 0.0619954
19 0.4965628 0.6917998 0.0666309 0.0619954
1 0.5631937 0.6917998 0.0666309 0.0619954
15 0.3633010 0.7537952 0.0666309 0.0619955
28 0.4299319 0.7537952 0.0666309 0.0619955
22 0.4965628 0.7537952 0.0666309 0.0619955
18 0.5631937 0.7537952 0.0666309 0.0619955
13 0.2966702 0.8157907 0.0666309 0.0619955
25 0.3633010 0.8157907 0.0666309 0.0619955
14 0.4965628 0.8157907 0.0666309 0.0619955
