23 0.7117470 0.7699106 0.0652423 0.0636913
18 0.3202932 0.8336018 0.0652423 0.0636913
32 0.5179390 0.6958081 0.4605338 0.4274669
24 0.3202932 0.5151451 0.0652423 0.0636913
5 0.5160201 0.5151451 0.0652423 0.0636913
14 0.7117470 0.5151451 0.0652423 0.0636913
27 0.4507778 0.5782241 0.0652423 0.0624665
31 0.5160201 0.5782241 0.0652423 0.0624665
13 0.5812624 0.5782241 0.0652423 0.0624665
7 0.3855355 0.6425278 0.0652423 0.0636914
25 0.4507778 0.6425278 0.0652423 0.0636914
8 0.5812624 0.6425278 0.0652423 0.0636914
22 0.6465047 0.6425278 0.0652423 0.0636914
15 0.7117470 0.6425278 0.0652423 0.0636914
9 0.6465047 0.7062192 0.0652423 0.0636913
21 0.7117470 0.7062192 0.0652423 0.0636913
12 0.3855355 0.7699106 0.0652423 0.0636913
10 0.5812624 0.7699106 0.0652423 0.0636913
