30 0.5215181 0.8532363 0.0650071 0.0625044
29 0.6515323 0.8532363 0.0650071 0.0625044
32 0.4584230 0.7180105 0.4588734 0.4195005
15 0.3264970 0.5407144 0.0650071 0.0625044
26 0.3915040 0.5407144 0.0650071 0.0625044
9 0.4565111 0.5407144 0.0650071 0.0625044
19 0.6515323 0.5407144 0.0650071 0.0625044
21 0.3915040 0.6026178 0.0650071 0.0613023
27 0.4565111 0.6026178 0.0650071 0.0613023
6 0.5215181 0.6026178 0.0650071 0.0613023
1 0.5865252 0.6026178 0.0650071 0.0613023
11 0.6515323 0.6026178 0.0650071 0.0613023
4 0.2614899 0.6657232 0.0650071 0.0625044
24 0.4565111 0.6657232 0.0650071 0.0625044
2 0.5865252 0.6657232 0.0650071 0.0625044
28 0.5215181 0.7282275 0.0650071 0.0625043
23 0.3915040 0.7907320 0.0650071 0.0625043
18 0.6515323 0.7907320 0.0650071 0.0625043
