11 0.4734804 0.8147432 0.0661726 0.0638784
23 0.6058255 0.8147432 0.0661726 0.0638784
32 0.5415992 0.6765446 0.4671004 0.4287226
25 0.3411353 0.4953510 0.0661726 0.0638784
9 0.6058255 0.4953510 0.0661726 0.0638784
3 0.7381706 0.4953510 0.0661726 0.0638784
1 0.4073078 0.5586152 0.0661725 0.0626500
4 0.4073078 0.6231078 0.0661725 0.0638785
22 0.4734804 0.6231078 0.0661726 0.0638785
6 0.5396529 0.6231078 0.0661726 0.0638785
26 0.6058255 0.6231078 0.0661726 0.0638785
20 0.6719981 0.6231078 0.0661725 0.0638785
16 0.7381706 0.6231078 0.0661726 0.0638785
2 0.3411353 0.6869862 0.0661726 0.0638784
31 0.3411353 0.7508647 0.0661726 0.0638785
12 0.4734804 0.7508647 0.0661726 0.0638785
28 0.5396529 0.7508647 0.0661726 0.0638785
15 0.6058255 0.7508647 0.0661726 0.0638785
