11 0.5305156 0.8438155 0.0650924 0.0673287
4 0.5956079 0.8438155 0.0650924 0.0673287
32 0.4673376 0.7654810 0.4594757 0.4518793
7 0.2701460 0.5745005 0.0650924 0.0673288
14 0.3352384 0.5745005 0.0650924 0.0673288
30 0.4654232 0.5745005 0.0650924 0.0673288
27 0.5305156 0.5745005 0.0650924 0.0673288
16 0.6607004 0.5745005 0.0650924 0.0673288
19 0.3352384 0.6411818 0.0650924 0.0660339
12 0.4003308 0.6411818 0.0650924 0.0660339
25 0.5305156 0.6411818 0.0650924 0.0660339
22 0.3352384 0.7091579 0.0650924 0.0673287
18 0.5956079 0.7091579 0.0650924 0.0673287
5 0.2701460 0.7764867 0.0650924 0.0673288
23 0.3352384 0.7764867 0.0650924 0.0673288
15 0.6607004 0.7764867 0.0650924 0.0673288
28 0.2701460 0.8438155 0.0650924 0.0673287
29 0.4654232 0.8438155 0.0650924 0.0673287
