27 0.6299220 0.9007339 0.0667735 0.0634177
28 0.6966956 0.9007339 0.0667735 0.0634177
32 0.4983390 0.7635322 0.4713421 0.4256300
4 0.2960547 0.5836456 0.0667735 0.0634176
7 0.3628281 0.5836456 0.0667735 0.0634176
16 0.5631486 0.5836456 0.0667735 0.0634176
8 0.4296016 0.6464535 0.0667735 0.0621981
30 0.2960547 0.7104810 0.0667735 0.0634176
25 0.4296016 0.7104810 0.0667735 0.0634176
12 0.4963751 0.7104810 0.0667735 0.0634176
23 0.5631486 0.7104810 0.0667735 0.0634176
10 0.3628281 0.7738985 0.0667735 0.0634177
17 0.4296016 0.7738985 0.0667735 0.0634177
2 0.4963751 0.7738985 0.0667735 0.0634177
5 0.5631486 0.7738985 0.0667735 0.0634177
9 0.4296016 0.8373162 0.0667735 0.0634177
3 0.5631486 0.8373162 0.0667735 0.0634177
1 0.5631486 0.9007339 0.0667735 0.0634177
