30 0.6265975 0.8160677 0.0612452 0.0636904
31 0.6265975 0.8797581 0.0612452 0.0636905
32 0.5059084 0.7419662 0.4323194 0.4274611
14 0.3816166 0.5613058 0.0612453 0.0636905
5 0.5041071 0.5613058 0.0612452 0.0636905
18 0.5653523 0.5613058 0.0612453 0.0636905
17 0.3203713 0.6243839 0.0612452 0.0624657
28 0.3816166 0.6243839 0.0612453 0.0624657
21 0.4428618 0.6243839 0.0612452 0.0624657
13 0.6265975 0.6243839 0.0612452 0.0624657
10 0.3203713 0.6886868 0.0612452 0.0636905
8 0.4428618 0.6886868 0.0612452 0.0636905
1 0.5041071 0.6886868 0.0612452 0.0636905
20 0.5653523 0.6886868 0.0612453 0.0636905
6 0.6878428 0.6886868 0.0612453 0.0636905
7 0.4428618 0.8160677 0.0612452 0.0636904
25 0.5041071 0.8160677 0.0612452 0.0636904
23 0.5653523 0.8160677 0.0612453 0.0636904
