4 0.4493966 0.8246819 0.0645826 0.0658929
5 0.6431444 0.8246819 0.0645826 0.0658929
32 0.4512961 0.6821251 0.4558771 0.4422429
14 0.2556488 0.4952173 0.0645826 0.0658929
7 0.3202314 0.4952173 0.0645826 0.0658929
10 0.4493966 0.4952173 0.0645826 0.0658929
2 0.5139792 0.4952173 0.0645826 0.0658929
20 0.6431444 0.5604766 0.0645826 0.0646257
18 0.3202314 0.6270031 0.0645826 0.0658929
23 0.4493966 0.6270031 0.0645826 0.0658929
1 0.5139792 0.6270031 0.0645826 0.0658929
29 0.6431444 0.6270031 0.0645826 0.0658929
19 0.2556488 0.6928960 0.0645826 0.0658929
16 0.5785618 0.6928960 0.0645826 0.0658929
28 0.2556488 0.7587890 0.0645826 0.0658929
26 0.3202314 0.7587890 0.0645826 0.0658929
30 0.4493966 0.7587890 0.0645826 0.0658929
27 0.5785618 0.7587890 0.0645826 0.0658929
