6 0.3789800 0.8608394 0.0653041 0.0650536
8 0.6401965 0.8608394 0.0653041 0.0650536
32 0.5115090 0.7200983 0.4609702 0.4366103
31 0.5095883 0.5355710 0.0653041 0.0650537
9 0.5748924 0.5355710 0.0653041 0.0650537
2 0.7055006 0.5355710 0.0653041 0.0650537
21 0.3136759 0.5999992 0.0653041 0.0638027
26 0.5748924 0.5999992 0.0653041 0.0638027
15 0.7055006 0.5999992 0.0653041 0.0638027
13 0.3136759 0.6656783 0.0653041 0.0650537
20 0.3789800 0.6656783 0.0653041 0.0650537
4 0.5748924 0.6656783 0.0653041 0.0650537
27 0.6401965 0.6656783 0.0653041 0.0650537
18 0.4442841 0.7307320 0.0653041 0.0650537
7 0.5748924 0.7307320 0.0653041 0.0650537
30 0.3789800 0.7957858 0.0653041 0.0650537
1 0.5095883 0.7957858 0.0653041 0.0650537
3 0.7055006 0.7957858 0.0653041 0.0650537
