12 0.3983960 0.8318846 0.0644294 0.0645246
11 0.5272548 0.8318846 0.0644294 0.0645246
32 0.4647204 0.6922879 0.4547959 0.4330598
19 0.3983960 0.5092612 0.0644294 0.0645247
23 0.5272548 0.5092612 0.0644294 0.0645247
28 0.3983960 0.5731654 0.0644294 0.0632838
26 0.4628254 0.5731654 0.0644294 0.0632838
10 0.5272548 0.5731654 0.0644294 0.0632838
24 0.5916842 0.6383105 0.0644294 0.0645247
13 0.6561136 0.6383105 0.0644294 0.0645247
16 0.3339666 0.7028352 0.0644294 0.0645247
27 0.5272548 0.7028352 0.0644294 0.0645247
18 0.5916842 0.7028352 0.0644294 0.0645247
7 0.2695371 0.7673599 0.0644294 0.0645247
8 0.3339666 0.7673599 0.0644294 0.0645247
4 0.3983960 0.7673599 0.0644294 0.0645247
15 0.6561136 0.7673599 0.0644294 0.0645247
5 0.2695371 0.8318846 0.0644294 0.0645246
