3 0.5807500 0.8868654 0.0627758 0.0653849
4 0.7063018 0.8868654 0.0627759 0.0653849
32 0.5198206 0.7454078 0.4431238 0.4388330
29 0.3296466 0.5599411 0.0627759 0.0653849
12 0.3924224 0.5599411 0.0627759 0.0653849
5 0.5179742 0.5599411 0.0627759 0.0653849
23 0.7063018 0.5599411 0.0627759 0.0653849
6 0.3296466 0.6246973 0.0627759 0.0641275
26 0.4551983 0.6246973 0.0627759 0.0641275
21 0.5807500 0.6246973 0.0627758 0.0641275
15 0.6435259 0.6907108 0.0627759 0.0653848
16 0.3924224 0.7560957 0.0627759 0.0653849
31 0.5807500 0.7560957 0.0627758 0.0653849
2 0.7063018 0.7560957 0.0627759 0.0653849
14 0.3296466 0.8214806 0.0627759 0.0653848
18 0.4551983 0.8214806 0.0627759 0.0653848
28 0.3296466 0.8868654 0.0627759 0.0653849
25 0.5179742 0.8868654 0.0627759 0.0653849
