1 0.4039985 0.8554187 0.0607780 0.0623714
24 0.7078884 0.8554187 0.0607780 0.0623714
32 0.5273420 0.7204805 0.4290211 0.4186085
23 0.3432205 0.5435615 0.0607780 0.0623714
10 0.4647765 0.5435615 0.0607780 0.0623714
18 0.7078884 0.5435615 0.0607780 0.0623714
29 0.4647765 0.6053332 0.0607780 0.0611720
16 0.5863325 0.6053332 0.0607780 0.0611720
2 0.7078884 0.6053332 0.0607780 0.0611720
12 0.3432205 0.6683044 0.0607780 0.0623714
8 0.4039985 0.6683044 0.0607780 0.0623714
6 0.5255545 0.6683044 0.0607780 0.0623714
30 0.7078884 0.6683044 0.0607780 0.0623714
4 0.3432205 0.7306758 0.0607780 0.0623714
19 0.4647765 0.7306758 0.0607780 0.0623714
15 0.3432205 0.7930473 0.0607780 0.0623714
13 0.5255545 0.7930473 0.0607780 0.0623714
31 0.7078884 0.7930473 0.0607780 0.0623714
