3 0.6353093 0.9039445 0.0667952 0.0647783
31 0.7021045 0.9039445 0.0667951 0.0647783
32 0.5036836 0.7637991 0.4714951 0.4347622
21 0.5685142 0.5800529 0.0667952 0.0647783
10 0.7021045 0.5800529 0.0667951 0.0647783
25 0.5685142 0.6442083 0.0667952 0.0635326
27 0.7021045 0.6442083 0.0667951 0.0635326
4 0.5685142 0.7096095 0.0667952 0.0647784
7 0.3681287 0.7743878 0.0667952 0.0647783
17 0.5017190 0.7743878 0.0667952 0.0647783
20 0.7021045 0.7743878 0.0667951 0.0647783
29 0.3013336 0.8391661 0.0667951 0.0647784
19 0.3681287 0.8391661 0.0667952 0.0647784
13 0.5017190 0.8391661 0.0667952 0.0647784
2 0.5685142 0.8391661 0.0667952 0.0647784
11 0.6353093 0.8391661 0.0667952 0.0647784
9 0.3681287 0.9039445 0.0667952 0.0647783
16 0.5017190 0.9039445 0.0667952 0.0647783
