5 0.6452096 0.7914258 0.0643111 0.0634205
10 0.2593431 0.8548463 0.0643111 0.0634206
32 0.4541679 0.7176384 0.4539605 0.4256495
20 0.2593431 0.5377436 0.0643111 0.0634206
24 0.3879653 0.5377436 0.0643111 0.0634206
12 0.3236542 0.6005544 0.0643110 0.0622009
17 0.4522764 0.6005544 0.0643111 0.0622009
4 0.5165874 0.6005544 0.0643111 0.0622009
28 0.5808985 0.6005544 0.0643111 0.0622009
21 0.6452096 0.6005544 0.0643111 0.0622009
2 0.2593431 0.6645847 0.0643111 0.0634206
22 0.3879653 0.6645847 0.0643111 0.0634206
15 0.5808985 0.6645847 0.0643111 0.0634206
8 0.3879653 0.7280053 0.0643111 0.0634206
9 0.4522764 0.7280053 0.0643111 0.0634206
26 0.3236542 0.7914258 0.0643110 0.0634205
29 0.5165874 0.7914258 0.0643111 0.0634205
31 0.5808985 0.7914258 0.0643111 0.0634205
