24 0.5629173 0.8847011 0.0616637 0.0678298
3 0.6245809 0.8847011 0.0616637 0.0678298
32 0.5030672 0.7379539 0.4352731 0.4552424
7 0.4395898 0.5455521 0.0616637 0.0678298
20 0.6245809 0.5455521 0.0616637 0.0678298
23 0.6862447 0.5455521 0.0616637 0.0678298
11 0.4395898 0.6127296 0.0616637 0.0665254
4 0.6245809 0.6127296 0.0616637 0.0665254
17 0.6862447 0.6127296 0.0616637 0.0665254
5 0.3779262 0.6812117 0.0616637 0.0678298
10 0.4395898 0.6812117 0.0616637 0.0678298
21 0.6245809 0.6812117 0.0616637 0.0678298
31 0.6862447 0.6812117 0.0616637 0.0678298
6 0.5012535 0.7490414 0.0616637 0.0678298
15 0.4395898 0.8168713 0.0616637 0.0678298
9 0.5012535 0.8168713 0.0616637 0.0678298
30 0.6862447 0.8168713 0.0616637 0.0678298
1 0.3779262 0.8847011 0.0616637 0.0678298
