7 0.5402892 0.8629739 0.0631783 0.0635648
25 0.6034675 0.8629739 0.0631783 0.0635648
32 0.4789691 0.7254541 0.4459644 0.4266174
13 0.2875760 0.5451502 0.0631783 0.0635648
5 0.4139326 0.5451502 0.0631783 0.0635648
1 0.6666458 0.5451502 0.0631783 0.0635648
31 0.2875760 0.6081037 0.0631783 0.0623423
6 0.4139326 0.6081037 0.0631783 0.0623423
29 0.4771109 0.6081037 0.0631783 0.0623423
21 0.2875760 0.6722797 0.0631783 0.0635648
23 0.6666458 0.6722797 0.0631783 0.0635648
16 0.2875760 0.7358444 0.0631783 0.0635648
22 0.4139326 0.7358444 0.0631783 0.0635648
14 0.6034675 0.7358444 0.0631783 0.0635648
11 0.2875760 0.7994092 0.0631783 0.0635648
3 0.3507543 0.7994092 0.0631783 0.0635648
28 0.4771109 0.7994092 0.0631783 0.0635648
15 0.4139326 0.8629739 0.0631783 0.0635648
