29 0.6289367 0.8745371 0.0650710 0.0681200
7 0.6940077 0.8745371 0.0650710 0.0681200
32 0.5007085 0.7271622 0.4593248 0.4571898
23 0.4987947 0.5339373 0.0650710 0.0681200
12 0.5638657 0.6014023 0.0650710 0.0668100
11 0.6940077 0.6014023 0.0650710 0.0668100
9 0.3035816 0.6701772 0.0650710 0.0681200
2 0.5638657 0.6701772 0.0650710 0.0681200
16 0.6289367 0.6701772 0.0650710 0.0681200
1 0.6289367 0.7382972 0.0650710 0.0681200
15 0.6940077 0.7382972 0.0650710 0.0681200
5 0.3686526 0.8064172 0.0650710 0.0681200
8 0.4987947 0.8064172 0.0650710 0.0681200
31 0.6289367 0.8064172 0.0650710 0.0681200
28 0.6940077 0.8064172 0.0650710 0.0681200
6 0.3035816 0.8745371 0.0650710 0.0681200
3 0.3686526 0.8745371 0.0650710 0.0681200
10 0.5638657 0.8745371 0.0650710 0.0681200
