25 0.3895432 0.9133929 0.0614190 0.0680541
18 0.5123811 0.9133929 0.0614190 0.0680541
32 0.5141876 0.7661604 0.4335460 0.4567481
13 0.3895432 0.5731222 0.0614190 0.0680542
22 0.4509621 0.5731222 0.0614190 0.0680542
23 0.6966382 0.5731222 0.0614190 0.0680542
5 0.4509621 0.6405219 0.0614190 0.0667454
7 0.5123811 0.6405219 0.0614190 0.0667454
14 0.6352192 0.6405219 0.0614190 0.0667454
24 0.3895432 0.7092305 0.0614190 0.0680542
21 0.6966382 0.7092305 0.0614190 0.0680542
17 0.3895432 0.7772847 0.0614190 0.0680541
11 0.5123811 0.7772847 0.0614190 0.0680541
28 0.5738002 0.7772847 0.0614190 0.0680541
10 0.6352192 0.7772847 0.0614190 0.0680541
2 0.3281241 0.8453388 0.0614190 0.0680542
12 0.5123811 0.8453388 0.0614190 0.0680542
15 0.6352192 0.8453388 0.0614190 0.0680542
