30 0.4233576 0.8375595 0.0657673 0.0644741
7 0.6864265 0.8375595 0.0657672 0.0644741
32 0.4910592 0.6980723 0.4642392 0.4327205
9 0.3575904 0.5151889 0.0657672 0.0644741
20 0.6864265 0.5151889 0.0657672 0.0644741
31 0.4233576 0.5790431 0.0657673 0.0632342
4 0.4891249 0.5790431 0.0657672 0.0632342
19 0.5548921 0.5790431 0.0657672 0.0632342
5 0.6864265 0.5790431 0.0657672 0.0632342
8 0.2918232 0.6441371 0.0657672 0.0644741
2 0.3575904 0.6441371 0.0657672 0.0644741
14 0.4891249 0.6441371 0.0657672 0.0644741
24 0.5548921 0.6441371 0.0657672 0.0644741
13 0.2918232 0.7086113 0.0657672 0.0644741
15 0.4233576 0.7086113 0.0657673 0.0644741
16 0.5548921 0.7086113 0.0657672 0.0644741
1 0.4233576 0.7730854 0.0657673 0.0644742
25 0.5548921 0.7730854 0.0657672 0.0644742
