18 0.5217915 0.8541882 0.0642980 0.0637164
12 0.6503876 0.8541882 0.0642980 0.0637164
32 0.4593845 0.7163402 0.4538686 0.4276350
26 0.3931953 0.5356062 0.0642981 0.0637164
2 0.4574934 0.5356062 0.0642981 0.0637164
25 0.5217915 0.5356062 0.0642980 0.0637164
14 0.5860895 0.5356062 0.0642981 0.0637164
6 0.5217915 0.5987099 0.0642980 0.0624911
28 0.4574934 0.6630390 0.0642981 0.0637164
24 0.5860895 0.6630390 0.0642981 0.0637164
27 0.6503876 0.6630390 0.0642980 0.0637164
3 0.3931953 0.7267554 0.0642981 0.0637164
13 0.5217915 0.7267554 0.0642980 0.0637164
9 0.6503876 0.7267554 0.0642980 0.0637164
8 0.6503876 0.7904718 0.0642980 0.0637164
30 0.3288973 0.8541882 0.0642980 0.0637164
20 0.3931953 0.8541882 0.0642981 0.0637164
7 0.4574934 0.8541882 0.0642981 0.0637164
