9 0.5488423 0.8659332 0.0631940 0.0663975
1 0.6752303 0.8659332 0.0631940 0.0663975
32 0.4875070 0.7222849 0.4460752 0.4456292
25 0.4224544 0.5339458 0.0631940 0.0663975
13 0.6120363 0.5339458 0.0631939 0.0663975
16 0.4224544 0.5997049 0.0631940 0.0651206
11 0.4856483 0.5997049 0.0631940 0.0651206
24 0.5488423 0.5997049 0.0631940 0.0651206
5 0.6120363 0.5997049 0.0631939 0.0651206
8 0.5488423 0.6667407 0.0631940 0.0663975
23 0.6120363 0.6667407 0.0631939 0.0663975
17 0.5488423 0.7331383 0.0631940 0.0663975
14 0.2960664 0.7995357 0.0631940 0.0663975
2 0.3592604 0.7995357 0.0631940 0.0663975
19 0.4856483 0.7995357 0.0631940 0.0663975
28 0.6120363 0.7995357 0.0631939 0.0663975
15 0.3592604 0.8659332 0.0631940 0.0663975
18 0.4224544 0.8659332 0.0631940 0.0663975
