3 0.6051943 0.8007875 0.0625887 0.0621458
28 0.6677830 0.8007875 0.0625887 0.0621458
32 0.4818578 0.6663373 0.4418022 0.4170943
31 0.3548397 0.4900582 0.0625887 0.0621458
22 0.4800170 0.4900582 0.0625887 0.0621458
29 0.6677830 0.4900582 0.0625887 0.0621458
2 0.4174284 0.5516065 0.0625887 0.0609508
14 0.4800170 0.5516065 0.0625887 0.0609508
25 0.3548397 0.6143499 0.0625887 0.0621458
5 0.4174284 0.6143499 0.0625887 0.0621458
16 0.5426057 0.6143499 0.0625887 0.0621458
4 0.6051943 0.6143499 0.0625887 0.0621458
20 0.5426057 0.6764957 0.0625887 0.0621458
9 0.6051943 0.6764957 0.0625887 0.0621458
12 0.2922511 0.7386417 0.0625886 0.0621459
27 0.3548397 0.7386417 0.0625887 0.0621459
11 0.5426057 0.7386417 0.0625887 0.0621459
6 0.2922511 0.8007875 0.0625886 0.0621458
