12 0.3876696 0.9117639 0.0653592 0.0649744
1 0.4530288 0.9117639 0.0653592 0.0649744
32 0.5203102 0.7711942 0.4613589 0.4360783
7 0.5837471 0.5868918 0.0653592 0.0649744
28 0.7144655 0.5868918 0.0653592 0.0649744
23 0.3223104 0.6512415 0.0653592 0.0637249
25 0.4530288 0.6512415 0.0653592 0.0637249
9 0.5183879 0.6512415 0.0653592 0.0637249
4 0.6491063 0.6512415 0.0653592 0.0637249
13 0.3876696 0.7168407 0.0653592 0.0649744
24 0.4530288 0.7168407 0.0653592 0.0649744
29 0.5183879 0.7168407 0.0653592 0.0649744
8 0.5837471 0.7168407 0.0653592 0.0649744
31 0.5183879 0.7818150 0.0653592 0.0649744
30 0.3223104 0.8467896 0.0653592 0.0649744
19 0.4530288 0.8467896 0.0653592 0.0649744
22 0.5183879 0.8467896 0.0653592 0.0649744
16 0.3223104 0.9117639 0.0653592 0.0649744
