29 0.5831485 0.8772754 0.0660096 0.0621243
21 0.7151677 0.8772754 0.0660096 0.0621243
32 0.5190803 0.7428719 0.4659501 0.4169494
14 0.3851197 0.5666541 0.0660096 0.0621243
7 0.6491580 0.5666541 0.0660096 0.0621243
1 0.3191101 0.6281810 0.0660096 0.0609296
30 0.3851197 0.6281810 0.0660096 0.0609296
9 0.5171389 0.6281810 0.0660096 0.0609296
16 0.5831485 0.6281810 0.0660096 0.0609296
10 0.6491580 0.6281810 0.0660096 0.0609296
23 0.7151677 0.6281810 0.0660096 0.0609296
22 0.5171389 0.6909026 0.0660096 0.0621243
13 0.7151677 0.6909026 0.0660096 0.0621243
20 0.4511293 0.7530269 0.0660096 0.0621243
8 0.5171389 0.7530269 0.0660096 0.0621243
11 0.3851197 0.8151511 0.0660096 0.0621243
12 0.5831485 0.8151511 0.0660096 0.0621243
19 0.3851197 0.8772754 0.0660096 0.0621243
