13 0.6015743 0.8915088 0.0668660 0.0648570
3 0.6684403 0.8915088 0.0668660 0.0648570
32 0.5366750 0.7511929 0.4719952 0.4352909
24 0.4678423 0.5672233 0.0668660 0.0648571
10 0.6015743 0.5672233 0.0668660 0.0648571
7 0.4678423 0.6314568 0.0668660 0.0636098
15 0.6684403 0.6314568 0.0668660 0.0636098
14 0.7353063 0.6314568 0.0668660 0.0636098
30 0.5347083 0.6969376 0.0668660 0.0648571
28 0.6015743 0.6969376 0.0668660 0.0648571
22 0.3341103 0.7617946 0.0668660 0.0648571
12 0.4009763 0.7617946 0.0668660 0.0648571
19 0.6015743 0.7617946 0.0668660 0.0648571
27 0.7353063 0.7617946 0.0668660 0.0648571
26 0.4009763 0.8266518 0.0668660 0.0648571
21 0.6015743 0.8266518 0.0668660 0.0648571
5 0.4009763 0.8915088 0.0668660 0.0648570
6 0.4678423 0.8915088 0.0668660 0.0648570
