2 0.5515468 0.8504240 0.0658334 0.0641923
25 0.6832137 0.8504240 0.0658334 0.0641923
32 0.4876497 0.7115466 0.4647065 0.4308287
20 0.2882131 0.5294628 0.0658334 0.0641922
1 0.3540466 0.5294628 0.0658334 0.0641922
8 0.4857134 0.5294628 0.0658334 0.0641922
24 0.6832137 0.5294628 0.0658334 0.0641922
31 0.2882131 0.5930378 0.0658334 0.0629578
5 0.6173802 0.5930378 0.0658334 0.0629578
4 0.3540466 0.6578473 0.0658334 0.0641922
14 0.5515468 0.6578473 0.0658334 0.0641922
12 0.5515468 0.7220395 0.0658334 0.0641923
15 0.6173802 0.7220395 0.0658334 0.0641923
22 0.3540466 0.7862318 0.0658334 0.0641922
9 0.4198800 0.7862318 0.0658334 0.0641922
18 0.4857134 0.7862318 0.0658334 0.0641922
17 0.2882131 0.8504240 0.0658334 0.0641923
23 0.4198800 0.8504240 0.0658334 0.0641923
