4 0.3997146 0.9070523 0.0645732 0.0665366
27 0.4642877 0.9070523 0.0645732 0.0665366
32 0.5307602 0.7631031 0.4558106 0.4465625
13 0.3997146 0.5743697 0.0645732 0.0665365
31 0.4642877 0.5743697 0.0645732 0.0665365
28 0.5288609 0.5743697 0.0645732 0.0665365
26 0.3351414 0.6402664 0.0645732 0.0652570
10 0.3997146 0.6402664 0.0645732 0.0652570
5 0.5288609 0.7074427 0.0645732 0.0665366
20 0.7225804 0.7074427 0.0645731 0.0665366
11 0.4642877 0.7739793 0.0645732 0.0665366
16 0.5288609 0.7739793 0.0645732 0.0665366
3 0.5934341 0.7739793 0.0645732 0.0665366
21 0.7225804 0.7739793 0.0645731 0.0665366
6 0.3997146 0.8405157 0.0645732 0.0665365
8 0.4642877 0.8405157 0.0645732 0.0665365
12 0.5288609 0.8405157 0.0645732 0.0665365
29 0.7225804 0.8405157 0.0645731 0.0665365
