25 0.6667801 0.7879205 0.0638228 0.0642758
31 0.6667801 0.8521964 0.0638228 0.0642757
32 0.5410116 0.7131381 0.4505139 0.4313894
16 0.5391344 0.5308174 0.0638228 0.0642758
26 0.7306029 0.5308174 0.0638228 0.0642758
20 0.4114888 0.5944751 0.0638228 0.0630397
5 0.4753117 0.5944751 0.0638228 0.0630397
21 0.4753117 0.6593690 0.0638228 0.0642758
19 0.5391344 0.6593690 0.0638228 0.0642758
29 0.6667801 0.6593690 0.0638228 0.0642758
24 0.7306029 0.6593690 0.0638228 0.0642758
22 0.3476660 0.7236447 0.0638228 0.0642757
1 0.4114888 0.7236447 0.0638228 0.0642757
7 0.4753117 0.7236447 0.0638228 0.0642757
8 0.7306029 0.7236447 0.0638228 0.0642757
13 0.3476660 0.7879205 0.0638228 0.0642758
27 0.5391344 0.7879205 0.0638228 0.0642758
