1 0.7177226 0.8083635 0.0615672 0.0625706
28 0.4098864 0.8709341 0.0615672 0.0625706
32 0.5348317 0.7355650 0.4345924 0.4199449
16 0.6561554 0.5580812 0.0615673 0.0625706
13 0.4714536 0.6200501 0.0615673 0.0613673
20 0.3483191 0.6832224 0.0615673 0.0625706
5 0.4714536 0.6832224 0.0615673 0.0625706
6 0.5330209 0.6832224 0.0615673 0.0625706
3 0.5945881 0.6832224 0.0615672 0.0625706
8 0.6561554 0.6832224 0.0615673 0.0625706
29 0.6561554 0.7457930 0.0615673 0.0625706
30 0.7177226 0.7457930 0.0615672 0.0625706
7 0.3483191 0.8083635 0.0615673 0.0625706
10 0.4098864 0.8083635 0.0615672 0.0625706
23 0.4714536 0.8083635 0.0615673 0.0625706
9 0.5330209 0.8083635 0.0615673 0.0625706
15 0.6561554 0.8083635 0.0615673 0.0625706
