8 0.6414214 0.9102545 0.0635284 0.0650349
22 0.7049498 0.9102545 0.0635284 0.0650349
32 0.5162330 0.7695541 0.4484360 0.4364840
17 0.5143645 0.5850802 0.0635284 0.0650349
4 0.6414214 0.5850802 0.0635284 0.0650349
15 0.3237792 0.6494897 0.0635284 0.0637842
27 0.3873076 0.6494897 0.0635284 0.0637842
2 0.6414214 0.6494897 0.0635284 0.0637842
13 0.7049498 0.6494897 0.0635284 0.0637842
23 0.3873076 0.7151498 0.0635284 0.0650349
30 0.5143645 0.7151498 0.0635284 0.0650349
6 0.4508360 0.7801848 0.0635284 0.0650349
29 0.6414214 0.7801848 0.0635284 0.0650349
19 0.6414214 0.8452196 0.0635284 0.0650349
5 0.3873076 0.9102545 0.0635284 0.0650349
28 0.4508360 0.9102545 0.0635284 0.0650349
20 0.5143645 0.9102545 0.0635284 0.0650349
