24 0.4028721 0.8328197 0.0624182 0.0655093
25 0.6525450 0.8328197 0.0624183 0.0655093
32 0.5295444 0.6910928 0.4405992 0.4396680
23 0.4028721 0.5052732 0.0624182 0.0655093
2 0.4652903 0.5052732 0.0624182 0.0655093
13 0.5901268 0.5052732 0.0624182 0.0655093
7 0.4028721 0.5701526 0.0624182 0.0642495
26 0.4652903 0.5701526 0.0624182 0.0642495
18 0.5277085 0.5701526 0.0624183 0.0642495
30 0.5901268 0.5701526 0.0624182 0.0642495
4 0.5277085 0.6362918 0.0624183 0.0655093
1 0.6525450 0.6362918 0.0624183 0.0655093
28 0.6525450 0.7018010 0.0624183 0.0655093
22 0.3404539 0.7673103 0.0624182 0.0655093
8 0.4028721 0.7673103 0.0624182 0.0655093
19 0.4652903 0.7673103 0.0624182 0.0655093
14 0.5277085 0.7673103 0.0624183 0.0655093
