11 0.5892239 0.8337195 0.0652405 0.0680630
10 0.6544644 0.8337195 0.0652405 0.0680630
32 0.4606618 0.6864679 0.4605210 0.4568072
25 0.4587430 0.4934047 0.0652405 0.0680630
15 0.3935025 0.5608132 0.0652405 0.0667541
14 0.4587430 0.5608132 0.0652405 0.0667541
4 0.2630215 0.6295306 0.0652405 0.0680630
23 0.5239835 0.6295306 0.0652405 0.0680630
19 0.5892239 0.6295306 0.0652405 0.0680630
21 0.2630215 0.6975937 0.0652405 0.0680630
31 0.3282620 0.6975937 0.0652405 0.0680630
12 0.3935025 0.6975937 0.0652405 0.0680630
20 0.6544644 0.6975937 0.0652405 0.0680630
1 0.5239835 0.7656566 0.0652405 0.0680629
22 0.5892239 0.7656566 0.0652405 0.0680629
3 0.3935025 0.8337195 0.0652405 0.0680630
8 0.4587430 0.8337195 0.0652405 0.0680630
