22 0.4104695 0.8552151 0.0606934 0.0625075
19 0.5318562 0.8552151 0.0606934 0.0625075
32 0.4729480 0.7199826 0.4284237 0.4195212
20 0.2890828 0.5426778 0.0606934 0.0625075
5 0.5318562 0.5426778 0.0606934 0.0625075
26 0.6532430 0.5426778 0.0606934 0.0625075
15 0.3497762 0.6045842 0.0606934 0.0613054
29 0.4104695 0.6045842 0.0606934 0.0613054
25 0.4711629 0.6045842 0.0606934 0.0613054
4 0.6532430 0.6045842 0.0606934 0.0613054
10 0.2890828 0.6676927 0.0606934 0.0625075
8 0.4104695 0.6676927 0.0606934 0.0625075
30 0.4711629 0.6676927 0.0606934 0.0625075
31 0.6532430 0.6676927 0.0606934 0.0625075
28 0.4104695 0.7302002 0.0606934 0.0625075
13 0.5925496 0.7927077 0.0606934 0.0625074
12 0.6532430 0.7927077 0.0606934 0.0625074
