25 0.5326986 0.8653760 0.0637864 0.0649807
6 0.5964851 0.8653760 0.0637864 0.0649807
32 0.5345747 0.7247928 0.4502572 0.4361205
10 0.4689122 0.5404725 0.0637865 0.0649807
23 0.5326986 0.5404725 0.0637864 0.0649807
11 0.4689122 0.6048283 0.0637865 0.0637311
22 0.5326986 0.6048283 0.0637864 0.0637311
12 0.6602715 0.6048283 0.0637864 0.0637311
20 0.4689122 0.6704339 0.0637865 0.0649807
21 0.4051257 0.7354146 0.0637864 0.0649807
8 0.5964851 0.7354146 0.0637864 0.0649807
3 0.6602715 0.7354146 0.0637864 0.0649807
19 0.3413393 0.8003954 0.0637864 0.0649807
4 0.4689122 0.8003954 0.0637865 0.0649807
29 0.5326986 0.8003954 0.0637864 0.0649807
24 0.4051257 0.8653760 0.0637864 0.0649807
28 0.4689122 0.8653760 0.0637865 0.0649807
