18 0.4238559 0.8697896 0.0638360 0.0645509
27 0.5515279 0.8697896 0.0638360 0.0645509
32 0.4895694 0.7301362 0.4506071 0.4332358
16 0.3600199 0.5470351 0.0638360 0.0645509
17 0.4238559 0.5470351 0.0638360 0.0645509
29 0.5515279 0.5470351 0.0638360 0.0645509
6 0.6792000 0.5470351 0.0638360 0.0645509
10 0.5515279 0.6109653 0.0638360 0.0633096
23 0.6792000 0.6109653 0.0638360 0.0633096
8 0.3600199 0.6761369 0.0638360 0.0645509
5 0.4238559 0.6761369 0.0638360 0.0645509
1 0.3600199 0.7406877 0.0638360 0.0645509
9 0.5515279 0.7406877 0.0638360 0.0645509
2 0.2961839 0.8052386 0.0638360 0.0645509
25 0.4238559 0.8052386 0.0638360 0.0645509
4 0.5515279 0.8052386 0.0638360 0.0645509
26 0.2961839 0.8697896 0.0638360 0.0645509
