14 0.5567471 0.7792929 0.0624527 0.0640781
22 0.6191998 0.7792929 0.0624528 0.0640781
32 0.4961311 0.7047406 0.4408430 0.4300623
3 0.3069360 0.5229807 0.0624528 0.0640780
11 0.3693888 0.5229807 0.0624527 0.0640780
5 0.4942943 0.5229807 0.0624527 0.0640780
25 0.6191998 0.5229807 0.0624528 0.0640780
23 0.6816525 0.5229807 0.0624528 0.0640780
2 0.4318415 0.5864426 0.0624528 0.0628458
1 0.4942943 0.6511368 0.0624527 0.0640780
21 0.3693888 0.7152148 0.0624527 0.0640781
4 0.4318415 0.7152148 0.0624528 0.0640781
7 0.6191998 0.7152148 0.0624528 0.0640781
16 0.3069360 0.7792929 0.0624528 0.0640781
10 0.3693888 0.7792929 0.0624527 0.0640781
31 0.4318415 0.7792929 0.0624528 0.0640781
9 0.4942943 0.7792929 0.0624527 0.0640781
