31 0.6496594 0.7703365 0.0669312 0.0660141
21 0.7165906 0.7703365 0.0669312 0.0660141
32 0.5177656 0.6935315 0.4724555 0.4430566
12 0.5157970 0.5062798 0.0669312 0.0660141
4 0.3150034 0.5716592 0.0669312 0.0647446
19 0.3819347 0.5716592 0.0669312 0.0647446
20 0.5157970 0.5716592 0.0669312 0.0647446
3 0.5827282 0.5716592 0.0669312 0.0647446
29 0.3150034 0.6383081 0.0669312 0.0660142
27 0.3819347 0.6383081 0.0669312 0.0660142
18 0.4488658 0.6383081 0.0669312 0.0660142
24 0.5157970 0.6383081 0.0669312 0.0660142
17 0.5827282 0.6383081 0.0669312 0.0660142
2 0.4488658 0.7043224 0.0669312 0.0660142
9 0.5827282 0.7043224 0.0669312 0.0660142
10 0.6496594 0.7043224 0.0669312 0.0660142
14 0.3819347 0.7703365 0.0669312 0.0660141
