19 0.5801977 0.8246230 0.0626707 0.0627919
29 0.7055391 0.8246230 0.0626707 0.0627919
32 0.5193703 0.6887752 0.4423815 0.4214302
4 0.3295148 0.5106635 0.0626707 0.0627919
1 0.3921856 0.5106635 0.0626707 0.0627919
13 0.4548563 0.5106635 0.0626707 0.0627919
8 0.5175270 0.5106635 0.0626707 0.0627919
30 0.5801977 0.5728516 0.0626707 0.0615844
2 0.6428683 0.5728516 0.0626707 0.0615844
3 0.3921856 0.6362473 0.0626707 0.0627919
5 0.7055391 0.6362473 0.0626707 0.0627919
17 0.3295148 0.6990392 0.0626707 0.0627919
10 0.6428683 0.6990392 0.0626707 0.0627919
22 0.7055391 0.6990392 0.0626707 0.0627919
27 0.3921856 0.7618311 0.0626707 0.0627919
14 0.5175270 0.7618311 0.0626707 0.0627919
9 0.3295148 0.8246230 0.0626707 0.0627919
