5 0.6059245 0.7462776 0.0629026 0.0629828
14 0.2914118 0.8092604 0.0629025 0.0629828
32 0.4819695 0.6729996 0.4440180 0.4227113
11 0.2914118 0.4943465 0.0629025 0.0629828
22 0.4172169 0.4943465 0.0629026 0.0629828
23 0.6688271 0.4943465 0.0629026 0.0629828
29 0.2914118 0.5567237 0.0629025 0.0617715
6 0.6059245 0.5567237 0.0629026 0.0617715
30 0.6688271 0.5567237 0.0629026 0.0617715
4 0.2914118 0.6203120 0.0629025 0.0629827
27 0.4172169 0.6203120 0.0629026 0.0629827
20 0.5430220 0.6203120 0.0629026 0.0629827
8 0.6059245 0.6203120 0.0629026 0.0629827
17 0.2914118 0.6832948 0.0629025 0.0629828
16 0.4801194 0.6832948 0.0629025 0.0629828
9 0.6059245 0.6832948 0.0629026 0.0629828
25 0.4172169 0.7462776 0.0629026 0.0629828
