29 0.6414990 0.8741527 0.0630158 0.0682145
12 0.7045148 0.8741527 0.0630157 0.0682145
32 0.5173209 0.7265732 0.4448171 0.4578242
14 0.5154675 0.5330802 0.0630157 0.0682145
25 0.3264202 0.6006387 0.0630158 0.0669027
15 0.4524517 0.6006387 0.0630157 0.0669027
10 0.5154675 0.6006387 0.0630157 0.0669027
24 0.3894360 0.6695091 0.0630157 0.0682145
16 0.5154675 0.6695091 0.0630157 0.0682145
11 0.3264202 0.7377237 0.0630158 0.0682145
30 0.6414990 0.7377237 0.0630158 0.0682145
20 0.7045148 0.7377237 0.0630157 0.0682145
18 0.3894360 0.8059381 0.0630157 0.0682145
7 0.6414990 0.8059381 0.0630158 0.0682145
23 0.7045148 0.8059381 0.0630157 0.0682145
13 0.3264202 0.8741527 0.0630158 0.0682145
1 0.4524517 0.8741527 0.0630157 0.0682145
