18 0.5039954 0.9238379 0.0609423 0.0682136
3 0.5649377 0.9238379 0.0609423 0.0682136
32 0.5057878 0.7736756 0.4301812 0.4526487
22 0.5649377 0.5827699 0.0609423 0.0682136
12 0.6868224 0.5827699 0.0609424 0.0682136
24 0.3211684 0.6503276 0.0609423 0.0669018
30 0.5039954 0.6503276 0.0609423 0.0669018
6 0.5649377 0.6503276 0.0609423 0.0669018
28 0.6258801 0.6503276 0.0609423 0.0669018
1 0.5649377 0.7191971 0.0609423 0.0682137
16 0.3821107 0.7874107 0.0609423 0.0682136
14 0.5039954 0.7874107 0.0609423 0.0682136
7 0.6868224 0.7874107 0.0609424 0.0682136
27 0.5649377 0.8556243 0.0609423 0.0682137
5 0.6258801 0.8556243 0.0609423 0.0682137
25 0.3821107 0.9238379 0.0609423 0.0682136
21 0.4430531 0.9238379 0.0609423 0.0682136
