27 0.4375315 0.9147266 0.0610522 0.0675425
2 0.5596360 0.9147266 0.0610522 0.0675425
32 0.5003794 0.7686008 0.4309570 0.4533143
18 0.4375315 0.5770139 0.0610522 0.0675425
15 0.4985838 0.5770139 0.0610522 0.0675425
13 0.6206882 0.5770139 0.0610522 0.0675425
19 0.6817405 0.5770139 0.0610522 0.0675425
22 0.4375315 0.6439069 0.0610522 0.0662436
6 0.4985838 0.6439069 0.0610522 0.0662436
30 0.5596360 0.6439069 0.0610522 0.0662436
8 0.6817405 0.6439069 0.0610522 0.0662436
31 0.3154271 0.7120989 0.0610522 0.0675426
12 0.3764793 0.7120989 0.0610522 0.0675426
4 0.6206882 0.7120989 0.0610522 0.0675426
24 0.3154271 0.7796414 0.0610522 0.0675425
7 0.4375315 0.8471840 0.0610522 0.0675426
21 0.3154271 0.9147266 0.0610522 0.0675425
