12 0.5198190 0.8246758 0.0617476 0.0620348
28 0.5815665 0.8246758 0.0617476 0.0620348
32 0.4598875 0.6904660 0.4358650 0.4163487
7 0.2728288 0.5145020 0.0617476 0.0620348
16 0.5815665 0.5145020 0.0617476 0.0620348
26 0.2728288 0.6385715 0.0617476 0.0620348
21 0.3963239 0.6385715 0.0617476 0.0620348
29 0.5198190 0.6385715 0.0617476 0.0620348
18 0.5815665 0.6385715 0.0617476 0.0620348
9 0.2728288 0.7006063 0.0617476 0.0620348
22 0.3963239 0.7006063 0.0617476 0.0620348
19 0.5815665 0.7006063 0.0617476 0.0620348
23 0.6433141 0.7006063 0.0617475 0.0620348
6 0.3963239 0.7626411 0.0617476 0.0620348
1 0.3345763 0.8246758 0.0617476 0.0620348
17 0.3963239 0.8246758 0.0617476 0.0620348
30 0.4580714 0.8246758 0.0617476 0.0620348
