3 0.5376033 0.8666434 0.0637083 0.0679277
2 0.6650199 0.8666434 0.0637083 0.0679277
32 0.5394770 0.7196845 0.4497057 0.4558992
21 0.3464783 0.5270051 0.0637083 0.0679277
17 0.4101866 0.5270051 0.0637083 0.0679277
9 0.5376033 0.5270051 0.0637083 0.0679277
8 0.6013116 0.5270051 0.0637083 0.0679277
28 0.3464783 0.5942796 0.0637083 0.0666214
15 0.7287282 0.6628604 0.0637083 0.0679277
25 0.3464783 0.7307881 0.0637083 0.0679277
12 0.5376033 0.7307881 0.0637083 0.0679277
13 0.7287282 0.7307881 0.0637083 0.0679277
14 0.3464783 0.7987158 0.0637083 0.0679276
6 0.4738950 0.7987158 0.0637083 0.0679276
18 0.6013116 0.7987158 0.0637083 0.0679276
16 0.6650199 0.7987158 0.0637083 0.0679276
4 0.3464783 0.8666434 0.0637083 0.0679277
