25 0.3420607 0.8446623 0.0657192 0.0627110
2 0.6049376 0.8446623 0.0657192 0.0627110
32 0.5411513 0.7089896 0.4639004 0.4208872
18 0.4734992 0.5311074 0.0657192 0.0627110
22 0.6706569 0.5311074 0.0657192 0.0627110
3 0.4077800 0.5932154 0.0657192 0.0615050
12 0.5392184 0.5932154 0.0657192 0.0615050
24 0.3420607 0.6565294 0.0657192 0.0627110
10 0.7363760 0.6565294 0.0657192 0.0627110
19 0.4077800 0.7192404 0.0657192 0.0627110
7 0.4734992 0.7192404 0.0657192 0.0627110
8 0.6049376 0.7192404 0.0657192 0.0627110
21 0.6706569 0.7192404 0.0657192 0.0627110
16 0.7363760 0.7192404 0.0657192 0.0627110
28 0.3420607 0.7819514 0.0657192 0.0627110
5 0.4077800 0.7819514 0.0657192 0.0627110
30 0.6706569 0.7819514 0.0657192 0.0627110
