20 0.5153831 0.8203617 0.0607750 0.0622833
30 0.5761580 0.8203617 0.0607749 0.0622833
32 0.5171706 0.6856142 0.4289996 0.4180168
11 0.3938332 0.5089452 0.0607749 0.0622833
14 0.5153831 0.5089452 0.0607750 0.0622833
4 0.6369329 0.5089452 0.0607749 0.0622833
24 0.3938332 0.5706297 0.0607749 0.0610855
17 0.5153831 0.5706297 0.0607750 0.0610855
21 0.6369329 0.5706297 0.0607749 0.0610855
18 0.3938332 0.6335118 0.0607749 0.0622833
9 0.5153831 0.6335118 0.0607750 0.0622833
15 0.5761580 0.6335118 0.0607749 0.0622833
25 0.4546082 0.6957951 0.0607749 0.0622833
23 0.5153831 0.6957951 0.0607750 0.0622833
29 0.5761580 0.6957951 0.0607749 0.0622833
7 0.4546082 0.7580785 0.0607749 0.0622832
3 0.3938332 0.8203617 0.0607749 0.0622833
