25 0.4487159 0.8607526 0.0641905 0.0654990
14 0.5770968 0.8607526 0.0641904 0.0654990
32 0.5147943 0.7190482 0.4531091 0.4395988
24 0.3845254 0.5332578 0.0641904 0.0654990
13 0.5770968 0.5332578 0.0641904 0.0654990
6 0.6412872 0.5332578 0.0641904 0.0654990
20 0.3203350 0.5981270 0.0641904 0.0642394
5 0.3845254 0.5981270 0.0641904 0.0642394
7 0.4487159 0.5981270 0.0641905 0.0642394
15 0.3845254 0.6642557 0.0641904 0.0654989
8 0.4487159 0.6642557 0.0641905 0.0654989
29 0.3203350 0.7297546 0.0641904 0.0654990
28 0.6412872 0.7297546 0.0641904 0.0654990
27 0.3203350 0.7952536 0.0641904 0.0654990
31 0.4487159 0.7952536 0.0641905 0.0654990
23 0.6412872 0.7952536 0.0641904 0.0654990
2 0.7054777 0.7952536 0.0641905 0.0654990
