22 0.4658002 0.9060379 0.0646967 0.0640771
27 0.5951936 0.9060379 0.0646967 0.0640771
32 0.4677030 0.7674097 0.4566825 0.4300558
14 0.4658002 0.5856525 0.0646967 0.0640771
17 0.5951936 0.5856525 0.0646967 0.0640771
1 0.5951936 0.6491135 0.0646967 0.0628448
9 0.2717101 0.7138066 0.0646967 0.0640771
21 0.4011034 0.7138066 0.0646967 0.0640771
23 0.4658002 0.7138066 0.0646967 0.0640771
16 0.5304968 0.7138066 0.0646967 0.0640771
13 0.4011034 0.7778838 0.0646967 0.0640771
3 0.5951936 0.7778838 0.0646967 0.0640771
8 0.2717101 0.8419609 0.0646967 0.0640771
12 0.3364068 0.8419609 0.0646967 0.0640771
4 0.5951936 0.8419609 0.0646967 0.0640771
30 0.6598902 0.8419609 0.0646967 0.0640771
15 0.4011034 0.9060379 0.0646967 0.0640771
