18 0.3428695 0.8539926 0.0658176 0.0630701
9 0.4086871 0.8539926 0.0658176 0.0630701
32 0.4764405 0.7175430 0.4645949 0.4232971
17 0.3428695 0.5386423 0.0658176 0.0630700
11 0.4086871 0.5386423 0.0658176 0.0630700
19 0.6061399 0.5386423 0.0658176 0.0630700
1 0.6719576 0.5386423 0.0658176 0.0630700
23 0.4086871 0.6011060 0.0658176 0.0618572
27 0.4745047 0.6011060 0.0658176 0.0618572
28 0.5403223 0.6011060 0.0658176 0.0618572
3 0.6719576 0.6011060 0.0658176 0.0618572
10 0.4086871 0.6647824 0.0658176 0.0630700
5 0.3428695 0.7278525 0.0658176 0.0630701
12 0.5403223 0.7278525 0.0658176 0.0630701
29 0.6719576 0.7278525 0.0658176 0.0630701
30 0.4745047 0.7909225 0.0658176 0.0630701
7 0.6719576 0.7909225 0.0658176 0.0630701
