8 0.5798433 0.8477960 0.0648331 0.0663181
15 0.6446764 0.8477960 0.0648331 0.0663181
32 0.4520839 0.7043193 0.4576456 0.4450967
2 0.3853439 0.5162054 0.0648331 0.0663182
10 0.2556776 0.5818858 0.0648331 0.0650428
4 0.5150101 0.5818858 0.0648331 0.0650428
14 0.5798433 0.5818858 0.0648331 0.0650428
20 0.2556776 0.6488416 0.0648331 0.0663182
5 0.4501770 0.6488416 0.0648331 0.0663182
23 0.6446764 0.6488416 0.0648331 0.0663182
24 0.2556776 0.7151598 0.0648331 0.0663181
17 0.3853439 0.7151598 0.0648331 0.0663181
7 0.3205107 0.7814780 0.0648331 0.0663181
6 0.4501770 0.7814780 0.0648331 0.0663181
27 0.2556776 0.8477960 0.0648331 0.0663181
11 0.3205107 0.8477960 0.0648331 0.0663181
25 0.3853439 0.8477960 0.0648331 0.0663181
