29 0.4662641 0.8515505 0.0623504 0.0680815
15 0.5909650 0.8515505 0.0623504 0.0680815
32 0.5304484 0.7042589 0.4401208 0.4569317
21 0.4039137 0.5111430 0.0623504 0.0680815
4 0.4662641 0.5111430 0.0623504 0.0680815
6 0.5909650 0.5111430 0.0623504 0.0680815
22 0.3415633 0.5785699 0.0623504 0.0667723
25 0.5286146 0.5785699 0.0623505 0.0667723
12 0.4662641 0.6473061 0.0623504 0.0680816
23 0.5286146 0.6473061 0.0623505 0.0680816
2 0.6533154 0.6473061 0.0623504 0.0680816
20 0.7156659 0.6473061 0.0623505 0.0680816
7 0.3415633 0.7153876 0.0623504 0.0680815
9 0.4039137 0.7834691 0.0623504 0.0680814
30 0.6533154 0.7834691 0.0623504 0.0680814
11 0.7156659 0.7834691 0.0623505 0.0680814
27 0.4039137 0.8515505 0.0623504 0.0680815
