9 0.4072603 0.8847791 0.0609016 0.0665651
24 0.5899652 0.8847791 0.0609016 0.0665651
32 0.4699532 0.7407681 0.4298940 0.4467543
23 0.2854570 0.6178786 0.0609016 0.0652850
8 0.5290636 0.6178786 0.0609016 0.0652850
21 0.5899652 0.6178786 0.0609016 0.0652850
10 0.6508669 0.6178786 0.0609017 0.0652850
20 0.2854570 0.6850838 0.0609016 0.0665651
27 0.4681620 0.6850838 0.0609016 0.0665651
13 0.5899652 0.6850838 0.0609016 0.0665651
7 0.4072603 0.7516489 0.0609016 0.0665651
1 0.4681620 0.7516489 0.0609016 0.0665651
3 0.4681620 0.8182140 0.0609016 0.0665651
28 0.5290636 0.8182140 0.0609016 0.0665651
6 0.5899652 0.8182140 0.0609016 0.0665651
2 0.6508669 0.8182140 0.0609017 0.0665651
16 0.2854570 0.8847791 0.0609016 0.0665651
