3 0.3896635 0.8818422 0.0654443 0.0638577
8 0.5859966 0.8818422 0.0654443 0.0638577
32 0.4570327 0.7436887 0.4619601 0.4285827
1 0.3896635 0.5625542 0.0654443 0.0638576
15 0.4551078 0.5625542 0.0654443 0.0638576
19 0.3242192 0.6257977 0.0654444 0.0626295
2 0.3896635 0.6257977 0.0654443 0.0626295
9 0.6514409 0.6257977 0.0654443 0.0626295
27 0.2587748 0.6902693 0.0654443 0.0638577
20 0.3242192 0.7541270 0.0654444 0.0638576
13 0.4551078 0.7541270 0.0654443 0.0638576
16 0.5205522 0.7541270 0.0654444 0.0638576
23 0.5859966 0.7541270 0.0654443 0.0638576
4 0.3242192 0.8179845 0.0654444 0.0638576
28 0.5859966 0.8179845 0.0654443 0.0638576
29 0.2587748 0.8818422 0.0654443 0.0638577
30 0.3242192 0.8818422 0.0654444 0.0638577
