3 0.3962659 0.9058617 0.0610014 0.0682333
14 0.5792702 0.9058617 0.0610014 0.0682333
32 0.5200629 0.7582417 0.4305983 0.4579499
23 0.3352645 0.5646956 0.0610014 0.0682332
10 0.3962659 0.5646956 0.0610014 0.0682332
25 0.4572673 0.5646956 0.0610014 0.0682332
26 0.5182688 0.5646956 0.0610014 0.0682332
17 0.6402716 0.5646956 0.0610014 0.0682332
15 0.5792702 0.6322727 0.0610014 0.0669210
27 0.6402716 0.6322727 0.0610014 0.0669210
6 0.4572673 0.7011620 0.0610014 0.0682333
24 0.6402716 0.7011620 0.0610014 0.0682333
4 0.7012730 0.7011620 0.0610014 0.0682333
20 0.3962659 0.7693952 0.0610014 0.0682332
8 0.5792702 0.7693952 0.0610014 0.0682332
9 0.3962659 0.8376284 0.0610014 0.0682332
5 0.7012730 0.8376284 0.0610014 0.0682332
