14 0.4875151 0.8970752 0.0642186 0.0647379
24 0.6801711 0.8970752 0.0642186 0.0647379
32 0.4894039 0.7570171 0.4533083 0.4344914
11 0.4875151 0.5733853 0.0642186 0.0647380
5 0.5517338 0.5733853 0.0642187 0.0647380
22 0.6801711 0.5733853 0.0642186 0.0647380
3 0.5517338 0.6375008 0.0642187 0.0634930
7 0.6159525 0.6375008 0.0642187 0.0634930
20 0.4232965 0.7028613 0.0642187 0.0647380
23 0.6801711 0.7028613 0.0642186 0.0647380
4 0.4232965 0.7675992 0.0642187 0.0647379
21 0.4875151 0.7675992 0.0642186 0.0647379
8 0.6159525 0.7675992 0.0642187 0.0647379
31 0.6801711 0.7675992 0.0642186 0.0647379
28 0.5517338 0.8323372 0.0642187 0.0647380
15 0.6159525 0.8323372 0.0642187 0.0647380
16 0.2948591 0.8970752 0.0642187 0.0647379
