13 0.3257228 0.9064424 0.0669164 0.0643292
8 0.5264719 0.9064424 0.0669164 0.0643292
32 0.4615237 0.7672687 0.4723510 0.4317477
19 0.2588064 0.5847965 0.0669164 0.0643292
31 0.3926392 0.5847965 0.0669164 0.0643292
4 0.6603048 0.5847965 0.0669164 0.0643292
17 0.3926392 0.6485072 0.0669164 0.0630921
10 0.5264719 0.6485072 0.0669164 0.0630921
24 0.5933884 0.6485072 0.0669164 0.0630921
30 0.6603048 0.6485072 0.0669164 0.0630921
1 0.3257228 0.7134549 0.0669164 0.0643291
11 0.5264719 0.7134549 0.0669164 0.0643291
27 0.3257228 0.7777840 0.0669164 0.0643292
16 0.3926392 0.7777840 0.0669164 0.0643292
12 0.4595556 0.7777840 0.0669164 0.0643292
22 0.3257228 0.8421132 0.0669164 0.0643291
14 0.5264719 0.8421132 0.0669164 0.0643291
