1 0.4518339 0.8184808 0.0622603 0.0621684
16 0.6386147 0.8184808 0.0622602 0.0621684
32 0.5159254 0.6839822 0.4394844 0.4172449
19 0.4518339 0.5076394 0.0622603 0.0621683
20 0.5140942 0.5076394 0.0622603 0.0621683
2 0.5763545 0.5076394 0.0622603 0.0621683
24 0.6386147 0.5076394 0.0622602 0.0621683
29 0.3895736 0.5692099 0.0622603 0.0609727
12 0.4518339 0.5692099 0.0622603 0.0609727
9 0.5140942 0.5692099 0.0622603 0.0609727
13 0.5763545 0.5692099 0.0622603 0.0609727
28 0.5140942 0.6319760 0.0622603 0.0621683
26 0.3895736 0.6941443 0.0622603 0.0621683
3 0.5140942 0.6941443 0.0622603 0.0621683
17 0.3895736 0.7563126 0.0622603 0.0621683
22 0.7008750 0.7563126 0.0622603 0.0621683
10 0.3273133 0.8184808 0.0622603 0.0621684
