26 0.5916232 0.9122250 0.0666938 0.0645399
10 0.6583170 0.9122250 0.0666938 0.0645399
32 0.4601971 0.7725954 0.4707801 0.4331619
23 0.2581539 0.5895255 0.0666938 0.0645399
27 0.3248478 0.5895255 0.0666938 0.0645399
12 0.4582355 0.5895255 0.0666938 0.0645399
6 0.5916232 0.5895255 0.0666938 0.0645399
8 0.6583170 0.6534448 0.0666938 0.0632988
4 0.2581539 0.7186053 0.0666938 0.0645399
7 0.3248478 0.7186053 0.0666938 0.0645399
5 0.2581539 0.7831451 0.0666938 0.0645399
16 0.6583170 0.7831451 0.0666938 0.0645399
17 0.2581539 0.8476851 0.0666938 0.0645399
3 0.3248478 0.8476851 0.0666938 0.0645399
2 0.5249293 0.8476851 0.0666938 0.0645399
11 0.5916232 0.8476851 0.0666938 0.0645399
22 0.5249293 0.9122250 0.0666938 0.0645399
