7 0.6488909 0.9149836 0.0656549 0.0660704
18 0.7145459 0.9149836 0.0656550 0.0660704
32 0.5195120 0.7720428 0.4634469 0.4434340
24 0.3206160 0.5846316 0.0656550 0.0660704
27 0.3862710 0.6500667 0.0656549 0.0647998
29 0.4519260 0.6500667 0.0656550 0.0647998
20 0.5832359 0.6500667 0.0656550 0.0647998
17 0.3206160 0.7828428 0.0656550 0.0660704
19 0.3862710 0.7828428 0.0656549 0.0660704
2 0.6488909 0.7828428 0.0656549 0.0660704
8 0.7145459 0.7828428 0.0656550 0.0660704
1 0.3862710 0.8489132 0.0656549 0.0660704
14 0.6488909 0.8489132 0.0656549 0.0660704
21 0.7145459 0.8489132 0.0656550 0.0660704
9 0.3862710 0.9149836 0.0656549 0.0660704
15 0.5175809 0.9149836 0.0656550 0.0660704
12 0.5832359 0.9149836 0.0656550 0.0660704
