19 0.5145027 0.8682709 0.0623341 0.0677224
11 0.5768368 0.8682709 0.0623341 0.0677224
32 0.4540020 0.7217561 0.4400052 0.4545213
15 0.2651665 0.5296589 0.0623341 0.0677224
2 0.4521687 0.5296589 0.0623341 0.0677224
16 0.2651665 0.5967301 0.0623341 0.0664200
7 0.5768368 0.5967301 0.0623341 0.0664200
1 0.4521687 0.6651037 0.0623341 0.0677224
26 0.5768368 0.6651037 0.0623341 0.0677224
24 0.6391708 0.6651037 0.0623341 0.0677224
8 0.2651665 0.7328261 0.0623341 0.0677224
25 0.5145027 0.7328261 0.0623341 0.0677224
23 0.5768368 0.7328261 0.0623341 0.0677224
4 0.6391708 0.7328261 0.0623341 0.0677224
12 0.3898346 0.8005484 0.0623341 0.0677224
20 0.6391708 0.8005484 0.0623341 0.0677224
9 0.4521687 0.8682709 0.0623341 0.0677224
