31 0.7395559 0.8204597 0.0653737 0.0672052
6 0.6088085 0.8876649 0.0653737 0.0672053
32 0.5453575 0.7422690 0.4614614 0.4510506
23 0.3473137 0.5516387 0.0653737 0.0672052
2 0.4780611 0.5516387 0.0653737 0.0672052
19 0.5434348 0.5516387 0.0653737 0.0672052
24 0.6088085 0.5516387 0.0653737 0.0672052
10 0.3473137 0.6181978 0.0653737 0.0659128
9 0.5434348 0.6181978 0.0653737 0.0659128
1 0.4780611 0.6860492 0.0653737 0.0672052
20 0.6741822 0.6860492 0.0653737 0.0672052
29 0.7395559 0.6860492 0.0653737 0.0672052
4 0.3473137 0.7532544 0.0653737 0.0672053
22 0.6741822 0.7532544 0.0653737 0.0672053
16 0.4126874 0.8204597 0.0653737 0.0672052
30 0.5434348 0.8204597 0.0653737 0.0672052
5 0.6741822 0.8204597 0.0653737 0.0672052
