10 0.6749191 0.8381119 0.0652982 0.0667979
16 0.7402174 0.8381119 0.0652983 0.0667979
32 0.5462431 0.6935973 0.4609289 0.4483165
12 0.5443226 0.5041226 0.0652983 0.0667979
5 0.6749191 0.5041226 0.0652982 0.0667979
22 0.7402174 0.5041226 0.0652983 0.0667979
4 0.4137260 0.5702782 0.0652983 0.0655133
18 0.6096208 0.5702782 0.0652983 0.0655133
24 0.6749191 0.5702782 0.0652982 0.0655133
29 0.6096208 0.6377183 0.0652983 0.0667979
8 0.3484278 0.7045161 0.0652983 0.0667979
11 0.4137260 0.7045161 0.0652983 0.0667979
31 0.6096208 0.7045161 0.0652983 0.0667979
28 0.5443226 0.7713141 0.0652983 0.0667979
6 0.6749191 0.7713141 0.0652982 0.0667979
21 0.7402174 0.7713141 0.0652983 0.0667979
15 0.6096208 0.8381119 0.0652983 0.0667979
