10 0.4735616 0.8162389 0.0656526 0.0646272
15 0.6048668 0.8162389 0.0656526 0.0646272
32 0.5411452 0.6764204 0.4634301 0.4337478
27 0.3422564 0.4931030 0.0656526 0.0646272
20 0.4735616 0.4931030 0.0656526 0.0646272
3 0.5392142 0.4931030 0.0656526 0.0646272
16 0.6705193 0.4931030 0.0656526 0.0646272
4 0.4079090 0.5571088 0.0656526 0.0633844
9 0.6048668 0.5571088 0.0656526 0.0633844
7 0.4079090 0.6223574 0.0656526 0.0646272
12 0.3422564 0.6869846 0.0656526 0.0646272
5 0.4735616 0.6869846 0.0656526 0.0646272
13 0.6705193 0.6869846 0.0656526 0.0646272
31 0.7361720 0.6869846 0.0656526 0.0646272
29 0.4735616 0.7516117 0.0656526 0.0646272
6 0.6048668 0.7516117 0.0656526 0.0646272
30 0.6705193 0.7516117 0.0656526 0.0646272
