26 0.3503058 0.8659740 0.0613129 0.0637656
27 0.5955576 0.8659740 0.0613129 0.0637656
32 0.5360480 0.7280196 0.4327974 0.4279652
10 0.4116187 0.5471461 0.0613130 0.0637656
24 0.5342447 0.5471461 0.0613130 0.0637656
21 0.3503058 0.6102985 0.0613129 0.0625394
7 0.4116187 0.6102985 0.0613130 0.0625394
4 0.5342447 0.6102985 0.0613130 0.0625394
18 0.5955576 0.6102985 0.0613129 0.0625394
16 0.6568706 0.6746773 0.0613130 0.0637656
9 0.7181836 0.6746773 0.0613129 0.0637656
13 0.5342447 0.7384428 0.0613130 0.0637656
20 0.7181836 0.7384428 0.0613129 0.0637656
1 0.3503058 0.8022084 0.0613129 0.0637656
28 0.4116187 0.8022084 0.0613130 0.0637656
22 0.5955576 0.8022084 0.0613129 0.0637656
6 0.6568706 0.8022084 0.0613130 0.0637656
