15 0.3355800 0.8659612 0.0629547 0.0677818
2 0.7133083 0.8659612 0.0629547 0.0677818
32 0.5262958 0.7193178 0.4443863 0.4549205
30 0.5244442 0.5270519 0.0629547 0.0677819
28 0.7133083 0.5270519 0.0629547 0.0677819
11 0.3355800 0.5941821 0.0629547 0.0664783
22 0.5244442 0.5941821 0.0629547 0.0664783
5 0.7133083 0.5941821 0.0629547 0.0664783
31 0.4614894 0.6626157 0.0629548 0.0677819
12 0.5244442 0.6626157 0.0629547 0.0677819
26 0.3985347 0.7303975 0.0629547 0.0677818
8 0.4614894 0.7303975 0.0629548 0.0677818
7 0.5873989 0.7303975 0.0629547 0.0677818
19 0.6503536 0.7303975 0.0629548 0.0677818
4 0.3355800 0.7981793 0.0629547 0.0677819
29 0.4614894 0.7981793 0.0629548 0.0677819
13 0.5873989 0.7981793 0.0629547 0.0677819
