8 0.4714198 0.8470685 0.0654291 0.0659476
4 0.6022779 0.8470685 0.0654291 0.0659476
32 0.4733442 0.7043932 0.4618523 0.4426103
18 0.3405616 0.5173301 0.0654291 0.0659477
24 0.5368489 0.5173301 0.0654291 0.0659477
5 0.6677071 0.5173301 0.0654291 0.0659477
20 0.2751326 0.5826437 0.0654291 0.0646795
1 0.4059907 0.5826437 0.0654291 0.0646795
25 0.4714198 0.5826437 0.0654291 0.0646795
11 0.6677071 0.5826437 0.0654291 0.0646795
31 0.6022779 0.6492255 0.0654291 0.0659477
15 0.3405616 0.7151732 0.0654291 0.0659476
2 0.6022779 0.7151732 0.0654291 0.0659476
13 0.2751326 0.7811208 0.0654291 0.0659476
28 0.5368489 0.7811208 0.0654291 0.0659476
26 0.6022779 0.7811208 0.0654291 0.0659476
29 0.3405616 0.8470685 0.0654291 0.0659476
