4 0.4238345 0.8270538 0.0615881 0.0644183
27 0.7317747 0.8270538 0.0615881 0.0644183
32 0.5488220 0.6876872 0.4347393 0.4323460
22 0.4238345 0.5049622 0.0615881 0.0644183
6 0.5470106 0.5049622 0.0615881 0.0644183
8 0.4854225 0.5687611 0.0615881 0.0631795
17 0.5470106 0.5687611 0.0615881 0.0631795
28 0.6701867 0.5687611 0.0615880 0.0631795
7 0.7317747 0.5687611 0.0615881 0.0631795
24 0.3622464 0.6337988 0.0615881 0.0644183
13 0.4238345 0.6337988 0.0615881 0.0644183
26 0.6701867 0.6337988 0.0615880 0.0644183
1 0.4854225 0.6982172 0.0615881 0.0644183
31 0.6701867 0.6982172 0.0615880 0.0644183
9 0.4854225 0.7626355 0.0615881 0.0644183
14 0.5470106 0.7626355 0.0615881 0.0644183
18 0.6701867 0.7626355 0.0615880 0.0644183
