9 0.5124389 0.8351808 0.0668658 0.0664315
30 0.5793047 0.8351808 0.0668658 0.0664315
32 0.5144055 0.6914587 0.4719939 0.4458577
13 0.3118415 0.5030231 0.0668658 0.0664315
14 0.5793047 0.5030231 0.0668658 0.0664315
3 0.7130363 0.5030231 0.0668658 0.0664315
16 0.3118415 0.5688159 0.0668658 0.0651540
4 0.3787073 0.5688159 0.0668658 0.0651540
10 0.4455730 0.5688159 0.0668658 0.0651540
7 0.5793047 0.5688159 0.0668658 0.0651540
20 0.7130363 0.5688159 0.0668658 0.0651540
27 0.3787073 0.6358862 0.0668658 0.0664315
28 0.5793047 0.6358862 0.0668658 0.0664315
1 0.7130363 0.6358862 0.0668658 0.0664315
22 0.6461705 0.7023177 0.0668658 0.0664315
21 0.3787073 0.7687492 0.0668658 0.0664316
17 0.3787073 0.8351808 0.0668658 0.0664315
