14 0.3439983 0.8629455 0.0663861 0.0665709
30 0.6095428 0.8629455 0.0663861 0.0665709
32 0.4787231 0.7189220 0.4686081 0.4467927
16 0.2776121 0.5300913 0.0663861 0.0665709
23 0.3439983 0.5300913 0.0663861 0.0665709
17 0.4103844 0.5300913 0.0663861 0.0665709
25 0.5431567 0.5300913 0.0663861 0.0665709
5 0.6759290 0.5300913 0.0663862 0.0665709
27 0.2776121 0.5960221 0.0663861 0.0652906
2 0.4767706 0.5960221 0.0663861 0.0652906
3 0.6759290 0.5960221 0.0663862 0.0652906
8 0.6759290 0.6632330 0.0663862 0.0665708
29 0.4767706 0.7298038 0.0663861 0.0665708
4 0.2776121 0.7963747 0.0663861 0.0665708
9 0.3439983 0.7963747 0.0663861 0.0665708
15 0.5431567 0.7963747 0.0663861 0.0665708
10 0.6095428 0.7963747 0.0663861 0.0665708
