8 0.3191382 0.8561667 0.0640270 0.0647470
25 0.6392733 0.8561667 0.0640271 0.0647470
32 0.5131024 0.7160889 0.4519555 0.4345523
26 0.4471922 0.5324314 0.0640270 0.0647470
30 0.5752463 0.5324314 0.0640270 0.0647470
12 0.7033003 0.5324314 0.0640270 0.0647470
18 0.5752463 0.5965559 0.0640270 0.0635019
23 0.6392733 0.5965559 0.0640271 0.0635019
15 0.4471922 0.6619255 0.0640270 0.0647470
14 0.7033003 0.6619255 0.0640270 0.0647470
20 0.3191382 0.7266725 0.0640270 0.0647471
7 0.3831652 0.7266725 0.0640270 0.0647471
5 0.5752463 0.7266725 0.0640270 0.0647471
19 0.6392733 0.7266725 0.0640271 0.0647471
11 0.5112193 0.7914197 0.0640270 0.0647471
31 0.5752463 0.7914197 0.0640270 0.0647471
22 0.6392733 0.7914197 0.0640271 0.0647471
