9 0.4182366 0.8968646 0.0618316 0.0654227
22 0.4800681 0.8968646 0.0618316 0.0654227
32 0.4818867 0.7553253 0.4364581 0.4390865
1 0.4800681 0.5697515 0.0618316 0.0654226
2 0.6037312 0.5697515 0.0618316 0.0654226
24 0.4182366 0.6345451 0.0618316 0.0641645
5 0.4800681 0.6345451 0.0618316 0.0641645
8 0.6037312 0.6345451 0.0618316 0.0641645
30 0.3564050 0.7005968 0.0618316 0.0654227
7 0.4800681 0.7005968 0.0618316 0.0654227
26 0.6037312 0.7005968 0.0618316 0.0654227
25 0.6655628 0.7005968 0.0618316 0.0654227
19 0.6037312 0.7660194 0.0618316 0.0654226
3 0.4182366 0.8314420 0.0618316 0.0654226
14 0.4800681 0.8314420 0.0618316 0.0654226
4 0.6037312 0.8314420 0.0618316 0.0654226
15 0.2945735 0.8968646 0.0618316 0.0654227
