3 0.6014620 0.8556709 0.0621637 0.0665468
13 0.6636257 0.8556709 0.0621637 0.0665468
32 0.5411266 0.7116995 0.4388028 0.4466313
31 0.4771346 0.5229370 0.0621637 0.0665468
27 0.7257895 0.5229370 0.0621638 0.0665468
30 0.4149708 0.5888440 0.0621637 0.0652670
11 0.4771346 0.5888440 0.0621637 0.0652670
16 0.6014620 0.5888440 0.0621637 0.0652670
10 0.7257895 0.5888440 0.0621638 0.0652670
15 0.4771346 0.6560306 0.0621637 0.0665467
7 0.6636257 0.6560306 0.0621637 0.0665467
23 0.4149708 0.7225774 0.0621637 0.0665468
18 0.6636257 0.7225774 0.0621637 0.0665468
19 0.4149708 0.7891241 0.0621637 0.0665468
8 0.4771346 0.7891241 0.0621637 0.0665468
12 0.6014620 0.7891241 0.0621637 0.0665468
2 0.5392982 0.8556709 0.0621637 0.0665468
