8 0.6039602 0.8350953 0.0611639 0.0644743
26 0.7262881 0.8350953 0.0611640 0.0644743
32 0.5445951 0.6956075 0.4317457 0.4327222
29 0.3593043 0.5127235 0.0611640 0.0644744
12 0.4816322 0.5127235 0.0611640 0.0644744
14 0.7262881 0.5127235 0.0611640 0.0644744
28 0.4204682 0.5765779 0.0611640 0.0632345
30 0.6039602 0.5765779 0.0611639 0.0632345
31 0.3593043 0.6416722 0.0611640 0.0644743
6 0.4816322 0.6416722 0.0611640 0.0644743
24 0.6039602 0.6416722 0.0611639 0.0644743
2 0.4816322 0.7061465 0.0611640 0.0644744
17 0.5427962 0.7061465 0.0611640 0.0644744
11 0.7262881 0.7061465 0.0611640 0.0644744
27 0.3593043 0.7706210 0.0611640 0.0644743
22 0.4204682 0.7706210 0.0611640 0.0644743
3 0.6039602 0.7706210 0.0611639 0.0644743
