17 0.3972026 0.8717240 0.0642594 0.0660799
20 0.6542400 0.8717240 0.0642594 0.0660799
32 0.5276113 0.7287628 0.4535954 0.4434975
29 0.3329433 0.5413247 0.0642593 0.0660799
10 0.3972026 0.5413247 0.0642594 0.0660799
6 0.4614620 0.5413247 0.0642593 0.0660799
4 0.5257213 0.5413247 0.0642593 0.0660799
22 0.7184994 0.5413247 0.0642593 0.0660799
21 0.5257213 0.6067692 0.0642593 0.0648091
18 0.6542400 0.6067692 0.0642594 0.0648091
28 0.4614620 0.6734844 0.0642593 0.0660799
3 0.5257213 0.6734844 0.0642593 0.0660799
5 0.7184994 0.6734844 0.0642593 0.0660799
23 0.3329433 0.7395643 0.0642593 0.0660799
24 0.4614620 0.7395643 0.0642593 0.0660799
16 0.3329433 0.8056441 0.0642593 0.0660799
14 0.6542400 0.8056441 0.0642594 0.0660799
