9 0.5459590 0.7972147 0.0667516 0.0667176
16 0.7462138 0.7972147 0.0667516 0.0667176
32 0.5479223 0.7195912 0.4711878 0.4477777
10 0.3457042 0.5303442 0.0667516 0.0667176
11 0.4792075 0.5303442 0.0667516 0.0667176
25 0.3457042 0.5964203 0.0667516 0.0654345
23 0.4792075 0.5964203 0.0667516 0.0654345
27 0.6794623 0.5964203 0.0667516 0.0654345
5 0.7462138 0.5964203 0.0667516 0.0654345
30 0.4124558 0.6637794 0.0667516 0.0667176
24 0.7462138 0.6637794 0.0667516 0.0667176
13 0.5459590 0.7304970 0.0667516 0.0667176
7 0.6127106 0.7304970 0.0667516 0.0667176
8 0.6794623 0.7304970 0.0667516 0.0667176
18 0.7462138 0.7304970 0.0667516 0.0667176
2 0.4124558 0.7972147 0.0667516 0.0667176
14 0.4792075 0.7972147 0.0667516 0.0667176
