19 0.6701281 0.7971597 0.0620676 0.0657590
30 0.3597902 0.8629187 0.0620676 0.0657590
32 0.4857508 0.7206517 0.4381242 0.4413438
29 0.2977226 0.5341239 0.0620676 0.0657590
23 0.4218578 0.5341239 0.0620676 0.0657590
7 0.6080605 0.5341239 0.0620676 0.0657590
4 0.2977226 0.5992506 0.0620676 0.0644944
25 0.4839253 0.5992506 0.0620676 0.0644944
3 0.5459929 0.5992506 0.0620676 0.0644944
20 0.4218578 0.6656418 0.0620676 0.0657590
26 0.4839253 0.6656418 0.0620676 0.0657590
14 0.6701281 0.6656418 0.0620676 0.0657590
31 0.5459929 0.7314008 0.0620676 0.0657590
10 0.6080605 0.7314008 0.0620676 0.0657590
6 0.4218578 0.7971597 0.0620676 0.0657590
16 0.5459929 0.7971597 0.0620676 0.0657590
15 0.6080605 0.7971597 0.0620676 0.0657590
