13 0.4757779 0.8264421 0.0651080 0.0638368
8 0.6059938 0.8264421 0.0651080 0.0638368
32 0.5428008 0.6883337 0.4595856 0.4284429
14 0.4106699 0.5072582 0.0651080 0.0638368
24 0.5408858 0.5072582 0.0651080 0.0638368
16 0.6059938 0.5072582 0.0651080 0.0638368
3 0.3455620 0.5704812 0.0651080 0.0626091
31 0.5408858 0.5704812 0.0651080 0.0626091
9 0.7362097 0.5704812 0.0651080 0.0626091
4 0.4757779 0.6349318 0.0651080 0.0638368
15 0.6059938 0.6349318 0.0651080 0.0638368
22 0.7362097 0.6349318 0.0651080 0.0638368
12 0.4757779 0.6987686 0.0651080 0.0638367
20 0.4106699 0.7626053 0.0651080 0.0638367
30 0.4757779 0.7626053 0.0651080 0.0638367
25 0.5408858 0.7626053 0.0651080 0.0638367
27 0.3455620 0.8264421 0.0651080 0.0638368
