8 0.4704148 0.8615055 0.0613848 0.0630464
1 0.5931844 0.8615055 0.0613848 0.0630464
32 0.4722203 0.7251069 0.4333045 0.4231387
29 0.2862604 0.5462732 0.0613848 0.0630465
19 0.3476452 0.5462732 0.0613848 0.0630465
22 0.4090300 0.5462732 0.0613848 0.0630465
23 0.5931844 0.5462732 0.0613848 0.0630465
9 0.2862604 0.6087135 0.0613848 0.0618340
24 0.3476452 0.6087135 0.0613848 0.0618340
16 0.4090300 0.6087135 0.0613848 0.0618340
10 0.6545692 0.6087135 0.0613848 0.0618340
21 0.2862604 0.6723662 0.0613848 0.0630465
30 0.3476452 0.6723662 0.0613848 0.0630465
5 0.4704148 0.6723662 0.0613848 0.0630465
15 0.4704148 0.7984590 0.0613848 0.0630465
26 0.5317996 0.7984590 0.0613848 0.0630465
12 0.3476452 0.8615055 0.0613848 0.0630464
