5 0.3953072 0.8824883 0.0668654 0.0657690
12 0.5290380 0.8824883 0.0668654 0.0657690
32 0.5310046 0.7401994 0.4719911 0.4414116
15 0.5959034 0.5536430 0.0668654 0.0657691
26 0.6627689 0.5536430 0.0668654 0.0657691
6 0.3953072 0.6187796 0.0668654 0.0645042
1 0.4621726 0.6187796 0.0668654 0.0645042
13 0.5290380 0.6187796 0.0668654 0.0645042
11 0.6627689 0.6187796 0.0668654 0.0645042
25 0.3953072 0.6851810 0.0668654 0.0657690
18 0.5290380 0.6851810 0.0668654 0.0657690
4 0.5959034 0.6851810 0.0668654 0.0657690
14 0.6627689 0.6851810 0.0668654 0.0657690
16 0.3284418 0.7509502 0.0668654 0.0657691
23 0.4621726 0.7509502 0.0668654 0.0657691
19 0.5290380 0.8167192 0.0668654 0.0657690
