28 0.5374781 0.9109243 0.0645850 0.0676416
14 0.6666483 0.9109243 0.0645851 0.0676416
32 0.4747926 0.7645843 0.4558945 0.4539792
24 0.5374781 0.5727163 0.0645850 0.0676416
7 0.6666483 0.5727163 0.0645851 0.0676416
30 0.4083080 0.6397075 0.0645851 0.0663408
13 0.5374781 0.6397075 0.0645850 0.0663408
3 0.2791379 0.7079995 0.0645851 0.0676416
27 0.4083080 0.7079995 0.0645851 0.0676416
2 0.5374781 0.7079995 0.0645850 0.0676416
29 0.6020632 0.7079995 0.0645851 0.0676416
11 0.3437230 0.7756411 0.0645850 0.0676416
10 0.3437230 0.8432827 0.0645850 0.0676416
9 0.5374781 0.8432827 0.0645850 0.0676416
23 0.6666483 0.8432827 0.0645851 0.0676416
15 0.2791379 0.9109243 0.0645851 0.0676416
