5 0.6134756 0.7501572 0.0608412 0.0622734
24 0.5526344 0.8124306 0.0608412 0.0622734
32 0.4935827 0.6777045 0.4294673 0.4179502
30 0.3092696 0.5010636 0.0608412 0.0622734
9 0.3701109 0.5010636 0.0608412 0.0622734
16 0.6134756 0.5010636 0.0608412 0.0622734
14 0.6743169 0.5010636 0.0608412 0.0622734
8 0.3701109 0.5627382 0.0608412 0.0610758
12 0.3092696 0.6256104 0.0608412 0.0622734
17 0.6134756 0.6256104 0.0608412 0.0622734
11 0.3701109 0.6878838 0.0608412 0.0622734
18 0.4309521 0.6878838 0.0608412 0.0622734
25 0.6743169 0.6878838 0.0608412 0.0622734
21 0.3701109 0.7501572 0.0608412 0.0622734
20 0.4309521 0.7501572 0.0608412 0.0622734
6 0.4917933 0.7501572 0.0608412 0.0622734
