15 0.6607527 0.7989480 0.0665863 0.0673210
20 0.3278212 0.8662691 0.0665863 0.0673211
32 0.5295385 0.7206226 0.4700209 0.4518279
26 0.5275801 0.5296638 0.0665863 0.0673211
24 0.5941664 0.5296638 0.0665863 0.0673211
23 0.3944075 0.5963375 0.0665863 0.0660264
4 0.5275801 0.5963375 0.0665863 0.0660264
21 0.5941664 0.5963375 0.0665863 0.0660264
6 0.6607527 0.5963375 0.0665863 0.0660264
17 0.7273390 0.5963375 0.0665863 0.0660264
22 0.3944075 0.6643059 0.0665863 0.0673211
19 0.4609938 0.6643059 0.0665863 0.0673211
27 0.5941664 0.6643059 0.0665863 0.0673211
5 0.5941664 0.7316269 0.0665863 0.0673211
13 0.7273390 0.7316269 0.0665863 0.0673211
31 0.5941664 0.7989480 0.0665863 0.0673210
