7 0.6026241 0.8061922 0.0623793 0.0680041
2 0.6650034 0.8061922 0.0623793 0.0680041
32 0.4797002 0.7270720 0.4403244 0.4564121
19 0.2907276 0.5341758 0.0623793 0.0680041
4 0.4778654 0.5341758 0.0623793 0.0680041
21 0.5402448 0.5341758 0.0623793 0.0680041
30 0.2907276 0.6015260 0.0623793 0.0666964
11 0.4154861 0.6015260 0.0623793 0.0666964
9 0.4778654 0.6015260 0.0623793 0.0666964
3 0.6026241 0.6015260 0.0623793 0.0666964
22 0.6650034 0.6701840 0.0623793 0.0680041
25 0.3531069 0.7381881 0.0623793 0.0680042
28 0.4154861 0.7381881 0.0623793 0.0680042
27 0.6026241 0.7381881 0.0623793 0.0680042
26 0.6650034 0.7381881 0.0623793 0.0680042
24 0.3531069 0.8061922 0.0623793 0.0680041
