8 0.5075510 0.9069286 0.0651299 0.0658345
29 0.7029406 0.9069286 0.0651299 0.0658345
32 0.5094666 0.7644984 0.4597401 0.4418504
1 0.3772913 0.5777564 0.0651299 0.0658345
19 0.3121614 0.6429579 0.0651298 0.0645684
18 0.4424212 0.6429579 0.0651299 0.0645684
24 0.5075510 0.6429579 0.0651299 0.0645684
5 0.7029406 0.6429579 0.0651299 0.0645684
9 0.4424212 0.7094254 0.0651299 0.0658344
21 0.6378107 0.7094254 0.0651299 0.0658344
30 0.5726809 0.7752597 0.0651299 0.0658344
17 0.6378107 0.7752597 0.0651299 0.0658344
2 0.7029406 0.7752597 0.0651299 0.0658344
14 0.3121614 0.8410942 0.0651298 0.0658344
10 0.5726809 0.8410942 0.0651299 0.0658344
27 0.7029406 0.8410942 0.0651299 0.0658344
