27 0.6163844 0.8413950 0.0642949 0.0625271
7 0.6806793 0.8413950 0.0642950 0.0625271
32 0.4896855 0.7061200 0.4538466 0.4196532
15 0.2949096 0.5287594 0.0642949 0.0625271
1 0.3592046 0.5287594 0.0642950 0.0625271
11 0.2949096 0.5906853 0.0642949 0.0613247
9 0.4234995 0.5906853 0.0642949 0.0613247
10 0.2949096 0.6538136 0.0642949 0.0625271
17 0.6806793 0.6538136 0.0642950 0.0625271
5 0.3592046 0.7163408 0.0642950 0.0625271
24 0.4877945 0.7163408 0.0642949 0.0625271
2 0.6163844 0.7163408 0.0642949 0.0625271
26 0.6806793 0.7163408 0.0642950 0.0625271
30 0.4877945 0.7788679 0.0642949 0.0625272
12 0.3592046 0.8413950 0.0642950 0.0625271
29 0.4877945 0.8413950 0.0642949 0.0625271
