28 0.6354910 0.8445670 0.0612124 0.0659891
5 0.6967033 0.8445670 0.0612124 0.0659891
32 0.5148666 0.7018022 0.4320875 0.4428881
29 0.5742786 0.5146217 0.0612124 0.0659891
23 0.6354910 0.5146217 0.0612124 0.0659891
2 0.3294291 0.5799763 0.0612124 0.0647200
4 0.6354910 0.5799763 0.0612124 0.0647200
1 0.5130662 0.6465998 0.0612124 0.0659891
6 0.5130662 0.7125889 0.0612124 0.0659891
16 0.5742786 0.7125889 0.0612124 0.0659891
11 0.5742786 0.7785779 0.0612124 0.0659890
19 0.6354910 0.7785779 0.0612124 0.0659890
13 0.3906414 0.8445670 0.0612124 0.0659891
31 0.4518538 0.8445670 0.0612124 0.0659891
27 0.5130662 0.8445670 0.0612124 0.0659891
10 0.5742786 0.8445670 0.0612124 0.0659891
