6 0.4680828 0.9012862 0.0612148 0.0679163
9 0.6517273 0.9012862 0.0612148 0.0679163
32 0.4698833 0.7543520 0.4321047 0.4558227
13 0.3456532 0.5617049 0.0612148 0.0679163
3 0.4680828 0.5617049 0.0612148 0.0679163
28 0.5292976 0.5617049 0.0612148 0.0679163
8 0.5905125 0.5617049 0.0612148 0.0679163
14 0.6517273 0.5617049 0.0612148 0.0679163
30 0.3456532 0.6975374 0.0612148 0.0679163
20 0.5292976 0.6975374 0.0612148 0.0679163
19 0.2844383 0.7654537 0.0612148 0.0679163
15 0.5905125 0.7654537 0.0612148 0.0679163
12 0.6517273 0.7654537 0.0612148 0.0679163
5 0.2844383 0.8333700 0.0612148 0.0679163
23 0.6517273 0.8333700 0.0612148 0.0679163
27 0.3456532 0.9012862 0.0612148 0.0679163
