11 0.4456444 0.8815388 0.0634501 0.0643204
4 0.5725446 0.8815388 0.0634501 0.0643204
32 0.5109607 0.7423840 0.4478830 0.4316888
14 0.3187442 0.6236388 0.0634501 0.0630835
19 0.4456444 0.6236388 0.0634501 0.0630835
30 0.5090945 0.6236388 0.0634501 0.0630835
5 0.6359947 0.6236388 0.0634501 0.0630835
16 0.5090945 0.6885776 0.0634501 0.0643204
18 0.6994447 0.6885776 0.0634501 0.0643204
9 0.3821943 0.7528980 0.0634501 0.0643204
31 0.6994447 0.7528980 0.0634501 0.0643204
12 0.3821943 0.8172184 0.0634501 0.0643204
15 0.5090945 0.8172184 0.0634501 0.0643204
27 0.5725446 0.8172184 0.0634501 0.0643204
21 0.6359947 0.8172184 0.0634501 0.0643204
2 0.3187442 0.8815388 0.0634501 0.0643204
