14 0.6023444 0.8752517 0.0609642 0.0626521
30 0.7242728 0.8752517 0.0609643 0.0626521
32 0.5431732 0.7397063 0.4303357 0.4204918
10 0.3584875 0.5619914 0.0609642 0.0626521
23 0.4804160 0.5619914 0.0609642 0.0626521
1 0.6023444 0.5619914 0.0609642 0.0626521
20 0.6633086 0.5619914 0.0609642 0.0626521
8 0.3584875 0.6240410 0.0609642 0.0614472
24 0.5413802 0.6240410 0.0609642 0.0614472
13 0.6023444 0.6872955 0.0609642 0.0626521
4 0.7242728 0.6872955 0.0609643 0.0626521
29 0.7242728 0.7499475 0.0609643 0.0626521
25 0.3584875 0.8125996 0.0609642 0.0626521
19 0.6023444 0.8125996 0.0609642 0.0626521
6 0.4194517 0.8752517 0.0609642 0.0626521
15 0.4804160 0.8752517 0.0609642 0.0626521
