9 0.4228268 0.8753587 0.0610532 0.0638225
4 0.6059866 0.8753587 0.0610533 0.0638225
32 0.4856758 0.7372813 0.4309642 0.4283467
12 0.3007203 0.5562466 0.0610533 0.0638224
30 0.3617736 0.5562466 0.0610533 0.0638224
29 0.4838801 0.5562466 0.0610533 0.0638224
27 0.6059866 0.5562466 0.0610533 0.0638224
7 0.3007203 0.6194553 0.0610533 0.0625951
19 0.3617736 0.6838914 0.0610533 0.0638225
24 0.6059866 0.6838914 0.0610533 0.0638225
23 0.4228268 0.7477139 0.0610532 0.0638224
20 0.6059866 0.7477139 0.0610533 0.0638224
11 0.3617736 0.8115363 0.0610533 0.0638224
6 0.4838801 0.8115363 0.0610533 0.0638224
22 0.6670399 0.8115363 0.0610532 0.0638224
13 0.3617736 0.8753587 0.0610533 0.0638225
