29 0.6099895 0.8874368 0.0647054 0.0660944
25 0.6746948 0.8874368 0.0647054 0.0660944
32 0.5471872 0.7444444 0.4567438 0.4435945
6 0.6099895 0.5569653 0.0647054 0.0660943
2 0.3511680 0.6224241 0.0647054 0.0648233
17 0.4805787 0.6224241 0.0647054 0.0648233
31 0.6099895 0.6224241 0.0647054 0.0648233
3 0.4158733 0.6891539 0.0647054 0.0660944
18 0.4805787 0.6891539 0.0647054 0.0660944
28 0.7394003 0.6891539 0.0647054 0.0660944
7 0.3511680 0.7552483 0.0647054 0.0660943
9 0.4158733 0.7552483 0.0647054 0.0660943
1 0.7394003 0.7552483 0.0647054 0.0660943
27 0.3511680 0.8213425 0.0647054 0.0660943
14 0.4805787 0.8213425 0.0647054 0.0660943
26 0.4158733 0.8874368 0.0647054 0.0660944
