2 0.5770368 0.8603134 0.0614790 0.0668807
24 0.6385158 0.8603134 0.0614790 0.0668807
32 0.4558870 0.7156195 0.4339694 0.4488727
7 0.3311208 0.5259097 0.0614790 0.0668807
5 0.4540788 0.5259097 0.0614790 0.0668807
28 0.5155578 0.5259097 0.0614790 0.0668807
27 0.5770368 0.5259097 0.0614790 0.0668807
9 0.5155578 0.5921474 0.0614790 0.0655946
17 0.4540788 0.7265520 0.0614790 0.0668807
23 0.5155578 0.7265520 0.0614790 0.0668807
14 0.3925998 0.7934327 0.0614790 0.0668808
13 0.4540788 0.7934327 0.0614790 0.0668808
29 0.5155578 0.7934327 0.0614790 0.0668808
31 0.2696418 0.8603134 0.0614790 0.0668807
30 0.4540788 0.8603134 0.0614790 0.0668807
25 0.5155578 0.8603134 0.0614790 0.0668807
