29 0.6772144 0.8062921 0.0658126 0.0619431
26 0.4797765 0.8682352 0.0658126 0.0619432
32 0.4817122 0.7342236 0.4645597 0.4157339
7 0.2823387 0.5585194 0.0658126 0.0619431
11 0.4139639 0.5585194 0.0658126 0.0619431
23 0.5455892 0.5585194 0.0658126 0.0619431
2 0.6772144 0.5585194 0.0658126 0.0619431
24 0.6772144 0.6198670 0.0658126 0.0607520
3 0.2823387 0.6824058 0.0658126 0.0619432
30 0.3481513 0.6824058 0.0658126 0.0619432
14 0.5455892 0.6824058 0.0658126 0.0619432
20 0.4797765 0.7443489 0.0658126 0.0619431
10 0.5455892 0.7443489 0.0658126 0.0619431
27 0.2823387 0.8062921 0.0658126 0.0619431
9 0.5455892 0.8062921 0.0658126 0.0619431
18 0.6114018 0.8062921 0.0658126 0.0619431
