6 0.5215418 0.8294534 0.0651601 0.0663333
21 0.6518619 0.8294534 0.0651600 0.0663333
32 0.4582982 0.7522772 0.4599532 0.4451986
15 0.3260617 0.5641202 0.0651600 0.0663333
31 0.4563818 0.5641202 0.0651600 0.0663333
13 0.5867019 0.5641202 0.0651600 0.0663333
1 0.6518619 0.5641202 0.0651600 0.0663333
30 0.2609016 0.6298157 0.0651600 0.0650576
4 0.6518619 0.6298157 0.0651600 0.0650576
7 0.2609016 0.6967868 0.0651600 0.0663332
14 0.5215418 0.6967868 0.0651601 0.0663332
22 0.5867019 0.6967868 0.0651600 0.0663332
18 0.3260617 0.7631201 0.0651600 0.0663333
23 0.3912217 0.7631201 0.0651601 0.0663333
10 0.4563818 0.7631201 0.0651600 0.0663333
25 0.3260617 0.8294534 0.0651600 0.0663333
