7 0.7048970 0.8048366 0.0659008 0.0645985
14 0.5071944 0.8694350 0.0659008 0.0645985
32 0.5091327 0.7296786 0.4651823 0.4335551
16 0.3753928 0.5464426 0.0659008 0.0645985
13 0.7048970 0.5464426 0.0659008 0.0645985
27 0.3753928 0.6104200 0.0659008 0.0633562
26 0.5730953 0.6104200 0.0659008 0.0633562
23 0.3753928 0.6756396 0.0659008 0.0645985
25 0.4412936 0.6756396 0.0659008 0.0645985
19 0.5071944 0.6756396 0.0659008 0.0645985
2 0.5730953 0.6756396 0.0659008 0.0645985
1 0.6389961 0.6756396 0.0659009 0.0645985
11 0.3094920 0.8048366 0.0659008 0.0645985
24 0.3753928 0.8048366 0.0659008 0.0645985
5 0.5730953 0.8048366 0.0659008 0.0645985
6 0.6389961 0.8048366 0.0659009 0.0645985
