29 0.7140858 0.7722562 0.0627206 0.0647715
16 0.5259238 0.8370276 0.0627207 0.0647714
32 0.5277685 0.6968970 0.4427343 0.4347162
10 0.4632031 0.5131703 0.0627207 0.0647715
11 0.5259238 0.5131703 0.0627207 0.0647715
22 0.7140858 0.5131703 0.0627206 0.0647715
19 0.4632031 0.5773190 0.0627207 0.0635258
21 0.6513652 0.5773190 0.0627207 0.0635258
30 0.3377617 0.6427132 0.0627207 0.0647715
6 0.5259238 0.6427132 0.0627207 0.0647715
27 0.6513652 0.6427132 0.0627207 0.0647715
31 0.7140858 0.6427132 0.0627206 0.0647715
12 0.3377617 0.7074847 0.0627207 0.0647714
8 0.4632031 0.7074847 0.0627207 0.0647714
1 0.6513652 0.7074847 0.0627207 0.0647714
5 0.4004824 0.7722562 0.0627207 0.0647715
