1 0.2674169 0.8628391 0.0632016 0.0661917
16 0.5834248 0.8628391 0.0632016 0.0661917
32 0.4588805 0.7196359 0.4461288 0.4442481
10 0.3306185 0.5318806 0.0632016 0.0661917
19 0.4570216 0.5318806 0.0632016 0.0661917
20 0.5202232 0.5318806 0.0632016 0.0661917
25 0.6466264 0.5318806 0.0632016 0.0661917
21 0.3938200 0.6642640 0.0632016 0.0661917
6 0.6466264 0.6642640 0.0632016 0.0661917
15 0.3306185 0.7304557 0.0632016 0.0661917
9 0.5202232 0.7304557 0.0632016 0.0661917
28 0.2674169 0.7966474 0.0632016 0.0661917
8 0.3306185 0.7966474 0.0632016 0.0661917
17 0.3938200 0.7966474 0.0632016 0.0661917
3 0.5202232 0.7966474 0.0632016 0.0661917
31 0.5834248 0.7966474 0.0632016 0.0661917
