22 0.3429979 0.8571773 0.0654718 0.0681828
9 0.6703572 0.8571773 0.0654719 0.0681828
32 0.5413391 0.7096667 0.4621543 0.4576108
23 0.6048854 0.5162638 0.0654719 0.0681827
17 0.4084698 0.5837909 0.0654719 0.0668715
3 0.6048854 0.5837909 0.0654719 0.0668715
6 0.6703572 0.5837909 0.0654719 0.0668715
4 0.3429979 0.6526292 0.0654718 0.0681827
14 0.5394135 0.6526292 0.0654718 0.0681827
2 0.6048854 0.6526292 0.0654719 0.0681827
26 0.6703572 0.6526292 0.0654719 0.0681827
7 0.7358291 0.6526292 0.0654718 0.0681827
5 0.7358291 0.7208119 0.0654718 0.0681827
11 0.3429979 0.7889946 0.0654718 0.0681827
1 0.4084698 0.7889946 0.0654719 0.0681827
18 0.6703572 0.7889946 0.0654719 0.0681827
