23 0.5209472 0.8883904 0.0617107 0.0665551
13 0.5826579 0.8883904 0.0617106 0.0665551
32 0.5227623 0.7444010 0.4356046 0.4466870
4 0.3358153 0.5556150 0.0617107 0.0665551
2 0.3975259 0.5556150 0.0617107 0.0665551
25 0.5209472 0.5556150 0.0617107 0.0665551
12 0.5826579 0.5556150 0.0617106 0.0665551
14 0.4592366 0.6215301 0.0617106 0.0652752
24 0.5209472 0.6215301 0.0617107 0.0652752
20 0.3358153 0.6887251 0.0617107 0.0665550
28 0.3975259 0.6887251 0.0617107 0.0665550
11 0.5826579 0.6887251 0.0617106 0.0665550
30 0.3358153 0.7552802 0.0617107 0.0665551
21 0.5209472 0.7552802 0.0617107 0.0665551
6 0.3975259 0.8218353 0.0617107 0.0665551
10 0.4592366 0.8883904 0.0617106 0.0665551
