6 0.5768640 0.8939574 0.0629540 0.0637242
23 0.7027719 0.8939574 0.0629539 0.0637242
32 0.5157616 0.7560925 0.4443808 0.4276875
3 0.5139100 0.5753364 0.0629539 0.0637242
27 0.6398180 0.5753364 0.0629539 0.0637242
14 0.7027719 0.5753364 0.0629539 0.0637242
22 0.3880021 0.6384479 0.0629539 0.0624987
5 0.4509561 0.6384479 0.0629539 0.0624987
10 0.5139100 0.6384479 0.0629539 0.0624987
28 0.7027719 0.6384479 0.0629539 0.0624987
18 0.5139100 0.7027848 0.0629539 0.0637242
26 0.6398180 0.7027848 0.0629539 0.0637242
19 0.7027719 0.7665090 0.0629539 0.0637242
9 0.3880021 0.8302332 0.0629539 0.0637242
7 0.3250482 0.8939574 0.0629539 0.0637242
29 0.4509561 0.8939574 0.0629539 0.0637242
