19 0.4635509 0.8155910 0.0643734 0.0625348
3 0.6566714 0.8155910 0.0643735 0.0625348
32 0.4654443 0.6802994 0.4544009 0.4197049
2 0.5279244 0.5029169 0.0643735 0.0625348
25 0.2704306 0.5648504 0.0643735 0.0613322
20 0.4635509 0.5648504 0.0643734 0.0613322
24 0.5922979 0.5648504 0.0643735 0.0613322
4 0.5922979 0.6279866 0.0643735 0.0625349
9 0.2704306 0.6905214 0.0643735 0.0625348
27 0.3991775 0.6905214 0.0643735 0.0625348
12 0.5922979 0.6905214 0.0643735 0.0625348
16 0.6566714 0.6905214 0.0643735 0.0625348
8 0.5279244 0.7530562 0.0643735 0.0625349
13 0.6566714 0.7530562 0.0643735 0.0625349
21 0.3348040 0.8155910 0.0643735 0.0625348
29 0.3991775 0.8155910 0.0643735 0.0625348
