15 0.4676503 0.9070915 0.0631293 0.0658199
20 0.6570382 0.9070915 0.0631293 0.0658199
32 0.4695070 0.7646926 0.4456186 0.4417533
17 0.2782623 0.5779917 0.0631293 0.0658200
4 0.4676503 0.5779917 0.0631293 0.0658200
5 0.2782623 0.6431789 0.0631293 0.0645542
11 0.3413917 0.6431789 0.0631293 0.0645542
19 0.4045210 0.6431789 0.0631293 0.0645542
8 0.5307796 0.6431789 0.0631293 0.0645542
14 0.4045210 0.7096317 0.0631293 0.0658200
23 0.4676503 0.7096317 0.0631293 0.0658200
21 0.5307796 0.7754517 0.0631293 0.0658199
13 0.5939088 0.7754517 0.0631293 0.0658199
9 0.6570382 0.7754517 0.0631293 0.0658199
7 0.5307796 0.8412716 0.0631293 0.0658200
28 0.2782623 0.9070915 0.0631293 0.0658199
