15 0.5163460 0.8786057 0.0606708 0.0663652
7 0.5770168 0.8786057 0.0606709 0.0663652
32 0.5181304 0.7350271 0.4282646 0.4454127
13 0.3343335 0.5467796 0.0606708 0.0663652
26 0.5770168 0.5467796 0.0606709 0.0663652
21 0.5163460 0.6125067 0.0606708 0.0650890
9 0.6376877 0.6125067 0.0606708 0.0650890
20 0.3950043 0.6795100 0.0606708 0.0663652
3 0.5163460 0.6795100 0.0606708 0.0663652
11 0.5770168 0.6795100 0.0606709 0.0663652
27 0.3950043 0.7458752 0.0606708 0.0663652
22 0.6376877 0.7458752 0.0606708 0.0663652
5 0.3343335 0.8122404 0.0606708 0.0663652
16 0.3950043 0.8122404 0.0606708 0.0663652
2 0.5163460 0.8122404 0.0606708 0.0663652
23 0.3950043 0.8786057 0.0606708 0.0663652
