5 0.6109254 0.8848059 0.0651848 0.0619660
2 0.6761102 0.8848059 0.0651848 0.0619660
32 0.4824731 0.7507449 0.4601278 0.4158871
13 0.6761102 0.5749760 0.0651848 0.0619660
1 0.2850016 0.6363461 0.0651848 0.0607743
14 0.3501863 0.6363461 0.0651848 0.0607743
12 0.4153711 0.6363461 0.0651848 0.0607743
29 0.6109254 0.6363461 0.0651848 0.0607743
31 0.4153711 0.6989079 0.0651848 0.0619659
8 0.4805559 0.6989079 0.0651848 0.0619659
26 0.4153711 0.7608739 0.0651848 0.0619660
23 0.4805559 0.7608739 0.0651848 0.0619660
4 0.5457407 0.7608739 0.0651847 0.0619660
22 0.6761102 0.8228399 0.0651848 0.0619659
7 0.2850016 0.8848059 0.0651848 0.0619660
25 0.3501863 0.8848059 0.0651848 0.0619660
