6 0.6256993 0.8716750 0.0605734 0.0628711
2 0.6862727 0.8716750 0.0605734 0.0628711
32 0.5063341 0.7356557 0.4275768 0.4219620
14 0.3834058 0.5573193 0.0605734 0.0628711
1 0.3834058 0.6195860 0.0605734 0.0616621
23 0.4439792 0.6195860 0.0605734 0.0616621
27 0.5651260 0.6195860 0.0605734 0.0616621
15 0.6256993 0.6195860 0.0605734 0.0616621
26 0.6862727 0.6195860 0.0605734 0.0616621
8 0.3228324 0.6830617 0.0605734 0.0628712
29 0.5651260 0.6830617 0.0605734 0.0628712
12 0.6862727 0.6830617 0.0605734 0.0628712
31 0.3228324 0.7459328 0.0605734 0.0628711
11 0.4439792 0.7459328 0.0605734 0.0628711
16 0.5045525 0.7459328 0.0605734 0.0628711
28 0.5651260 0.8716750 0.0605734 0.0628711
