25 0.6565606 0.8812992 0.0658861 0.0648700
21 0.7224467 0.8812992 0.0658862 0.0648700
32 0.5267262 0.7409556 0.4650785 0.4353772
9 0.5247884 0.5569495 0.0658861 0.0648700
3 0.6565606 0.5569495 0.0658861 0.0648700
13 0.3271300 0.6211957 0.0658861 0.0636225
17 0.3930161 0.6211957 0.0658861 0.0636225
28 0.6565606 0.6211957 0.0658861 0.0636225
11 0.7224467 0.6211957 0.0658862 0.0636225
20 0.4589022 0.6866894 0.0658861 0.0648700
26 0.7224467 0.6866894 0.0658862 0.0648700
7 0.5906744 0.7515593 0.0658861 0.0648699
30 0.4589022 0.8164293 0.0658861 0.0648699
19 0.5247884 0.8164293 0.0658861 0.0648699
4 0.5906744 0.8164293 0.0658861 0.0648699
16 0.3930161 0.8812992 0.0658861 0.0648700
