14 0.4031944 0.9084169 0.0605698 0.0642344
5 0.6454733 0.9084169 0.0605697 0.0642344
32 0.5261153 0.7694482 0.4275511 0.4311117
21 0.3426246 0.5872449 0.0605697 0.0642344
29 0.4031944 0.5872449 0.0605698 0.0642344
12 0.4637641 0.5872449 0.0605697 0.0642344
27 0.7060431 0.5872449 0.0605698 0.0642344
4 0.4637641 0.6508617 0.0605697 0.0629991
26 0.5243339 0.6508617 0.0605698 0.0629991
28 0.5849036 0.6508617 0.0605697 0.0629991
8 0.6454733 0.6508617 0.0605697 0.0629991
20 0.4637641 0.7157137 0.0605697 0.0642344
19 0.4637641 0.7799481 0.0605697 0.0642345
15 0.5243339 0.7799481 0.0605698 0.0642345
6 0.7060431 0.7799481 0.0605698 0.0642345
13 0.6454733 0.8441826 0.0605697 0.0642344
