7 0.5834074 0.7502824 0.0666499 0.0627225
6 0.7167070 0.7502824 0.0666499 0.0627225
32 0.5187178 0.6773073 0.4704696 0.4209642
12 0.3168079 0.4993926 0.0666499 0.0627225
10 0.6500572 0.4993926 0.0666498 0.0627225
16 0.7167070 0.4993926 0.0666499 0.0627225
29 0.3168079 0.5615120 0.0666499 0.0615162
19 0.4501077 0.5615120 0.0666499 0.0615162
20 0.5834074 0.5615120 0.0666499 0.0615162
26 0.6500572 0.5615120 0.0666498 0.0615162
15 0.3168079 0.6248375 0.0666499 0.0627224
9 0.5167575 0.6248375 0.0666499 0.0627224
18 0.5167575 0.6875600 0.0666499 0.0627225
14 0.6500572 0.6875600 0.0666498 0.0627225
8 0.3834578 0.7502824 0.0666499 0.0627225
5 0.4501077 0.7502824 0.0666499 0.0627225
