4 0.4684544 0.8835619 0.0623515 0.0653535
13 0.5931575 0.8835619 0.0623515 0.0653535
32 0.4702882 0.7421722 0.4401286 0.4386225
21 0.2813997 0.5567944 0.0623516 0.0653535
10 0.4684544 0.5567944 0.0623515 0.0653535
9 0.6555090 0.5567944 0.0623515 0.0653535
31 0.3437513 0.6215195 0.0623516 0.0640967
8 0.4684544 0.6215195 0.0623515 0.0640967
20 0.2813997 0.6875014 0.0623516 0.0653535
2 0.4061028 0.6875014 0.0623516 0.0653535
18 0.4684544 0.6875014 0.0623515 0.0653535
25 0.6555090 0.6875014 0.0623515 0.0653535
23 0.4684544 0.7528549 0.0623515 0.0653535
15 0.2813997 0.8182085 0.0623516 0.0653535
16 0.4684544 0.8182085 0.0623515 0.0653535
7 0.6555090 0.8182085 0.0623515 0.0653535
