13 0.5217322 0.8598395 0.0608657 0.0673387
8 0.5825979 0.8598395 0.0608657 0.0673387
32 0.5235223 0.7141547 0.4296406 0.4519467
28 0.3391349 0.5231458 0.0608657 0.0673388
27 0.4000006 0.5231458 0.0608657 0.0673388
22 0.4608664 0.5231458 0.0608658 0.0673388
20 0.6434637 0.5231458 0.0608658 0.0673388
5 0.7043294 0.5231458 0.0608657 0.0673388
17 0.4000006 0.5898370 0.0608657 0.0660438
12 0.6434637 0.5898370 0.0608658 0.0660438
19 0.5825979 0.6578233 0.0608657 0.0673388
29 0.6434637 0.6578233 0.0608658 0.0673388
18 0.3391349 0.7251620 0.0608657 0.0673387
9 0.3391349 0.7925008 0.0608657 0.0673388
15 0.3391349 0.8598395 0.0608657 0.0673387
21 0.4608664 0.8598395 0.0608658 0.0673387
