30 0.4283588 0.8671722 0.0623064 0.0663986
8 0.5529715 0.8671722 0.0623064 0.0663986
32 0.4924977 0.7235215 0.4398097 0.4456365
5 0.3037460 0.5351794 0.0623064 0.0663986
4 0.4906652 0.5351794 0.0623064 0.0663986
20 0.6152779 0.5351794 0.0623064 0.0663986
16 0.3660524 0.6009396 0.0623064 0.0651217
10 0.5529715 0.6009396 0.0623064 0.0651217
19 0.6775843 0.6009396 0.0623064 0.0651217
21 0.3037460 0.6679765 0.0623064 0.0663986
18 0.3660524 0.6679765 0.0623064 0.0663986
7 0.6152779 0.6679765 0.0623064 0.0663986
6 0.3037460 0.7343752 0.0623064 0.0663985
28 0.3660524 0.7343752 0.0623064 0.0663985
11 0.6152779 0.7343752 0.0623064 0.0663985
22 0.3660524 0.8007736 0.0623064 0.0663985
