3 0.5530886 0.9063240 0.0643327 0.0648294
24 0.6817541 0.9063240 0.0643327 0.0648294
32 0.4906481 0.7660681 0.4541132 0.4351048
7 0.4887560 0.5821772 0.0643327 0.0648294
25 0.4244232 0.6463832 0.0643327 0.0635826
18 0.4887560 0.6463832 0.0643327 0.0635826
12 0.2957578 0.7118359 0.0643327 0.0648293
28 0.3600905 0.7118359 0.0643327 0.0648293
31 0.4244232 0.7118359 0.0643327 0.0648293
5 0.6174213 0.7118359 0.0643327 0.0648293
19 0.4887560 0.7766653 0.0643327 0.0648294
21 0.5530886 0.7766653 0.0643327 0.0648294
13 0.6174213 0.7766653 0.0643327 0.0648294
8 0.3600905 0.8414946 0.0643327 0.0648293
11 0.4887560 0.8414946 0.0643327 0.0648293
27 0.4887560 0.9063240 0.0643327 0.0648294
