31 0.3390826 0.8987910 0.0650966 0.0669352
9 0.5343725 0.8987910 0.0650966 0.0669352
32 0.4711905 0.7539793 0.4595055 0.4492379
27 0.2739860 0.6304068 0.0650966 0.0656479
15 0.3390826 0.6304068 0.0650966 0.0656479
20 0.4692758 0.6304068 0.0650966 0.0656479
5 0.5343725 0.6304068 0.0650966 0.0656479
14 0.5994691 0.6304068 0.0650966 0.0656479
3 0.4041792 0.6979855 0.0650966 0.0669351
17 0.5343725 0.6979855 0.0650966 0.0669351
18 0.6645657 0.6979855 0.0650966 0.0669351
28 0.3390826 0.7649207 0.0650966 0.0669352
1 0.5994691 0.7649207 0.0650966 0.0669352
12 0.6645657 0.7649207 0.0650966 0.0669352
10 0.5994691 0.8318559 0.0650966 0.0669351
26 0.6645657 0.8318559 0.0650966 0.0669351
