17 0.6015072 0.8506001 0.0623580 0.0648752
3 0.6638652 0.8506001 0.0623580 0.0648752
32 0.4786253 0.7102451 0.4401738 0.4354125
5 0.3520754 0.5262241 0.0623579 0.0648752
28 0.4767913 0.5262241 0.0623580 0.0648752
27 0.6638652 0.5262241 0.0623580 0.0648752
2 0.4767913 0.6559745 0.0623580 0.0648752
20 0.5391492 0.6559745 0.0623579 0.0648752
24 0.6015072 0.6559745 0.0623580 0.0648752
8 0.2897174 0.7208497 0.0623580 0.0648752
25 0.6015072 0.7208497 0.0623580 0.0648752
30 0.2897174 0.7857249 0.0623580 0.0648753
13 0.4767913 0.7857249 0.0623580 0.0648753
22 0.5391492 0.7857249 0.0623579 0.0648753
26 0.2897174 0.8506001 0.0623580 0.0648752
1 0.4767913 0.8506001 0.0623580 0.0648752
