12 0.3893928 0.8803705 0.0664166 0.0671935
22 0.5222260 0.8803705 0.0664165 0.0671935
32 0.5241794 0.7349999 0.4688229 0.4509716
27 0.3893928 0.5444031 0.0664166 0.0671935
1 0.5222260 0.5444031 0.0664165 0.0671935
8 0.7214757 0.5444031 0.0664165 0.0671935
11 0.4558094 0.6109505 0.0664166 0.0659013
10 0.5222260 0.6109505 0.0664165 0.0659013
5 0.3229762 0.6787900 0.0664166 0.0671935
6 0.5222260 0.6787900 0.0664165 0.0671935
23 0.5886425 0.6787900 0.0664166 0.0671935
15 0.6550591 0.6787900 0.0664166 0.0671935
28 0.3893928 0.7459835 0.0664166 0.0671935
24 0.5222260 0.7459835 0.0664165 0.0671935
9 0.6550591 0.7459835 0.0664166 0.0671935
26 0.5886425 0.8131770 0.0664166 0.0671935
