27 0.6684324 0.9160368 0.0645346 0.0657982
28 0.7329670 0.9160368 0.0645346 0.0657982
32 0.5412613 0.7736850 0.4555381 0.4416071
22 0.4748286 0.5870458 0.0645346 0.0657982
7 0.5393633 0.5870458 0.0645346 0.0657982
12 0.4748286 0.6522114 0.0645346 0.0645328
31 0.6038979 0.6522114 0.0645346 0.0645328
24 0.7329670 0.6522114 0.0645346 0.0645328
5 0.4102941 0.7186423 0.0645346 0.0657983
6 0.4748286 0.7186423 0.0645346 0.0657983
1 0.7329670 0.7186423 0.0645346 0.0657983
16 0.4102941 0.7844405 0.0645346 0.0657982
19 0.4748286 0.8502386 0.0645346 0.0657982
14 0.5393633 0.8502386 0.0645346 0.0657982
15 0.4102941 0.9160368 0.0645346 0.0657982
9 0.6038979 0.9160368 0.0645346 0.0657982
