3 0.2845349 0.8984026 0.0640290 0.0670125
23 0.5406509 0.8984026 0.0640290 0.0670125
32 0.4785051 0.7534237 0.4519694 0.4497568
17 0.3485639 0.5633402 0.0640290 0.0670124
29 0.4125928 0.5633402 0.0640290 0.0670124
5 0.5406509 0.5633402 0.0640290 0.0670124
22 0.6046799 0.5633402 0.0640290 0.0670124
15 0.3485639 0.6297084 0.0640290 0.0657238
20 0.4125928 0.6297084 0.0640290 0.0657238
14 0.4766219 0.6297084 0.0640290 0.0657238
11 0.4125928 0.6973652 0.0640290 0.0670125
28 0.5406509 0.6973652 0.0640290 0.0670125
27 0.6046799 0.6973652 0.0640290 0.0670125
7 0.6687089 0.6973652 0.0640290 0.0670125
2 0.4125928 0.7643777 0.0640290 0.0670125
6 0.3485639 0.8313901 0.0640290 0.0670124
