28 0.5449914 0.9136179 0.0632006 0.0659830
20 0.6713927 0.9136179 0.0632006 0.0659830
32 0.4836496 0.7708663 0.4461221 0.4428472
29 0.2921889 0.5837031 0.0632006 0.0659830
26 0.3553895 0.5837031 0.0632006 0.0659830
3 0.5449914 0.5837031 0.0632006 0.0659830
16 0.4817908 0.6490516 0.0632006 0.0647141
9 0.5449914 0.6490516 0.0632006 0.0647141
21 0.6081920 0.6490516 0.0632006 0.0647141
27 0.3553895 0.7156690 0.0632006 0.0659830
5 0.4185901 0.7156690 0.0632006 0.0659830
22 0.2921889 0.8476350 0.0632006 0.0659830
15 0.4817908 0.8476350 0.0632006 0.0659830
12 0.2921889 0.9136179 0.0632006 0.0659830
31 0.3553895 0.9136179 0.0632006 0.0659830
17 0.4817908 0.9136179 0.0632006 0.0659830
