1 0.4763572 0.8772839 0.0643930 0.0646216
9 0.6051432 0.8772839 0.0643930 0.0646216
32 0.4782511 0.7374776 0.4545390 0.4337101
29 0.2831781 0.5541760 0.0643930 0.0646215
24 0.4763572 0.5541760 0.0643930 0.0646215
4 0.6051432 0.5541760 0.0643930 0.0646215
25 0.3475711 0.6181762 0.0643930 0.0633788
5 0.4763572 0.6181762 0.0643930 0.0633788
23 0.6695363 0.6181762 0.0643930 0.0633788
11 0.6051432 0.6834192 0.0643930 0.0646216
20 0.6695363 0.6834192 0.0643930 0.0646216
19 0.4763572 0.7480408 0.0643930 0.0646215
16 0.6051432 0.7480408 0.0643930 0.0646215
18 0.5407502 0.8126623 0.0643930 0.0646216
17 0.6051432 0.8126623 0.0643930 0.0646216
15 0.6695363 0.8126623 0.0643930 0.0646216
