23 0.5521854 0.8100960 0.0637016 0.0625124
31 0.6158870 0.8100960 0.0637016 0.0625124
32 0.4903574 0.6748530 0.4496581 0.4195538
5 0.2973792 0.4975344 0.0637016 0.0625123
28 0.5521854 0.4975344 0.0637016 0.0625123
14 0.4884839 0.5594456 0.0637016 0.0613102
27 0.5521854 0.5594456 0.0637016 0.0613102
30 0.6158870 0.5594456 0.0637016 0.0613102
18 0.2973792 0.6225590 0.0637016 0.0625123
20 0.3610807 0.6225590 0.0637016 0.0625123
1 0.6158870 0.6850713 0.0637016 0.0625124
8 0.6795886 0.6850713 0.0637016 0.0625124
17 0.6795886 0.7475836 0.0637016 0.0625123
24 0.2973792 0.8100960 0.0637016 0.0625124
22 0.4247823 0.8100960 0.0637016 0.0625124
12 0.4884839 0.8100960 0.0637016 0.0625124
