8 0.3336461 0.8938634 0.0661800 0.0654900
13 0.5983661 0.8938634 0.0661800 0.0654900
32 0.4679525 0.7521784 0.4671529 0.4395385
3 0.3336461 0.5664136 0.0661800 0.0654900
25 0.4660061 0.5664136 0.0661800 0.0654900
14 0.5983661 0.5664136 0.0661800 0.0654900
17 0.3336461 0.6312739 0.0661800 0.0642305
21 0.4660061 0.6312739 0.0661800 0.0642305
1 0.5983661 0.6312739 0.0661800 0.0642305
5 0.6645461 0.6312739 0.0661800 0.0642305
18 0.3336461 0.6973935 0.0661800 0.0654900
19 0.5983661 0.6973935 0.0661800 0.0654900
23 0.3336461 0.7628835 0.0661800 0.0654900
27 0.5321861 0.7628835 0.0661800 0.0654900
30 0.3998260 0.8283735 0.0661800 0.0654900
4 0.5983661 0.8283735 0.0661800 0.0654900
