19 0.6582296 0.8299784 0.0647525 0.0675813
13 0.5287245 0.8975598 0.0647525 0.0675814
32 0.4658764 0.7513501 0.4570768 0.4535750
24 0.2697143 0.5596529 0.0647525 0.0675814
16 0.5287245 0.5596529 0.0647525 0.0675814
21 0.5934770 0.5596529 0.0647525 0.0675814
29 0.2697143 0.6265845 0.0647525 0.0662817
26 0.3992194 0.6265845 0.0647525 0.0662817
6 0.4639719 0.6265845 0.0647526 0.0662817
3 0.5287245 0.6948157 0.0647525 0.0675813
30 0.2697143 0.7623970 0.0647525 0.0675814
27 0.3992194 0.7623970 0.0647525 0.0675814
22 0.2697143 0.8299784 0.0647525 0.0675813
7 0.3992194 0.8299784 0.0647525 0.0675813
17 0.4639719 0.8299784 0.0647526 0.0675813
1 0.5934770 0.8299784 0.0647525 0.0675813
