20 0.7227779 0.7525599 0.0628934 0.0639613
12 0.4083105 0.8165212 0.0628934 0.0639613
32 0.5359473 0.6781433 0.4439539 0.4292791
22 0.4712040 0.4967145 0.0628934 0.0639613
11 0.5340974 0.4967145 0.0628935 0.0639613
8 0.5969909 0.4967145 0.0628934 0.0639613
13 0.4083105 0.5600608 0.0628934 0.0627313
16 0.6598843 0.5600608 0.0628934 0.0627313
4 0.7227779 0.5600608 0.0628934 0.0627313
10 0.3454171 0.6246371 0.0628935 0.0639613
6 0.5340974 0.6246371 0.0628935 0.0639613
24 0.7227779 0.6246371 0.0628934 0.0639613
29 0.5340974 0.6885985 0.0628935 0.0639614
7 0.5969909 0.6885985 0.0628934 0.0639614
1 0.4712040 0.7525599 0.0628934 0.0639613
31 0.5969909 0.7525599 0.0628934 0.0639613
