30 0.5904125 0.8470510 0.0613979 0.0666861
18 0.6518105 0.8470510 0.0613979 0.0666861
32 0.4694224 0.7027783 0.4333973 0.4475661
13 0.3448207 0.5136208 0.0613979 0.0666861
27 0.4062186 0.5136208 0.0613979 0.0666861
20 0.6518105 0.5136208 0.0613979 0.0666861
29 0.4676166 0.5796656 0.0613979 0.0654036
15 0.5290145 0.5796656 0.0613980 0.0654036
31 0.2834228 0.6469928 0.0613980 0.0666860
24 0.3448207 0.7136789 0.0613979 0.0666861
23 0.4062186 0.7136789 0.0613979 0.0666861
8 0.4062186 0.7803650 0.0613979 0.0666860
3 0.5290145 0.7803650 0.0613980 0.0666860
21 0.5904125 0.7803650 0.0613979 0.0666860
22 0.3448207 0.8470510 0.0613979 0.0666861
2 0.5290145 0.8470510 0.0613980 0.0666861
