9 0.6168607 0.7887212 0.0615425 0.0676750
12 0.5553182 0.8563962 0.0615425 0.0676749
32 0.4955858 0.7099840 0.4344174 0.4542033
17 0.4322333 0.5180212 0.0615425 0.0676750
3 0.4937757 0.5180212 0.0615425 0.0676750
2 0.5553182 0.5180212 0.0615425 0.0676750
11 0.3091483 0.5850455 0.0615425 0.0663735
31 0.6168607 0.5850455 0.0615425 0.0663735
4 0.4322333 0.6533712 0.0615425 0.0676750
27 0.4937757 0.6533712 0.0615425 0.0676750
15 0.3091483 0.7210462 0.0615425 0.0676750
7 0.4322333 0.7210462 0.0615425 0.0676750
14 0.4937757 0.7210462 0.0615425 0.0676750
24 0.3091483 0.7887212 0.0615425 0.0676750
1 0.4322333 0.7887212 0.0615425 0.0676750
21 0.4937757 0.7887212 0.0615425 0.0676750
