27 0.6196878 0.8526669 0.0644730 0.0630061
24 0.6841608 0.8526669 0.0644731 0.0630061
32 0.4926379 0.7163558 0.4551040 0.4228673
18 0.2973224 0.5376368 0.0644731 0.0630060
16 0.4262685 0.5376368 0.0644731 0.0630060
5 0.5552147 0.5376368 0.0644731 0.0630060
14 0.6196878 0.5376368 0.0644730 0.0630060
20 0.6841608 0.5376368 0.0644731 0.0630060
9 0.4262685 0.6000370 0.0644731 0.0617944
10 0.3617955 0.6636488 0.0644731 0.0630060
22 0.4907417 0.7266548 0.0644731 0.0630061
7 0.3617955 0.7896609 0.0644731 0.0630060
13 0.4907417 0.7896609 0.0644731 0.0630060
28 0.6841608 0.7896609 0.0644731 0.0630060
26 0.3617955 0.8526669 0.0644731 0.0630061
4 0.4907417 0.8526669 0.0644731 0.0630061
