2 0.4759547 0.8535638 0.0663602 0.0682367
19 0.6086752 0.8535638 0.0663602 0.0682367
32 0.5442667 0.7059364 0.4684249 0.4579731
9 0.6750353 0.5123804 0.0663602 0.0682367
4 0.5423149 0.5799610 0.0663602 0.0669245
21 0.6086752 0.5799610 0.0663602 0.0669245
13 0.7413956 0.5799610 0.0663602 0.0669245
30 0.5423149 0.6488538 0.0663602 0.0682367
12 0.4759547 0.7170905 0.0663602 0.0682367
8 0.6086752 0.7170905 0.0663602 0.0682367
20 0.6750353 0.7170905 0.0663602 0.0682367
28 0.7413956 0.7170905 0.0663602 0.0682367
11 0.3432343 0.7853271 0.0663602 0.0682367
26 0.4759547 0.7853271 0.0663602 0.0682367
17 0.6750353 0.7853271 0.0663602 0.0682367
16 0.7413956 0.7853271 0.0663602 0.0682367
