31 0.5911689 0.8742153 0.0614216 0.0629167
13 0.6525905 0.8742153 0.0614216 0.0629167
32 0.5315538 0.7380974 0.4335645 0.4222681
10 0.4683256 0.5596316 0.0614216 0.0629168
7 0.4683256 0.6219434 0.0614216 0.0617068
21 0.5297472 0.6854651 0.0614217 0.0629167
11 0.6525905 0.6854651 0.0614216 0.0629167
27 0.7140121 0.6854651 0.0614217 0.0629167
16 0.3454823 0.7483818 0.0614216 0.0629167
25 0.4683256 0.7483818 0.0614216 0.0629167
3 0.5297472 0.7483818 0.0614217 0.0629167
8 0.4683256 0.8112985 0.0614216 0.0629168
6 0.5297472 0.8112985 0.0614217 0.0629168
17 0.6525905 0.8112985 0.0614216 0.0629168
4 0.7140121 0.8112985 0.0614217 0.0629168
26 0.5297472 0.8742153 0.0614217 0.0629167
