22 0.6298756 0.8063462 0.0641708 0.0623257
27 0.6940464 0.8063462 0.0641708 0.0623257
32 0.5034213 0.6715068 0.4529704 0.4183019
24 0.3090215 0.4947173 0.0641708 0.0623258
31 0.3090215 0.5564438 0.0641708 0.0611272
21 0.5657048 0.5564438 0.0641708 0.0611272
9 0.6298756 0.5564438 0.0641708 0.0611272
3 0.3090215 0.6193689 0.0641708 0.0623258
30 0.4373631 0.6193689 0.0641708 0.0623258
14 0.3090215 0.6816946 0.0641708 0.0623257
20 0.3731923 0.6816946 0.0641708 0.0623257
6 0.5015340 0.6816946 0.0641708 0.0623257
11 0.5657048 0.6816946 0.0641708 0.0623257
2 0.4373631 0.7440204 0.0641708 0.0623258
7 0.4373631 0.8063462 0.0641708 0.0623257
