24 0.4795909 0.7797353 0.0657708 0.0617547
25 0.3480493 0.8414899 0.0657708 0.0617546
32 0.4815253 0.7078861 0.4642644 0.4144687
5 0.4795909 0.5327167 0.0657708 0.0617546
23 0.6769032 0.5327167 0.0657708 0.0617546
16 0.3480493 0.5938775 0.0657708 0.0605671
2 0.4138201 0.5938775 0.0657708 0.0605671
17 0.4795909 0.5938775 0.0657708 0.0605671
21 0.6769032 0.6562260 0.0657708 0.0617546
13 0.2822785 0.7179807 0.0657708 0.0617547
31 0.3480493 0.7179807 0.0657708 0.0617547
26 0.4138201 0.7179807 0.0657708 0.0617547
11 0.5453617 0.7179807 0.0657708 0.0617547
12 0.6111325 0.7179807 0.0657708 0.0617547
1 0.4138201 0.7797353 0.0657708 0.0617547
