15 0.4538781 0.8568254 0.0647149 0.0633080
2 0.5833079 0.8568254 0.0647149 0.0633080
32 0.4557815 0.7198608 0.4568111 0.4248947
7 0.2597334 0.5402850 0.0647149 0.0633081
6 0.4538781 0.5402850 0.0647149 0.0633081
19 0.6480228 0.5402850 0.0647149 0.0633081
3 0.3244483 0.6029843 0.0647149 0.0620906
10 0.3244483 0.6669011 0.0647149 0.0633081
5 0.3244483 0.7302092 0.0647149 0.0633081
25 0.3891632 0.7302092 0.0647149 0.0633081
18 0.6480228 0.7302092 0.0647149 0.0633081
24 0.2597334 0.7935173 0.0647149 0.0633081
28 0.5833079 0.7935173 0.0647149 0.0633081
1 0.6480228 0.7935173 0.0647149 0.0633081
13 0.3891632 0.8568254 0.0647149 0.0633080
