22 0.6502080 0.8663904 0.0625481 0.0648875
6 0.7127560 0.8663904 0.0625481 0.0648875
32 0.5269515 0.7260086 0.4415157 0.4354952
10 0.5876599 0.5419527 0.0625481 0.0648875
15 0.6502080 0.5419527 0.0625481 0.0648875
12 0.4625638 0.6062163 0.0625481 0.0636397
13 0.7127560 0.6062163 0.0625481 0.0636397
18 0.4000158 0.6717278 0.0625481 0.0648876
20 0.5876599 0.6717278 0.0625481 0.0648876
28 0.6502080 0.7366153 0.0625481 0.0648875
14 0.4625638 0.8015028 0.0625481 0.0648875
4 0.7127560 0.8015028 0.0625481 0.0648875
11 0.3374677 0.8663904 0.0625480 0.0648875
8 0.4000158 0.8663904 0.0625481 0.0648875
5 0.5251118 0.8663904 0.0625480 0.0648875
