3 0.2901183 0.8952232 0.0643350 0.0622973
28 0.4187883 0.8952232 0.0643350 0.0622973
32 0.4850155 0.7604453 0.4541294 0.4181108
29 0.2901183 0.5837366 0.0643350 0.0622973
9 0.6117933 0.5837366 0.0643350 0.0622973
21 0.6761283 0.5837366 0.0643350 0.0622973
18 0.2901183 0.6454349 0.0643350 0.0610993
19 0.6117933 0.6454349 0.0643350 0.0610993
23 0.2901183 0.7083312 0.0643350 0.0622974
1 0.3544534 0.7083312 0.0643350 0.0622974
12 0.4187883 0.7083312 0.0643350 0.0622974
27 0.4187883 0.7706285 0.0643350 0.0622973
22 0.6117933 0.7706285 0.0643350 0.0622973
26 0.5474583 0.8329259 0.0643350 0.0622974
8 0.6761283 0.8329259 0.0643350 0.0622974
