13 0.6568377 0.9089609 0.0651085 0.0653931
31 0.7219462 0.9089609 0.0651085 0.0653931
32 0.5285355 0.7674855 0.4595897 0.4388881
10 0.3964035 0.5819955 0.0651085 0.0653931
1 0.6568377 0.5819955 0.0651085 0.0653931
30 0.3964035 0.6467598 0.0651085 0.0641356
23 0.5266206 0.6467598 0.0651085 0.0641356
4 0.7219462 0.6467598 0.0651085 0.0641356
3 0.3964035 0.7127817 0.0651085 0.0653931
6 0.5917291 0.7127817 0.0651086 0.0653931
12 0.7219462 0.7127817 0.0651085 0.0653931
26 0.3312950 0.7781747 0.0651085 0.0653931
16 0.7219462 0.7781747 0.0651085 0.0653931
27 0.3964035 0.9089609 0.0651085 0.0653931
25 0.5917291 0.9089609 0.0651086 0.0653931
