17 0.4314675 0.8542117 0.0614686 0.0636805
8 0.4929360 0.8542117 0.0614685 0.0636805
32 0.4947440 0.7164414 0.4338958 0.4273941
25 0.4314675 0.5358092 0.0614686 0.0636805
14 0.5544046 0.5358092 0.0614686 0.0636805
18 0.5544046 0.5988775 0.0614686 0.0624559
12 0.3699989 0.6631703 0.0614686 0.0636805
6 0.4929360 0.6631703 0.0614685 0.0636805
30 0.6158732 0.6631703 0.0614685 0.0636805
21 0.6773418 0.6631703 0.0614686 0.0636805
9 0.3699989 0.7268507 0.0614686 0.0636805
11 0.4929360 0.7268507 0.0614685 0.0636805
24 0.3699989 0.7905313 0.0614686 0.0636805
22 0.5544046 0.7905313 0.0614686 0.0636805
1 0.3085303 0.8542117 0.0614685 0.0636805
