27 0.5193441 0.8457759 0.0633948 0.0672709
26 0.6461337 0.8457759 0.0633948 0.0672709
32 0.5212086 0.7002380 0.4474927 0.4514912
23 0.3925545 0.5094215 0.0633948 0.0672709
4 0.5193441 0.5094215 0.0633948 0.0672709
5 0.6461337 0.5094215 0.0633948 0.0672709
14 0.3291597 0.6439633 0.0633948 0.0672709
2 0.3925545 0.6439633 0.0633948 0.0672709
18 0.6461337 0.6439633 0.0633948 0.0672709
15 0.4559493 0.7112341 0.0633948 0.0672709
7 0.6461337 0.7112341 0.0633948 0.0672709
29 0.5193441 0.7785051 0.0633948 0.0672709
28 0.5827389 0.7785051 0.0633948 0.0672709
25 0.3291597 0.8457759 0.0633948 0.0672709
1 0.3925545 0.8457759 0.0633948 0.0672709
