12 0.6320670 0.7690099 0.0606846 0.0657917
18 0.3893287 0.8348016 0.0606846 0.0657918
32 0.4517981 0.6924637 0.4283617 0.4415639
25 0.2679595 0.5058428 0.0606846 0.0657918
1 0.5713824 0.5058428 0.0606845 0.0657918
17 0.3893287 0.5710020 0.0606846 0.0645265
30 0.5713824 0.5710020 0.0606845 0.0645265
28 0.6320670 0.5710020 0.0606846 0.0645265
11 0.2679595 0.6374263 0.0606846 0.0657917
13 0.5106979 0.6374263 0.0606846 0.0657917
19 0.6320670 0.6374263 0.0606846 0.0657917
26 0.3286441 0.7032181 0.0606846 0.0657918
20 0.4500133 0.7032181 0.0606846 0.0657918
31 0.3286441 0.7690099 0.0606846 0.0657917
15 0.5713824 0.7690099 0.0606845 0.0657917
