21 0.6617442 0.8476786 0.0658791 0.0673880
24 0.7276233 0.8476786 0.0658791 0.0673880
32 0.5319238 0.7018873 0.4650286 0.4522771
28 0.3982280 0.5107386 0.0658791 0.0673880
6 0.4641071 0.5107386 0.0658790 0.0673880
26 0.3323490 0.5774787 0.0658791 0.0660921
3 0.6617442 0.5774787 0.0658791 0.0660921
8 0.3323490 0.6455146 0.0658791 0.0673880
20 0.4641071 0.6455146 0.0658790 0.0673880
18 0.5299861 0.6455146 0.0658791 0.0673880
4 0.5958652 0.6455146 0.0658791 0.0673880
29 0.6617442 0.6455146 0.0658791 0.0673880
13 0.3323490 0.7129026 0.0658791 0.0673880
11 0.4641071 0.7129026 0.0658790 0.0673880
23 0.6617442 0.7129026 0.0658791 0.0673880
