4 0.5478716 0.8901093 0.0658227 0.0633742
6 0.7453395 0.8901093 0.0658227 0.0633742
32 0.5498075 0.7530017 0.4646306 0.4253381
26 0.4162262 0.5732384 0.0658227 0.0633741
21 0.6136942 0.5732384 0.0658226 0.0633741
27 0.6795169 0.5732384 0.0658227 0.0633741
14 0.7453395 0.5732384 0.0658227 0.0633741
5 0.7453395 0.6360033 0.0658227 0.0621555
9 0.3504035 0.6999867 0.0658227 0.0633741
20 0.4162262 0.6999867 0.0658227 0.0633741
29 0.6795169 0.6999867 0.0658227 0.0633741
16 0.7453395 0.6999867 0.0658227 0.0633741
28 0.4162262 0.7633609 0.0658227 0.0633742
15 0.3504035 0.8267351 0.0658227 0.0633742
12 0.6136942 0.8267351 0.0658226 0.0633742
