25 0.3855252 0.9104736 0.0661632 0.0657398
23 0.6501780 0.9104736 0.0661632 0.0657398
32 0.4536344 0.7682481 0.4670342 0.4412151
2 0.2531989 0.5817747 0.0661632 0.0657398
19 0.4516884 0.5817747 0.0661632 0.0657398
27 0.5178516 0.5817747 0.0661632 0.0657398
18 0.3193620 0.6468824 0.0661632 0.0644756
14 0.4516884 0.6468824 0.0661632 0.0644756
15 0.5840148 0.6468824 0.0661632 0.0644756
30 0.3193620 0.7132542 0.0661632 0.0657398
16 0.5178516 0.7132542 0.0661632 0.0657398
11 0.2531989 0.7789941 0.0661632 0.0657398
8 0.5178516 0.7789941 0.0661632 0.0657398
31 0.5840148 0.7789941 0.0661632 0.0657398
13 0.2531989 0.9104736 0.0661632 0.0657398
