17 0.4136481 0.8669273 0.0651565 0.0632027
19 0.4788046 0.8669273 0.0651565 0.0632027
32 0.5458774 0.7301908 0.4599282 0.4241872
18 0.4136481 0.5509140 0.0651565 0.0632027
23 0.4788046 0.5509140 0.0651565 0.0632027
24 0.6091175 0.5509140 0.0651565 0.0632027
27 0.6742740 0.5509140 0.0651565 0.0632027
31 0.7394305 0.5509140 0.0651566 0.0632027
25 0.3484916 0.6773193 0.0651565 0.0632027
21 0.6091175 0.6773193 0.0651565 0.0632027
8 0.4788046 0.7405220 0.0651565 0.0632027
12 0.5439611 0.7405220 0.0651565 0.0632027
7 0.6091175 0.7405220 0.0651565 0.0632027
22 0.7394305 0.7405220 0.0651566 0.0632027
1 0.4136481 0.8037247 0.0651565 0.0632027
