27 0.6316852 0.8372815 0.0610401 0.0645956
19 0.5096051 0.9018771 0.0610401 0.0645956
32 0.5114004 0.7621270 0.4308711 0.4335360
26 0.3264849 0.5788990 0.0610401 0.0645956
20 0.3875249 0.5788990 0.0610400 0.0645956
24 0.4485650 0.5788990 0.0610401 0.0645956
10 0.5706451 0.5788990 0.0610400 0.0645956
31 0.4485650 0.6428735 0.0610401 0.0633534
18 0.6927253 0.6428735 0.0610400 0.0633534
2 0.4485650 0.7080902 0.0610401 0.0645956
6 0.6316852 0.7080902 0.0610401 0.0645956
22 0.6927253 0.7080902 0.0610400 0.0645956
23 0.3264849 0.8372815 0.0610401 0.0645956
21 0.3875249 0.8372815 0.0610400 0.0645956
12 0.5706451 0.8372815 0.0610400 0.0645956
