24 0.4395962 0.8738423 0.0644979 0.0658202
15 0.5040941 0.8738423 0.0644979 0.0658202
32 0.5059911 0.7314429 0.4552793 0.4417546
3 0.4395962 0.5447414 0.0644979 0.0658202
6 0.5040941 0.5447414 0.0644979 0.0658202
14 0.3106004 0.6099287 0.0644979 0.0645544
2 0.3750983 0.6099287 0.0644979 0.0645544
4 0.4395962 0.6099287 0.0644979 0.0645544
12 0.6330899 0.6099287 0.0644979 0.0645544
13 0.6975878 0.6099287 0.0644978 0.0645544
17 0.5685920 0.6763818 0.0644979 0.0658202
19 0.3106004 0.7422020 0.0644979 0.0658202
22 0.3750983 0.7422020 0.0644979 0.0658202
28 0.5040941 0.7422020 0.0644979 0.0658202
27 0.6330899 0.7422020 0.0644979 0.0658202
