13 0.4774989 0.7520340 0.0620340 0.0634177
26 0.4774989 0.8154517 0.0620340 0.0634177
32 0.4793234 0.6782499 0.4378872 0.4256306
23 0.5395329 0.4983630 0.0620340 0.0634178
5 0.4154649 0.5611710 0.0620340 0.0621981
1 0.5395329 0.5611710 0.0620340 0.0621981
30 0.6015669 0.5611710 0.0620340 0.0621981
10 0.6636009 0.5611710 0.0620340 0.0621981
9 0.4154649 0.6251985 0.0620340 0.0634177
4 0.4774989 0.6251985 0.0620340 0.0634177
14 0.5395329 0.6251985 0.0620340 0.0634177
6 0.6636009 0.6251985 0.0620340 0.0634177
22 0.3534309 0.6886162 0.0620340 0.0634177
11 0.5395329 0.6886162 0.0620340 0.0634177
15 0.6015669 0.6886162 0.0620340 0.0634177
