9 0.6743275 0.8712807 0.0641183 0.0622575
23 0.7384457 0.8712807 0.0641182 0.0622575
32 0.5479769 0.7365891 0.4525991 0.4178430
25 0.3537365 0.5599936 0.0641182 0.0622574
3 0.4819729 0.5599936 0.0641182 0.0622574
29 0.3537365 0.6216524 0.0641182 0.0610602
16 0.7384457 0.6216524 0.0641182 0.0610602
2 0.4819729 0.6845084 0.0641182 0.0622575
1 0.6102093 0.7467658 0.0641182 0.0622574
31 0.6743275 0.7467658 0.0641183 0.0622574
11 0.3537365 0.8090232 0.0641182 0.0622574
8 0.4178547 0.8090232 0.0641182 0.0622574
4 0.3537365 0.8712807 0.0641182 0.0622575
10 0.4178547 0.8712807 0.0641182 0.0622575
22 0.5460911 0.8712807 0.0641182 0.0622575
