17 0.6585495 0.7621111 0.0664804 0.0630649
16 0.5920690 0.8251760 0.0664804 0.0630649
32 0.5275439 0.6887376 0.4692738 0.4232625
14 0.3261473 0.5098515 0.0664804 0.0630649
29 0.5255886 0.5098515 0.0664804 0.0630649
21 0.5920690 0.5098515 0.0664804 0.0630649
24 0.7250299 0.5098515 0.0664804 0.0630649
6 0.3926277 0.5723100 0.0664804 0.0618521
30 0.5920690 0.5723100 0.0664804 0.0618521
27 0.6585495 0.5723100 0.0664804 0.0618521
28 0.7250299 0.6359813 0.0664804 0.0630649
4 0.3261473 0.6990462 0.0664804 0.0630650
15 0.4591081 0.6990462 0.0664804 0.0630650
9 0.5920690 0.6990462 0.0664804 0.0630650
1 0.4591081 0.7621111 0.0664804 0.0630649
