5 0.4967229 0.8701451 0.0613177 0.0662324
23 0.5580406 0.8701451 0.0613177 0.0662324
32 0.4985263 0.7268539 0.4328307 0.4445212
14 0.6193583 0.5389832 0.0613177 0.0662324
15 0.3127699 0.6045788 0.0613177 0.0649587
1 0.4354052 0.6045788 0.0613177 0.0649587
29 0.5580406 0.6045788 0.0613177 0.0649587
20 0.4354052 0.7376804 0.0613177 0.0662324
21 0.4967229 0.7376804 0.0613177 0.0662324
3 0.6193583 0.7376804 0.0613177 0.0662324
13 0.4354052 0.8039128 0.0613177 0.0662324
24 0.5580406 0.8039128 0.0613177 0.0662324
30 0.3127699 0.8701451 0.0613177 0.0662324
8 0.3740875 0.8701451 0.0613177 0.0662324
18 0.4354052 0.8701451 0.0613177 0.0662324
