17 0.4562478 0.8169199 0.0648078 0.0638471
2 0.3914400 0.8807671 0.0648078 0.0638471
32 0.5229617 0.7426362 0.4574667 0.4285124
20 0.3266322 0.5615314 0.0648078 0.0638471
24 0.6506712 0.5615314 0.0648078 0.0638471
31 0.7154790 0.5615314 0.0648077 0.0638471
23 0.5210556 0.6247646 0.0648078 0.0626193
8 0.5858634 0.6247646 0.0648078 0.0626193
16 0.6506712 0.6247646 0.0648078 0.0626193
27 0.3266322 0.6892256 0.0648078 0.0638472
14 0.5210556 0.6892256 0.0648078 0.0638472
7 0.5858634 0.6892256 0.0648078 0.0638472
25 0.6506712 0.6892256 0.0648078 0.0638472
29 0.7154790 0.6892256 0.0648077 0.0638472
28 0.5210556 0.7530728 0.0648078 0.0638471
