15 0.2924507 0.8781033 0.0627945 0.0656353
1 0.3552452 0.8781033 0.0627945 0.0656353
32 0.4826811 0.7361040 0.4432552 0.4405135
6 0.3552452 0.5499271 0.0627945 0.0656352
8 0.6064232 0.5499271 0.0627945 0.0656352
22 0.2924507 0.6149312 0.0627945 0.0643730
23 0.3552452 0.6811975 0.0627945 0.0656353
19 0.4180397 0.6811975 0.0627945 0.0656353
10 0.5436287 0.6811975 0.0627945 0.0656353
31 0.6064232 0.6811975 0.0627945 0.0656353
18 0.4180397 0.7468328 0.0627945 0.0656352
11 0.6692177 0.7468328 0.0627945 0.0656352
30 0.3552452 0.8124680 0.0627945 0.0656352
12 0.5436287 0.8124680 0.0627945 0.0656352
27 0.6064232 0.8124680 0.0627945 0.0656352
