21 0.6861100 0.7204046 0.0607924 0.0640247
26 0.4429405 0.7844292 0.0607924 0.0640247
32 0.5055209 0.7099390 0.4291226 0.4297041
14 0.3213557 0.5283306 0.0607924 0.0640247
15 0.3821481 0.5283306 0.0607924 0.0640247
28 0.5645252 0.5283306 0.0607924 0.0640247
6 0.6861100 0.5283306 0.0607924 0.0640247
16 0.3213557 0.5917396 0.0607924 0.0627934
2 0.3821481 0.5917396 0.0607924 0.0627934
11 0.5645252 0.5917396 0.0607924 0.0627934
12 0.6861100 0.5917396 0.0607924 0.0627934
24 0.3213557 0.6563799 0.0607924 0.0640247
20 0.3821481 0.6563799 0.0607924 0.0640247
7 0.6253176 0.6563799 0.0607924 0.0640247
17 0.5645252 0.7204046 0.0607924 0.0640247
