19 0.5149663 0.8585038 0.0641015 0.0655800
30 0.6431693 0.8585038 0.0641015 0.0655800
32 0.4527501 0.7166241 0.4524812 0.4401425
12 0.3226618 0.5306039 0.0641015 0.0655800
23 0.5149663 0.5306039 0.0641015 0.0655800
4 0.5790678 0.5306039 0.0641015 0.0655800
9 0.2585603 0.5955534 0.0641015 0.0643188
10 0.3226618 0.5955534 0.0641015 0.0643188
18 0.5790678 0.5955534 0.0641015 0.0643188
3 0.3226618 0.6617639 0.0641015 0.0655800
20 0.5149663 0.6617639 0.0641015 0.0655800
21 0.2585603 0.7273439 0.0641015 0.0655799
26 0.6431693 0.7273439 0.0641015 0.0655799
15 0.4508648 0.7929238 0.0641015 0.0655800
17 0.3867633 0.8585038 0.0641015 0.0655800
