5 0.6125401 0.8535694 0.0613194 0.0622844
19 0.6738594 0.8535694 0.0613194 0.0622844
32 0.4917048 0.7188197 0.4328426 0.4180237
28 0.6738594 0.5421478 0.0613194 0.0622844
11 0.3672626 0.6038332 0.0613194 0.0610865
1 0.4285819 0.6038332 0.0613194 0.0610865
12 0.4899014 0.6038332 0.0613194 0.0610865
22 0.3672626 0.6667164 0.0613194 0.0622844
17 0.4285819 0.7290007 0.0613194 0.0622843
3 0.4899014 0.7290007 0.0613194 0.0622843
10 0.6125401 0.7290007 0.0613194 0.0622843
15 0.3672626 0.7912851 0.0613194 0.0622843
9 0.6125401 0.7912851 0.0613194 0.0622843
21 0.3059432 0.8535694 0.0613194 0.0622844
13 0.4899014 0.8535694 0.0613194 0.0622844
