14 0.3834506 0.8329379 0.0644172 0.0638800
10 0.4478678 0.8329379 0.0644172 0.0638800
32 0.5141796 0.6947359 0.4547097 0.4287331
28 0.3190334 0.5135378 0.0644172 0.0638800
5 0.4478678 0.5135378 0.0644172 0.0638800
6 0.3834506 0.5768036 0.0644172 0.0626516
4 0.5122850 0.5768036 0.0644172 0.0626516
25 0.6411194 0.5768036 0.0644172 0.0626516
23 0.3834506 0.6412978 0.0644172 0.0638800
15 0.5767022 0.6412978 0.0644172 0.0638800
27 0.3190334 0.7051778 0.0644172 0.0638800
30 0.4478678 0.7051778 0.0644172 0.0638800
13 0.5122850 0.7051778 0.0644172 0.0638800
17 0.5767022 0.7051778 0.0644172 0.0638800
26 0.4478678 0.7690578 0.0644172 0.0638800
