24 0.2746320 0.9189916 0.0650626 0.0671289
26 0.4047572 0.9189916 0.0650626 0.0671289
32 0.4717334 0.7737609 0.4592655 0.4505379
19 0.3396946 0.5833473 0.0650626 0.0671289
11 0.4047572 0.5833473 0.0650626 0.0671289
7 0.5348824 0.5833473 0.0650626 0.0671289
14 0.5999451 0.5833473 0.0650626 0.0671289
12 0.3396946 0.6498308 0.0650626 0.0658379
4 0.6650077 0.6498308 0.0650626 0.0658379
5 0.5999451 0.7176051 0.0650626 0.0671289
9 0.4698198 0.7847339 0.0650626 0.0671288
8 0.5348824 0.7847339 0.0650626 0.0671288
13 0.4698198 0.8518628 0.0650626 0.0671288
1 0.5999451 0.8518628 0.0650626 0.0671288
15 0.6650077 0.8518628 0.0650626 0.0671288
