24 0.6572852 0.8079379 0.0651885 0.0625782
5 0.7224738 0.8079379 0.0651885 0.0625782
32 0.5288255 0.6725523 0.4601542 0.4199963
17 0.4617197 0.4950467 0.0651885 0.0625782
2 0.7224738 0.4950467 0.0651885 0.0625782
9 0.3313427 0.5570232 0.0651885 0.0613748
11 0.5920967 0.5570232 0.0651885 0.0613748
10 0.6572852 0.5570232 0.0651885 0.0613748
20 0.7224738 0.5570232 0.0651885 0.0613748
15 0.5269082 0.6202032 0.0651885 0.0625782
16 0.5920967 0.6202032 0.0651885 0.0625782
25 0.6572852 0.6202032 0.0651885 0.0625782
13 0.3965311 0.6827814 0.0651885 0.0625783
18 0.4617197 0.7453597 0.0651885 0.0625783
8 0.3965311 0.8079379 0.0651885 0.0625782
