6 0.6216840 0.8357635 0.0653642 0.0627036
13 0.6870483 0.8357635 0.0653643 0.0627036
32 0.4928780 0.7001068 0.4613947 0.4208374
29 0.3602271 0.5222457 0.0653643 0.0627036
12 0.4909555 0.5222457 0.0653642 0.0627036
31 0.2948628 0.5843464 0.0653642 0.0614977
24 0.2948628 0.6476529 0.0653642 0.0627036
7 0.3602271 0.6476529 0.0653643 0.0627036
22 0.6216840 0.6476529 0.0653642 0.0627036
3 0.4909555 0.7103564 0.0653642 0.0627036
9 0.2948628 0.7730600 0.0653642 0.0627036
15 0.3602271 0.7730600 0.0653643 0.0627036
8 0.4909555 0.7730600 0.0653642 0.0627036
30 0.5563198 0.7730600 0.0653643 0.0627036
2 0.6870483 0.7730600 0.0653643 0.0627036
