26 0.6103145 0.8719049 0.0667350 0.0632342
10 0.6770494 0.8719049 0.0667349 0.0632342
32 0.5455423 0.7351001 0.4710701 0.4243990
6 0.4768446 0.6183599 0.0667350 0.0620182
17 0.5435795 0.6183599 0.0667349 0.0620182
28 0.6770494 0.6183599 0.0667349 0.0620182
11 0.5435795 0.6822021 0.0667349 0.0632343
30 0.7437843 0.6822021 0.0667349 0.0632343
9 0.3433747 0.7454364 0.0667349 0.0632343
31 0.6770494 0.7454364 0.0667349 0.0632343
12 0.4101096 0.8086707 0.0667349 0.0632343
22 0.7437843 0.8086707 0.0667349 0.0632343
25 0.3433747 0.8719049 0.0667349 0.0632342
23 0.4101096 0.8719049 0.0667349 0.0632342
18 0.4768446 0.8719049 0.0667350 0.0632342
