18 0.4668567 0.8583107 0.0619698 0.0633854
21 0.5288265 0.8583107 0.0619698 0.0633854
32 0.5306491 0.7211788 0.4374342 0.4254137
5 0.3429170 0.5413837 0.0619699 0.0633854
30 0.5288265 0.5413837 0.0619698 0.0633854
19 0.5907963 0.5413837 0.0619698 0.0633854
13 0.3429170 0.6041596 0.0619699 0.0621665
29 0.4668567 0.6041596 0.0619698 0.0621665
8 0.7147360 0.6041596 0.0619698 0.0621665
3 0.4048868 0.6681544 0.0619698 0.0633854
23 0.5907963 0.6681544 0.0619698 0.0633854
11 0.3429170 0.7949254 0.0619699 0.0633854
7 0.4048868 0.7949254 0.0619698 0.0633854
24 0.5907963 0.7949254 0.0619698 0.0633854
9 0.6527661 0.7949254 0.0619698 0.0633854
