13 0.5226575 0.8267719 0.0650365 0.0647410
19 0.5226575 0.8915128 0.0650365 0.0647410
32 0.5245704 0.7514481 0.4590816 0.4345116
18 0.7177672 0.5678078 0.0650365 0.0647410
16 0.3275478 0.6319263 0.0650365 0.0634959
10 0.5226575 0.6319263 0.0650365 0.0634959
20 0.5876941 0.6319263 0.0650366 0.0634959
7 0.6527307 0.6319263 0.0650365 0.0634959
14 0.3275478 0.6972899 0.0650365 0.0647410
29 0.5876941 0.6972899 0.0650366 0.0647410
2 0.4576210 0.7620308 0.0650366 0.0647410
30 0.5226575 0.7620308 0.0650365 0.0647410
5 0.6527307 0.7620308 0.0650365 0.0647410
4 0.7177672 0.7620308 0.0650365 0.0647410
25 0.4576210 0.8267719 0.0650366 0.0647410
