6 0.6421314 0.9121283 0.0653242 0.0649837
22 0.7074557 0.9121283 0.0653242 0.0649837
32 0.5134043 0.7715385 0.4611121 0.4361407
16 0.7074557 0.5872097 0.0653242 0.0649837
27 0.5768073 0.6515686 0.0653242 0.0637341
12 0.3155103 0.7821608 0.0653242 0.0649837
30 0.5768073 0.7821608 0.0653242 0.0649837
1 0.6421314 0.7821608 0.0653242 0.0649837
15 0.3808346 0.8471446 0.0653242 0.0649837
17 0.4461588 0.8471446 0.0653242 0.0649837
14 0.5114830 0.8471446 0.0653242 0.0649837
31 0.6421314 0.8471446 0.0653242 0.0649837
11 0.3155103 0.9121283 0.0653242 0.0649837
26 0.3808346 0.9121283 0.0653242 0.0649837
5 0.4461588 0.9121283 0.0653242 0.0649837
