6 0.4527308 0.8692371 0.0613250 0.0627092
15 0.5140559 0.8692371 0.0613250 0.0627092
32 0.4545345 0.7335680 0.4328826 0.4208754
13 0.2687557 0.5556909 0.0613250 0.0627092
8 0.5140559 0.5556909 0.0613250 0.0627092
26 0.3914058 0.6177972 0.0613250 0.0615033
10 0.4527308 0.6177972 0.0613250 0.0615033
14 0.5140559 0.6177972 0.0613250 0.0615033
25 0.6367059 0.6811093 0.0613251 0.0627093
12 0.2687557 0.7438186 0.0613250 0.0627092
9 0.3300807 0.7438186 0.0613250 0.0627092
17 0.3914058 0.7438186 0.0613250 0.0627092
24 0.5753809 0.7438186 0.0613250 0.0627092
29 0.4527308 0.8065279 0.0613250 0.0627093
4 0.5753809 0.8065279 0.0613250 0.0627093
