20 0.4746142 0.8694453 0.0638599 0.0630600
6 0.5384742 0.8694453 0.0638600 0.0630600
32 0.4764925 0.7330174 0.4507762 0.4232295
27 0.4746142 0.5541454 0.0638599 0.0630600
11 0.6661941 0.5541454 0.0638600 0.0630600
1 0.3468943 0.6165990 0.0638600 0.0618473
8 0.4107542 0.6802654 0.0638600 0.0630600
30 0.4746142 0.6802654 0.0638599 0.0630600
7 0.5384742 0.6802654 0.0638600 0.0630600
13 0.2830343 0.7433253 0.0638600 0.0630599
29 0.4107542 0.7433253 0.0638600 0.0630599
26 0.5384742 0.7433253 0.0638600 0.0630599
2 0.4746142 0.8063853 0.0638599 0.0630600
16 0.5384742 0.8063853 0.0638600 0.0630600
17 0.2830343 0.8694453 0.0638600 0.0630600
