3 0.4956464 0.8085934 0.0644992 0.0627763
5 0.6246449 0.8085934 0.0644992 0.0627763
32 0.4975435 0.6727791 0.4552887 0.4213262
4 0.3021487 0.4947114 0.0644992 0.0627764
9 0.4956464 0.4947114 0.0644992 0.0627764
2 0.5601456 0.4947114 0.0644992 0.0627764
30 0.3021487 0.5568842 0.0644992 0.0615692
11 0.4956464 0.5568842 0.0644992 0.0615692
17 0.6246449 0.5568842 0.0644992 0.0615692
31 0.3666479 0.6202642 0.0644992 0.0627764
21 0.4956464 0.6202642 0.0644992 0.0627764
13 0.5601456 0.6202642 0.0644992 0.0627764
27 0.6246449 0.6202642 0.0644992 0.0627764
24 0.6246449 0.6830406 0.0644992 0.0627764
14 0.6246449 0.7458170 0.0644992 0.0627764
