8 0.3910378 0.8185220 0.0611098 0.0637866
9 0.3299279 0.8823086 0.0611099 0.0637866
32 0.5150548 0.7443087 0.4313637 0.4281064
24 0.3299279 0.5633755 0.0611099 0.0637866
15 0.3910378 0.5633755 0.0611098 0.0637866
14 0.5132574 0.5633755 0.0611098 0.0637866
16 0.6965869 0.6265488 0.0611098 0.0625600
25 0.3910378 0.6909487 0.0611098 0.0637866
12 0.4521476 0.6909487 0.0611098 0.0637866
31 0.5743673 0.6909487 0.0611098 0.0637866
5 0.3299279 0.7547353 0.0611099 0.0637866
1 0.3910378 0.7547353 0.0611098 0.0637866
30 0.5132574 0.7547353 0.0611098 0.0637866
17 0.6965869 0.7547353 0.0611098 0.0637866
6 0.3299279 0.8185220 0.0611099 0.0637866
