31 0.4769761 0.8553743 0.0627726 0.0675655
16 0.7280666 0.8553743 0.0627726 0.0675655
32 0.5415950 0.7091988 0.4431009 0.4534686
6 0.3514309 0.5175467 0.0627726 0.0675655
14 0.4769761 0.5175467 0.0627726 0.0675655
9 0.6025214 0.5175467 0.0627726 0.0675655
5 0.3514309 0.5844625 0.0627726 0.0662662
2 0.6652940 0.5844625 0.0627726 0.0662662
28 0.4769761 0.6526778 0.0627726 0.0675655
3 0.7280666 0.6526778 0.0627726 0.0675655
19 0.3514309 0.7202432 0.0627726 0.0675655
1 0.4142035 0.7202432 0.0627726 0.0675655
13 0.3514309 0.7878087 0.0627726 0.0675655
12 0.4142035 0.7878087 0.0627726 0.0675655
18 0.5397488 0.7878087 0.0627726 0.0675655
