30 0.5912864 0.8163029 0.0651494 0.0646796
1 0.6564358 0.8163029 0.0651494 0.0646796
32 0.5280532 0.6763709 0.4598780 0.4341000
25 0.3958382 0.4929046 0.0651494 0.0646797
15 0.4609876 0.5569623 0.0651494 0.0634358
10 0.5261370 0.6222639 0.0651494 0.0646796
18 0.5912864 0.6222639 0.0651494 0.0646796
29 0.7215852 0.6222639 0.0651494 0.0646796
3 0.3958382 0.6869436 0.0651494 0.0646797
19 0.5261370 0.6869436 0.0651494 0.0646797
22 0.3958382 0.7516232 0.0651494 0.0646796
28 0.4609876 0.7516232 0.0651494 0.0646796
24 0.5261370 0.7516232 0.0651494 0.0646796
8 0.4609876 0.8163029 0.0651494 0.0646796
6 0.5261370 0.8163029 0.0651494 0.0646796
