23 0.2675213 0.8570941 0.0619799 0.0673602
19 0.3914811 0.8570941 0.0619799 0.0673602
32 0.4552840 0.7113631 0.4375052 0.4520900
4 0.2675213 0.5202935 0.0619799 0.0673601
1 0.3295012 0.5202935 0.0619799 0.0673601
20 0.2675213 0.5870059 0.0619799 0.0660647
30 0.4534610 0.5870059 0.0619799 0.0660647
7 0.5774208 0.5870059 0.0619799 0.0660647
25 0.2675213 0.6550137 0.0619799 0.0673601
15 0.5154409 0.6550137 0.0619799 0.0673601
21 0.5774208 0.6550137 0.0619799 0.0673601
24 0.6394007 0.6550137 0.0619799 0.0673601
11 0.3295012 0.7223738 0.0619799 0.0673602
26 0.6394007 0.7223738 0.0619799 0.0673602
14 0.2675213 0.7897340 0.0619799 0.0673601
