3 0.7206199 0.7578984 0.0618112 0.0640571
2 0.4115638 0.8219554 0.0618112 0.0640570
32 0.5370042 0.6833705 0.4363144 0.4299213
1 0.3497527 0.5016702 0.0618112 0.0640570
20 0.4115638 0.5016702 0.0618112 0.0640570
8 0.5351862 0.5016702 0.0618112 0.0640570
24 0.5969975 0.5016702 0.0618112 0.0640570
10 0.4733751 0.5651113 0.0618112 0.0628252
15 0.5351862 0.5651113 0.0618112 0.0628252
9 0.6588087 0.6297843 0.0618112 0.0640570
27 0.7206199 0.6297843 0.0618112 0.0640570
7 0.4115638 0.6938413 0.0618112 0.0640570
6 0.5351862 0.6938413 0.0618112 0.0640570
4 0.5969975 0.6938413 0.0618112 0.0640570
11 0.5969975 0.7578984 0.0618112 0.0640571
