21 0.3410206 0.8803830 0.0607971 0.0640742
4 0.4626149 0.8803830 0.0607971 0.0640742
32 0.4644030 0.7417607 0.4291562 0.4300370
24 0.3410206 0.5600115 0.0607971 0.0640743
29 0.4018177 0.5600115 0.0607971 0.0640743
10 0.5234120 0.5600115 0.0607971 0.0640743
11 0.6450062 0.5600115 0.0607971 0.0640743
23 0.5234120 0.6234698 0.0607971 0.0628421
22 0.2802235 0.6881601 0.0607971 0.0640743
18 0.3410206 0.6881601 0.0607971 0.0640743
25 0.2802235 0.7522344 0.0607971 0.0640742
5 0.3410206 0.7522344 0.0607971 0.0640742
27 0.5842091 0.7522344 0.0607971 0.0640742
26 0.3410206 0.8163087 0.0607971 0.0640743
17 0.4018177 0.8163087 0.0607971 0.0640743
