12 0.6039388 0.7998814 0.0631713 0.0633428
5 0.4144248 0.8632243 0.0631713 0.0633429
32 0.4794542 0.7261844 0.4459153 0.4251281
20 0.4775961 0.5465099 0.0631713 0.0633429
21 0.5407675 0.6092437 0.0631713 0.0621247
8 0.6039388 0.6092437 0.0631713 0.0621247
11 0.6671101 0.6092437 0.0631713 0.0621247
29 0.4144248 0.6731956 0.0631713 0.0633429
14 0.5407675 0.6731956 0.0631713 0.0633429
1 0.6671101 0.6731956 0.0631713 0.0633429
7 0.2880822 0.7365385 0.0631713 0.0633429
25 0.3512535 0.7365385 0.0631713 0.0633429
4 0.5407675 0.7365385 0.0631713 0.0633429
27 0.4775961 0.7998814 0.0631713 0.0633428
22 0.5407675 0.7998814 0.0631713 0.0633428
