23 0.4912029 0.8357878 0.0616353 0.0621835
4 0.5528382 0.8357878 0.0616353 0.0621835
32 0.4930157 0.7012564 0.4350725 0.4173463
1 0.6144735 0.5248708 0.0616353 0.0621834
26 0.6761088 0.5864563 0.0616353 0.0609876
6 0.4912029 0.6492376 0.0616353 0.0621834
29 0.5528382 0.6492376 0.0616353 0.0621834
28 0.6144735 0.6492376 0.0616353 0.0621834
12 0.4295676 0.7114211 0.0616352 0.0621835
11 0.6144735 0.7114211 0.0616353 0.0621835
24 0.4912029 0.7736044 0.0616353 0.0621834
22 0.6144735 0.7736044 0.0616353 0.0621834
16 0.6761088 0.7736044 0.0616353 0.0621834
19 0.3062971 0.8357878 0.0616353 0.0621835
25 0.4295676 0.8357878 0.0616352 0.0621835
