1 0.6436073 0.8463625 0.0646274 0.0633539
29 0.7082348 0.8463625 0.0646275 0.0633539
32 0.5162532 0.7092988 0.4561938 0.4252021
7 0.4497249 0.5295930 0.0646275 0.0633539
17 0.5143524 0.5295930 0.0646275 0.0633539
10 0.5789799 0.5295930 0.0646275 0.0633539
2 0.6436073 0.5295930 0.0646274 0.0633539
9 0.3204700 0.5923378 0.0646275 0.0621355
16 0.5789799 0.5923378 0.0646275 0.0621355
30 0.7082348 0.5923378 0.0646275 0.0621355
8 0.5789799 0.7196547 0.0646275 0.0633540
19 0.7082348 0.7196547 0.0646275 0.0633540
25 0.3204700 0.7830087 0.0646275 0.0633539
12 0.3850975 0.7830087 0.0646275 0.0633539
13 0.5789799 0.8463625 0.0646275 0.0633539
