22 0.6685526 0.7684004 0.0665122 0.0657401
1 0.2694795 0.8341406 0.0665122 0.0657401
32 0.4709722 0.6919144 0.4694976 0.4412176
8 0.4690160 0.5054398 0.0665122 0.0657401
2 0.5355282 0.5054398 0.0665121 0.0657401
7 0.6685526 0.5054398 0.0665122 0.0657401
13 0.2694795 0.5705479 0.0665122 0.0644759
3 0.4025038 0.6369201 0.0665122 0.0657401
15 0.4690160 0.6369201 0.0665122 0.0657401
29 0.6685526 0.6369201 0.0665122 0.0657401
16 0.4025038 0.7026603 0.0665122 0.0657402
18 0.4690160 0.7026603 0.0665122 0.0657402
31 0.6685526 0.7026603 0.0665122 0.0657402
5 0.3359917 0.7684004 0.0665122 0.0657401
9 0.6020403 0.7684004 0.0665122 0.0657401
