24 0.3936768 0.8241626 0.0664766 0.0657466
8 0.4601534 0.8241626 0.0664766 0.0657466
32 0.5285851 0.7476689 0.4692463 0.4412612
16 0.3936768 0.5611760 0.0664766 0.0657467
15 0.5931065 0.5611760 0.0664766 0.0657467
26 0.7260596 0.5611760 0.0664765 0.0657467
1 0.3272002 0.6262904 0.0664766 0.0644823
3 0.5266299 0.6262904 0.0664766 0.0644823
2 0.5931065 0.6262904 0.0664766 0.0644823
18 0.6595831 0.6926693 0.0664766 0.0657466
4 0.7260596 0.6926693 0.0664765 0.0657466
30 0.3272002 0.7584160 0.0664766 0.0657467
31 0.4601534 0.7584160 0.0664766 0.0657467
29 0.5266299 0.7584160 0.0664766 0.0657467
6 0.5931065 0.7584160 0.0664766 0.0657467
