14 0.3508249 0.8639664 0.0636998 0.0662022
27 0.7330238 0.8639664 0.0636998 0.0662022
32 0.5437979 0.7207404 0.4496458 0.4443188
10 0.4145247 0.5329552 0.0636998 0.0662022
2 0.4782246 0.5329552 0.0636998 0.0662022
24 0.6693240 0.5329552 0.0636998 0.0662022
13 0.7330238 0.5329552 0.0636998 0.0662022
3 0.4145247 0.5985209 0.0636998 0.0649291
6 0.4782246 0.5985209 0.0636998 0.0649291
31 0.7330238 0.5985209 0.0636998 0.0649291
9 0.6693240 0.6653596 0.0636998 0.0662022
25 0.7330238 0.6653596 0.0636998 0.0662022
12 0.4782246 0.7315619 0.0636998 0.0662022
28 0.6056242 0.7315619 0.0636998 0.0662022
20 0.3508249 0.7977641 0.0636998 0.0662022
