20 0.4806703 0.8786975 0.0614187 0.0648319
2 0.6035077 0.8786975 0.0614187 0.0648319
32 0.5438954 0.7384363 0.4335437 0.4351216
21 0.3578329 0.5545382 0.0614187 0.0648319
3 0.4806703 0.6187467 0.0614187 0.0635851
31 0.4192516 0.6842020 0.0614187 0.0648318
1 0.4806703 0.6842020 0.0614187 0.0648318
16 0.6649263 0.6842020 0.0614187 0.0648318
5 0.7263451 0.6842020 0.0614187 0.0648318
15 0.4192516 0.7490338 0.0614187 0.0648318
18 0.6649263 0.7490338 0.0614187 0.0648318
23 0.3578329 0.8138657 0.0614187 0.0648318
22 0.4192516 0.8138657 0.0614187 0.0648318
6 0.4806703 0.8138657 0.0614187 0.0648318
10 0.5420890 0.8138657 0.0614187 0.0648318
