17 0.4339040 0.8493629 0.0658562 0.0674765
6 0.3680478 0.9168394 0.0658562 0.0674765
32 0.5016972 0.7708566 0.4648676 0.4528712
26 0.3680478 0.5794569 0.0658562 0.0674765
23 0.6314727 0.5794569 0.0658562 0.0674765
9 0.3680478 0.6462846 0.0658562 0.0661789
7 0.4997602 0.6462846 0.0658562 0.0661789
28 0.4339040 0.7144099 0.0658562 0.0674765
4 0.5656165 0.7144099 0.0658562 0.0674765
11 0.6314727 0.7144099 0.0658562 0.0674765
8 0.6973289 0.7144099 0.0658562 0.0674765
10 0.3021915 0.7818864 0.0658563 0.0674765
30 0.4339040 0.7818864 0.0658562 0.0674765
22 0.3680478 0.8493629 0.0658562 0.0674765
