26 0.5982254 0.8556375 0.0644785 0.0676672
22 0.6627040 0.8556375 0.0644785 0.0676672
32 0.4711649 0.7092424 0.4551424 0.4541505
19 0.2758329 0.5173019 0.0644785 0.0676671
11 0.4692684 0.5843185 0.0644785 0.0663659
28 0.5982254 0.5843185 0.0644785 0.0663659
13 0.6627040 0.5843185 0.0644785 0.0663659
17 0.4047899 0.6526362 0.0644785 0.0676671
5 0.5982254 0.6526362 0.0644785 0.0676671
12 0.5337469 0.7203033 0.0644785 0.0676672
31 0.2758329 0.7879704 0.0644785 0.0676671
24 0.5982254 0.7879704 0.0644785 0.0676671
8 0.6627040 0.7879704 0.0644785 0.0676671
6 0.3403114 0.8556375 0.0644785 0.0676672
