11 0.5853115 0.8412466 0.0640327 0.0673050
8 0.2651480 0.9085516 0.0640327 0.0673051
32 0.4591294 0.7629398 0.4519956 0.4517203
6 0.4572461 0.5720264 0.0640327 0.0673050
10 0.6493442 0.5720264 0.0640327 0.0673050
28 0.3291807 0.6386843 0.0640327 0.0660107
18 0.5212788 0.6386843 0.0640327 0.0660107
9 0.2651480 0.7066365 0.0640327 0.0673050
13 0.4572461 0.7066365 0.0640327 0.0673050
24 0.2651480 0.7739415 0.0640327 0.0673051
30 0.3291807 0.7739415 0.0640327 0.0673051
19 0.3932133 0.7739415 0.0640327 0.0673051
1 0.3291807 0.8412466 0.0640327 0.0673050
17 0.5212788 0.8412466 0.0640327 0.0673050
