7 0.4164304 0.8930495 0.0634836 0.0666232
16 0.5433976 0.8930495 0.0634836 0.0666232
32 0.4817812 0.7489127 0.4481196 0.4471442
9 0.4164304 0.5599334 0.0634836 0.0666232
13 0.5433976 0.5599334 0.0634836 0.0666232
23 0.3529468 0.6259160 0.0634836 0.0653420
26 0.6068813 0.6259160 0.0634836 0.0653420
17 0.3529468 0.6931799 0.0634836 0.0666232
24 0.4799140 0.6931799 0.0634836 0.0666232
15 0.6703648 0.6931799 0.0634837 0.0666232
3 0.4164304 0.7598030 0.0634836 0.0666232
21 0.6068813 0.7598030 0.0634836 0.0666232
12 0.2894632 0.8264262 0.0634836 0.0666232
20 0.2894632 0.8930495 0.0634836 0.0666232
