1 0.4951560 0.8673065 0.0659584 0.0633301
14 0.5611145 0.8673065 0.0659585 0.0633301
32 0.4970960 0.7302943 0.4655891 0.4250422
9 0.2972807 0.5506562 0.0659584 0.0633301
28 0.3632391 0.5506562 0.0659585 0.0633301
10 0.4951560 0.5506562 0.0659584 0.0633301
7 0.4291976 0.6133773 0.0659584 0.0621122
3 0.4951560 0.6133773 0.0659584 0.0621122
27 0.4951560 0.6773164 0.0659584 0.0633301
21 0.5611145 0.6773164 0.0659585 0.0633301
13 0.6270730 0.6773164 0.0659584 0.0633301
24 0.6270730 0.7406464 0.0659584 0.0633301
15 0.2972807 0.8039764 0.0659584 0.0633300
18 0.6270730 0.8039764 0.0659584 0.0633300
