14 0.3279480 0.8691829 0.0640140 0.0658153
27 0.5840039 0.8691829 0.0640140 0.0658153
32 0.4578587 0.7267941 0.4518633 0.4417214
3 0.5199899 0.5401067 0.0640140 0.0658152
19 0.5840039 0.5401067 0.0640140 0.0658152
23 0.6480178 0.5401067 0.0640139 0.0658152
8 0.2639340 0.6052892 0.0640140 0.0645496
1 0.6480178 0.6052892 0.0640139 0.0645496
21 0.5840039 0.6717372 0.0640140 0.0658152
25 0.2639340 0.7375525 0.0640140 0.0658152
30 0.3279480 0.7375525 0.0640140 0.0658152
20 0.4559759 0.7375525 0.0640140 0.0658152
10 0.6480178 0.7375525 0.0640139 0.0658152
17 0.2639340 0.8033676 0.0640140 0.0658152
