9 0.4915034 0.8403966 0.0616491 0.0634692
29 0.6764507 0.8403966 0.0616491 0.0634692
32 0.4933166 0.7665527 0.4351701 0.4259756
11 0.4915034 0.5865200 0.0616491 0.0634692
16 0.3682052 0.6493790 0.0616491 0.0622486
27 0.4915034 0.6493790 0.0616491 0.0622486
31 0.3065561 0.7134584 0.0616491 0.0634692
24 0.4915034 0.7134584 0.0616491 0.0634692
17 0.6764507 0.7134584 0.0616491 0.0634692
20 0.3065561 0.7769275 0.0616491 0.0634691
28 0.4298543 0.7769275 0.0616491 0.0634691
6 0.6764507 0.7769275 0.0616491 0.0634691
8 0.3682052 0.8403966 0.0616491 0.0634692
4 0.4298543 0.8403966 0.0616491 0.0634692
