21 0.5267304 0.8330441 0.0615204 0.0618780
30 0.5267304 0.8949222 0.0615204 0.0618780
32 0.4670194 0.7610516 0.4342615 0.4152964
5 0.2806489 0.5855323 0.0615204 0.0618780
13 0.3421692 0.5855323 0.0615204 0.0618780
4 0.4036896 0.5855323 0.0615204 0.0618780
27 0.4652100 0.5855323 0.0615204 0.0618780
29 0.5267304 0.6468153 0.0615204 0.0606880
26 0.2806489 0.7092882 0.0615204 0.0618780
10 0.4652100 0.7092882 0.0615204 0.0618780
6 0.5267304 0.7092882 0.0615204 0.0618780
17 0.5882507 0.7092882 0.0615203 0.0618780
28 0.4036896 0.7711662 0.0615204 0.0618780
2 0.4652100 0.8330441 0.0615204 0.0618780
