29 0.4148163 0.8357079 0.0610706 0.0656664
6 0.5980279 0.8357079 0.0610705 0.0656664
32 0.4776830 0.6936412 0.4310860 0.4407225
7 0.3537457 0.5073760 0.0610705 0.0656664
24 0.3537457 0.5724110 0.0610705 0.0644036
9 0.5369573 0.5724110 0.0610705 0.0644036
19 0.2926752 0.6387088 0.0610705 0.0656664
28 0.4148163 0.6387088 0.0610706 0.0656664
8 0.2926752 0.7043752 0.0610705 0.0656664
16 0.5369573 0.7043752 0.0610705 0.0656664
14 0.4148163 0.7700415 0.0610706 0.0656664
12 0.4758868 0.7700415 0.0610705 0.0656664
11 0.5980279 0.7700415 0.0610705 0.0656664
26 0.6590984 0.7700415 0.0610705 0.0656664
