5 0.5299824 0.8095011 0.0666542 0.0621416
30 0.6632909 0.8095011 0.0666543 0.0621416
32 0.5319428 0.6750603 0.4705007 0.4170655
24 0.3300196 0.4987933 0.0666543 0.0621416
18 0.5966366 0.4987933 0.0666543 0.0621416
26 0.6632909 0.4987933 0.0666543 0.0621416
13 0.7299451 0.5603374 0.0666542 0.0609465
15 0.3966738 0.6230765 0.0666542 0.0621416
16 0.5299824 0.6230765 0.0666542 0.0621416
10 0.6632909 0.6230765 0.0666543 0.0621416
20 0.3300196 0.6852180 0.0666543 0.0621415
8 0.7299451 0.6852180 0.0666542 0.0621415
19 0.3300196 0.7473595 0.0666543 0.0621416
2 0.7299451 0.7473595 0.0666542 0.0621416
