8 0.4100332 0.8270496 0.0647366 0.0658427
25 0.6689795 0.8270496 0.0647366 0.0658427
32 0.4766737 0.6846015 0.4569641 0.4419054
20 0.4100332 0.5630459 0.0647366 0.0645764
28 0.6042429 0.5630459 0.0647366 0.0645764
17 0.4747697 0.6295216 0.0647366 0.0658426
13 0.5395063 0.6295216 0.0647366 0.0658426
16 0.2805600 0.6953642 0.0647366 0.0658427
31 0.4100332 0.6953642 0.0647366 0.0658427
7 0.5395063 0.6953642 0.0647366 0.0658427
9 0.6042429 0.6953642 0.0647366 0.0658427
2 0.2805600 0.7612069 0.0647366 0.0658426
21 0.5395063 0.7612069 0.0647366 0.0658426
3 0.3452966 0.8270496 0.0647366 0.0658427
