27 0.3485468 0.8456927 0.0632912 0.0631306
17 0.4751292 0.8456927 0.0632912 0.0631306
32 0.4769908 0.7091122 0.4467616 0.4237033
20 0.6017117 0.5300399 0.0632912 0.0631306
30 0.2852556 0.5925634 0.0632912 0.0619165
5 0.3485468 0.5925634 0.0632912 0.0619165
22 0.5384205 0.5925634 0.0632912 0.0619165
14 0.3485468 0.6563010 0.0632912 0.0631306
6 0.4751292 0.6563010 0.0632912 0.0631306
25 0.5384205 0.6563010 0.0632912 0.0631306
24 0.2852556 0.7194316 0.0632912 0.0631306
29 0.6017117 0.7194316 0.0632912 0.0631306
12 0.3485468 0.7825623 0.0632912 0.0631306
26 0.2852556 0.8456927 0.0632912 0.0631306
