19 0.6632913 0.8173450 0.0667317 0.0628070
24 0.7300230 0.8173450 0.0667317 0.0628070
32 0.5317906 0.6814645 0.4710474 0.4215317
23 0.3963645 0.5033100 0.0667317 0.0628070
11 0.3963645 0.5655131 0.0667317 0.0615992
8 0.5298279 0.6289240 0.0667317 0.0628070
3 0.6632913 0.6289240 0.0667317 0.0628070
2 0.7300230 0.6289240 0.0667317 0.0628070
28 0.5965596 0.6917310 0.0667317 0.0628071
9 0.3296328 0.7545380 0.0667317 0.0628070
25 0.6632913 0.7545380 0.0667317 0.0628070
29 0.3296328 0.8173450 0.0667317 0.0628070
31 0.3963645 0.8173450 0.0667317 0.0628070
26 0.4630962 0.8173450 0.0667317 0.0628070
