13 0.5629269 0.8236481 0.0666568 0.0681913
19 0.2962997 0.8918394 0.0666568 0.0681913
32 0.4982306 0.7443102 0.4705186 0.4576684
8 0.6295837 0.5508830 0.0666568 0.0681913
3 0.6962405 0.5508830 0.0666568 0.0681913
17 0.2962997 0.6184187 0.0666568 0.0668799
25 0.4296133 0.6872656 0.0666568 0.0681913
2 0.5629269 0.6872656 0.0666568 0.0681913
14 0.6962405 0.6872656 0.0666568 0.0681913
21 0.3629565 0.7554568 0.0666568 0.0681912
28 0.6295837 0.7554568 0.0666568 0.0681912
22 0.6962405 0.7554568 0.0666568 0.0681912
10 0.3629565 0.8236481 0.0666568 0.0681913
6 0.4296133 0.8236481 0.0666568 0.0681913
