12 0.4587700 0.8972959 0.0611120 0.0633156
23 0.7032182 0.8972959 0.0611121 0.0633156
32 0.5216795 0.7603150 0.4313791 0.4249453
25 0.3365459 0.5807178 0.0611120 0.0633156
2 0.3976580 0.5807178 0.0611120 0.0633156
11 0.3365459 0.6434246 0.0611120 0.0620980
6 0.3976580 0.7073491 0.0611120 0.0633157
19 0.6421061 0.7706647 0.0611120 0.0633156
13 0.7032182 0.7706647 0.0611121 0.0633156
31 0.3976580 0.8339803 0.0611120 0.0633157
9 0.4587700 0.8339803 0.0611120 0.0633157
8 0.5809941 0.8339803 0.0611120 0.0633157
17 0.7032182 0.8339803 0.0611121 0.0633157
21 0.3976580 0.8972959 0.0611120 0.0633156
