6 0.3459094 0.9015916 0.0619397 0.0680026
30 0.5317285 0.9015916 0.0619397 0.0680026
32 0.5335503 0.7544704 0.4372214 0.4564027
9 0.7175476 0.5615781 0.0619397 0.0680027
28 0.4078491 0.6289269 0.0619397 0.0666949
22 0.5317285 0.6289269 0.0619397 0.0666949
2 0.5317285 0.6975835 0.0619397 0.0680027
18 0.5936682 0.6975835 0.0619397 0.0680027
15 0.7175476 0.6975835 0.0619397 0.0680027
19 0.3459094 0.7655862 0.0619397 0.0680027
8 0.3459094 0.8335889 0.0619397 0.0680027
20 0.4078491 0.8335889 0.0619397 0.0680027
24 0.5936682 0.8335889 0.0619397 0.0680027
16 0.6556079 0.8335889 0.0619397 0.0680027
