2 0.6700687 0.8875540 0.0641346 0.0678958
28 0.7342033 0.8875540 0.0641347 0.0678958
32 0.5436857 0.7406640 0.4527151 0.4556856
12 0.4776647 0.5480748 0.0641347 0.0678958
10 0.6059340 0.5480748 0.0641347 0.0678958
22 0.7342033 0.5480748 0.0641347 0.0678958
21 0.3493954 0.6153178 0.0641347 0.0665902
19 0.4135300 0.6153178 0.0641346 0.0665902
25 0.6700687 0.6153178 0.0641346 0.0665902
5 0.3493954 0.6838664 0.0641347 0.0678959
30 0.4776647 0.6838664 0.0641347 0.0678959
4 0.4776647 0.8196582 0.0641347 0.0678959
26 0.7342033 0.8196582 0.0641347 0.0678959
18 0.4135300 0.8875540 0.0641346 0.0678958
