13 0.2842908 0.8384814 0.0635159 0.0635797
4 0.5383546 0.8384814 0.0635159 0.0635797
32 0.4767068 0.7009291 0.4483479 0.4267179
14 0.3478067 0.5205827 0.0635159 0.0635798
3 0.4748386 0.5205827 0.0635160 0.0635798
27 0.2842908 0.5835511 0.0635159 0.0623571
10 0.5383546 0.5835511 0.0635159 0.0623571
5 0.2842908 0.6477422 0.0635159 0.0635797
20 0.6653865 0.6477422 0.0635159 0.0635797
30 0.3478067 0.7113219 0.0635159 0.0635798
2 0.4113227 0.7113219 0.0635160 0.0635798
11 0.5383546 0.7113219 0.0635159 0.0635798
25 0.4113227 0.7749017 0.0635160 0.0635797
16 0.5383546 0.7749017 0.0635159 0.0635797
