19 0.5136556 0.8618654 0.0644148 0.0667609
6 0.5780704 0.8618654 0.0644148 0.0667609
32 0.4511353 0.7174307 0.4546928 0.4480685
9 0.3848260 0.5280608 0.0644148 0.0667609
5 0.5136556 0.5280608 0.0644148 0.0667609
18 0.3204111 0.5941798 0.0644148 0.0654771
7 0.3848260 0.5941798 0.0644148 0.0654771
23 0.5136556 0.5941798 0.0644148 0.0654771
12 0.4492408 0.6615827 0.0644148 0.0667609
25 0.2559963 0.7283437 0.0644148 0.0667609
2 0.3204111 0.7283437 0.0644148 0.0667609
11 0.5136556 0.7283437 0.0644148 0.0667609
20 0.6424853 0.7283437 0.0644148 0.0667609
27 0.4492408 0.8618654 0.0644148 0.0667609
