5 0.4282793 0.9180398 0.0654557 0.0655968
27 0.4937351 0.9180398 0.0654557 0.0655968
32 0.4956602 0.7761237 0.4620405 0.4402552
13 0.2973679 0.6550220 0.0654557 0.0643353
18 0.4937351 0.6550220 0.0654557 0.0643353
10 0.5591908 0.6550220 0.0654557 0.0643353
15 0.6901024 0.6550220 0.0654557 0.0643353
29 0.3628236 0.7212495 0.0654557 0.0655968
23 0.4282793 0.7212495 0.0654557 0.0655968
11 0.4937351 0.7212495 0.0654557 0.0655968
3 0.6246466 0.7868462 0.0654558 0.0655968
19 0.2973679 0.8524430 0.0654557 0.0655968
28 0.6901024 0.8524430 0.0654557 0.0655968
4 0.2973679 0.9180398 0.0654557 0.0655968
