10 0.5698807 0.8297441 0.0634322 0.0631018
26 0.6333129 0.8297441 0.0634323 0.0631018
32 0.5083141 0.6932258 0.4477571 0.4235101
5 0.6967451 0.5142352 0.0634322 0.0631018
30 0.5064484 0.5767302 0.0634323 0.0618883
9 0.6333129 0.5767302 0.0634323 0.0618883
28 0.6967451 0.5767302 0.0634322 0.0618883
8 0.4430162 0.6404387 0.0634322 0.0631018
20 0.6333129 0.6404387 0.0634323 0.0631018
13 0.6967451 0.6404387 0.0634322 0.0631018
11 0.3795839 0.7035405 0.0634323 0.0631018
12 0.3795839 0.7666423 0.0634323 0.0631018
22 0.4430162 0.7666423 0.0634322 0.0631018
4 0.6967451 0.7666423 0.0634322 0.0631018
