13 0.5594817 0.8258640 0.0668517 0.0636295
4 0.6263334 0.8258640 0.0668517 0.0636295
32 0.4945962 0.6882039 0.4718944 0.4270521
5 0.3589265 0.5077163 0.0668517 0.0636295
3 0.4926299 0.5077163 0.0668517 0.0636295
12 0.2920748 0.5707340 0.0668517 0.0624059
20 0.5594817 0.5707340 0.0668517 0.0624059
18 0.6931851 0.6349754 0.0668517 0.0636296
25 0.2920748 0.6986049 0.0668517 0.0636295
26 0.6263334 0.6986049 0.0668517 0.0636295
23 0.4926299 0.7622345 0.0668517 0.0636295
9 0.5594817 0.7622345 0.0668517 0.0636295
7 0.6931851 0.7622345 0.0668517 0.0636295
17 0.2920748 0.8258640 0.0668517 0.0636295
