21 0.6137209 0.8928532 0.0665277 0.0654359
15 0.6802487 0.8928532 0.0665278 0.0654359
32 0.4826221 0.7512852 0.4696075 0.4391753
1 0.2810823 0.5656739 0.0665277 0.0654359
8 0.3476100 0.5656739 0.0665277 0.0654359
29 0.4141377 0.5656739 0.0665277 0.0654359
6 0.6137209 0.5656739 0.0665277 0.0654359
10 0.3476100 0.6304805 0.0665277 0.0641775
31 0.3476100 0.6965456 0.0665277 0.0654359
11 0.6802487 0.6965456 0.0665278 0.0654359
2 0.3476100 0.7619815 0.0665277 0.0654359
28 0.4141377 0.7619815 0.0665277 0.0654359
4 0.5471932 0.7619815 0.0665277 0.0654359
19 0.6137209 0.8274173 0.0665277 0.0654359
