1 0.3299427 0.8153381 0.0606376 0.0642741
22 0.4512180 0.8153381 0.0606377 0.0642741
32 0.4530014 0.6762836 0.4280304 0.4313778
10 0.2693050 0.5576238 0.0606376 0.0630380
15 0.4512180 0.5576238 0.0606377 0.0630380
12 0.3299427 0.6225159 0.0606376 0.0642741
27 0.5118556 0.6225159 0.0606376 0.0642741
13 0.6331309 0.6225159 0.0606377 0.0642741
23 0.3299427 0.6867900 0.0606376 0.0642741
8 0.3905803 0.6867900 0.0606376 0.0642741
28 0.5724932 0.6867900 0.0606376 0.0642741
26 0.3905803 0.7510640 0.0606376 0.0642741
16 0.4512180 0.7510640 0.0606377 0.0642741
17 0.5724932 0.7510640 0.0606376 0.0642741
