19 0.3641404 0.8780074 0.0656709 0.0680962
28 0.4298112 0.8780074 0.0656708 0.0680962
32 0.4974136 0.7306837 0.4635589 0.4570305
4 0.4298112 0.5375262 0.0656708 0.0680962
30 0.5611529 0.5375262 0.0656709 0.0680962
10 0.3641404 0.6049677 0.0656709 0.0667867
11 0.4954821 0.6049677 0.0656709 0.0667867
17 0.6924947 0.6049677 0.0656709 0.0667867
21 0.3641404 0.6737186 0.0656709 0.0680962
12 0.3641404 0.7418149 0.0656709 0.0680962
24 0.5611529 0.7418149 0.0656709 0.0680962
29 0.6268238 0.7418149 0.0656709 0.0680962
18 0.6924947 0.7418149 0.0656709 0.0680962
15 0.6268238 0.8099110 0.0656709 0.0680962
