5 0.4581881 0.7793742 0.0605787 0.0646613
14 0.4581881 0.8440355 0.0605787 0.0646613
32 0.5205486 0.7041434 0.4276144 0.4339766
13 0.3976094 0.5207291 0.0605787 0.0646613
11 0.4581881 0.5207291 0.0605787 0.0646613
25 0.5793456 0.5207291 0.0605787 0.0646613
1 0.3976094 0.5847687 0.0605787 0.0634178
22 0.5187669 0.6500517 0.0605787 0.0646613
29 0.6399242 0.6500517 0.0605787 0.0646613
20 0.5187669 0.7147130 0.0605787 0.0646613
8 0.5793456 0.7147130 0.0605787 0.0646613
28 0.7005029 0.7147130 0.0605787 0.0646613
3 0.3370307 0.7793742 0.0605787 0.0646613
21 0.3976094 0.7793742 0.0605787 0.0646613
