22 0.3882386 0.8409281 0.0615121 0.0671088
17 0.6342869 0.8409281 0.0615121 0.0671088
32 0.5130719 0.6957408 0.4342028 0.4504033
27 0.3267266 0.5053841 0.0615121 0.0671088
29 0.3882386 0.5053841 0.0615121 0.0671088
11 0.6957990 0.5053841 0.0615121 0.0671088
30 0.3267266 0.5718476 0.0615121 0.0658183
16 0.5112628 0.5718476 0.0615121 0.0658183
9 0.6957990 0.5718476 0.0615121 0.0658183
18 0.6957990 0.6396017 0.0615121 0.0671088
6 0.5727748 0.7067105 0.0615121 0.0671088
5 0.4497507 0.7738193 0.0615121 0.0671088
2 0.6342869 0.7738193 0.0615121 0.0671088
23 0.6957990 0.7738193 0.0615121 0.0671088
