25 0.5774668 0.8460516 0.0622158 0.0655677
6 0.6396826 0.8460516 0.0622158 0.0655677
32 0.5170808 0.7041985 0.4391705 0.4400602
4 0.5774668 0.5182131 0.0622158 0.0655677
7 0.3286035 0.5831504 0.0622158 0.0643068
21 0.4530351 0.5831504 0.0622158 0.0643068
2 0.5774668 0.5831504 0.0622158 0.0643068
27 0.6396826 0.5831504 0.0622158 0.0643068
1 0.3286035 0.6493485 0.0622158 0.0655677
3 0.3908193 0.6493485 0.0622158 0.0655677
13 0.5152509 0.6493485 0.0622158 0.0655677
30 0.7018983 0.7804840 0.0622158 0.0655677
24 0.3286035 0.8460516 0.0622158 0.0655677
15 0.4530351 0.8460516 0.0622158 0.0655677
