30 0.6877663 0.8496614 0.0645641 0.0647236
25 0.6877663 0.9143849 0.0645641 0.0647236
32 0.4959726 0.7743579 0.4557473 0.4343948
1 0.6232021 0.5907670 0.0645642 0.0647236
23 0.3003811 0.6548682 0.0645642 0.0634789
14 0.3649452 0.6548682 0.0645642 0.0634789
17 0.4295094 0.6548682 0.0645642 0.0634789
8 0.4940736 0.6548682 0.0645642 0.0634789
22 0.5586378 0.6548682 0.0645642 0.0634789
5 0.3649452 0.7202141 0.0645642 0.0647236
13 0.4295094 0.7202141 0.0645642 0.0647236
15 0.6877663 0.7202141 0.0645641 0.0647236
18 0.4940736 0.7849377 0.0645642 0.0647237
7 0.5586378 0.8496614 0.0645642 0.0647236
