21 0.5181015 0.7689086 0.0618565 0.0660492
28 0.3325319 0.8349579 0.0618565 0.0660493
32 0.4580643 0.6920629 0.4366342 0.4432919
9 0.2706754 0.5047118 0.0618565 0.0660492
31 0.5799580 0.5047118 0.0618565 0.0660492
22 0.3325319 0.5701259 0.0618565 0.0647790
14 0.3943884 0.5701259 0.0618565 0.0647790
17 0.2706754 0.6368102 0.0618565 0.0660492
2 0.5799580 0.6368102 0.0618565 0.0660492
5 0.2706754 0.7028594 0.0618565 0.0660492
24 0.3325319 0.7028594 0.0618565 0.0660492
27 0.3943884 0.7028594 0.0618565 0.0660492
6 0.6418145 0.7028594 0.0618565 0.0660492
19 0.4562450 0.7689086 0.0618565 0.0660492
