2 0.4026426 0.8942726 0.0650555 0.0632789
17 0.6628648 0.8942726 0.0650556 0.0632789
32 0.5346671 0.7573711 0.4592158 0.4246988
26 0.4676981 0.5778781 0.0650556 0.0632789
23 0.5978093 0.5778781 0.0650555 0.0632789
30 0.6628648 0.5778781 0.0650556 0.0632789
21 0.3375870 0.6405486 0.0650556 0.0620620
27 0.5327537 0.6405486 0.0650556 0.0620620
7 0.5978093 0.6405486 0.0650555 0.0620620
20 0.4026426 0.7044359 0.0650555 0.0632789
10 0.5327537 0.7044359 0.0650556 0.0632789
11 0.7279204 0.7044359 0.0650555 0.0632789
31 0.6628648 0.8309937 0.0650556 0.0632790
6 0.3375870 0.8942726 0.0650556 0.0632789
