15 0.3288147 0.8642142 0.0660704 0.0646779
27 0.5930964 0.8642142 0.0660704 0.0646779
32 0.5289692 0.7242860 0.4663794 0.4340881
19 0.6591668 0.5408247 0.0660704 0.0646779
3 0.3288147 0.6048807 0.0660704 0.0634341
8 0.4609555 0.6701805 0.0660704 0.0646779
10 0.5270259 0.6701805 0.0660704 0.0646779
14 0.5930964 0.6701805 0.0660704 0.0646779
25 0.3948851 0.7348584 0.0660704 0.0646779
18 0.7252372 0.7348584 0.0660704 0.0646779
9 0.5270259 0.7995363 0.0660704 0.0646779
17 0.5930964 0.7995363 0.0660704 0.0646779
20 0.6591668 0.7995363 0.0660704 0.0646779
24 0.7252372 0.7995363 0.0660704 0.0646779
