6 0.3444934 0.8834462 0.0606171 0.0643940
10 0.4051105 0.8834462 0.0606171 0.0643940
32 0.5281275 0.7441323 0.4278853 0.4321826
27 0.3444934 0.5614764 0.0606171 0.0643940
19 0.4657275 0.5614764 0.0606171 0.0643940
16 0.7081960 0.5614764 0.0606171 0.0643940
4 0.3444934 0.6252512 0.0606171 0.0631556
5 0.5869617 0.6902643 0.0606171 0.0643940
24 0.4051105 0.7546583 0.0606171 0.0643939
18 0.4657275 0.7546583 0.0606171 0.0643939
30 0.6475788 0.7546583 0.0606171 0.0643939
13 0.3444934 0.8190523 0.0606171 0.0643940
14 0.4051105 0.8190523 0.0606171 0.0643940
29 0.4657275 0.8190523 0.0606171 0.0643940
