17 0.4575710 0.9194655 0.0608958 0.0657138
15 0.5793627 0.9194655 0.0608959 0.0657138
32 0.5202579 0.7772963 0.4298532 0.4410406
20 0.5184669 0.5908966 0.0608959 0.0657138
7 0.3357793 0.6559785 0.0608959 0.0644500
3 0.3966751 0.6559785 0.0608959 0.0644500
14 0.4575710 0.6559785 0.0608958 0.0644500
31 0.5184669 0.6559785 0.0608959 0.0644500
9 0.5793627 0.6559785 0.0608959 0.0644500
27 0.6402586 0.6559785 0.0608959 0.0644500
19 0.7011545 0.7880379 0.0608958 0.0657138
5 0.3357793 0.8537517 0.0608959 0.0657137
4 0.3966751 0.8537517 0.0608959 0.0657137
10 0.5184669 0.8537517 0.0608959 0.0657137
