31 0.2628126 0.8543896 0.0662369 0.0630996
18 0.4615232 0.8543896 0.0662369 0.0630996
32 0.4634714 0.7178760 0.4675544 0.4234955
3 0.3952864 0.6013844 0.0662369 0.0618861
27 0.2628126 0.6650907 0.0662369 0.0630996
12 0.3952864 0.6650907 0.0662369 0.0630996
15 0.5277601 0.6650907 0.0662369 0.0630996
16 0.2628126 0.7281903 0.0662369 0.0630996
23 0.3290495 0.7281903 0.0662369 0.0630996
28 0.3952864 0.7281903 0.0662369 0.0630996
10 0.6602339 0.7281903 0.0662369 0.0630996
26 0.3952864 0.7912900 0.0662369 0.0630997
19 0.5277601 0.7912900 0.0662369 0.0630997
2 0.5939970 0.7912900 0.0662369 0.0630997
