9 0.3896754 0.8419374 0.0635618 0.0668484
10 0.6439226 0.8419374 0.0635618 0.0668484
32 0.4551067 0.6973134 0.4486713 0.4486558
24 0.2625519 0.5739009 0.0635618 0.0655629
13 0.3261137 0.5739009 0.0635618 0.0655629
16 0.5167990 0.5739009 0.0635618 0.0655629
29 0.5803608 0.6413921 0.0635618 0.0668484
21 0.3261137 0.7082405 0.0635618 0.0668484
1 0.5167990 0.7082405 0.0635618 0.0668484
20 0.5803608 0.7082405 0.0635618 0.0668484
3 0.3896754 0.7750890 0.0635618 0.0668484
5 0.5167990 0.7750890 0.0635618 0.0668484
19 0.2625519 0.8419374 0.0635618 0.0668484
28 0.3261137 0.8419374 0.0635618 0.0668484
