20 0.5543095 0.8363924 0.0650886 0.0678188
1 0.6844867 0.8363924 0.0650886 0.0678188
32 0.4911353 0.6896691 0.4594488 0.4551683
8 0.3590438 0.4972985 0.0650886 0.0678188
17 0.4241323 0.4972985 0.0650886 0.0678188
29 0.6193981 0.4972985 0.0650886 0.0678188
10 0.3590438 0.5644652 0.0650886 0.0665145
6 0.6193981 0.5644652 0.0650886 0.0665145
13 0.6844867 0.6329361 0.0650886 0.0678188
12 0.2939552 0.7685736 0.0650886 0.0678188
3 0.3590438 0.7685736 0.0650886 0.0678188
9 0.4241323 0.7685736 0.0650886 0.0678188
22 0.5543095 0.7685736 0.0650886 0.0678188
16 0.2939552 0.8363924 0.0650886 0.0678188
