13 0.6118128 0.8307244 0.0607924 0.0667361
24 0.4294357 0.8974606 0.0607924 0.0667361
32 0.4920161 0.7530795 0.4291226 0.4479022
22 0.3078510 0.5637798 0.0607924 0.0667361
16 0.4902281 0.5637798 0.0607924 0.0667361
5 0.3078510 0.6298743 0.0607924 0.0654528
17 0.3686434 0.6298743 0.0607924 0.0654528
21 0.3078510 0.6972521 0.0607924 0.0667361
23 0.3078510 0.7639883 0.0607924 0.0667361
4 0.5510205 0.7639883 0.0607924 0.0667361
18 0.6118128 0.7639883 0.0607924 0.0667361
31 0.3078510 0.8307244 0.0607924 0.0667361
7 0.4294357 0.8307244 0.0607924 0.0667361
14 0.4902281 0.8307244 0.0607924 0.0667361
