19 0.5097520 0.8297441 0.0612723 0.0626643
1 0.6322966 0.8924084 0.0612723 0.0626643
32 0.5115541 0.7568367 0.4325103 0.4205734
11 0.5097520 0.5790872 0.0612723 0.0626642
3 0.6322966 0.5790872 0.0612723 0.0626642
4 0.3872074 0.6411489 0.0612723 0.0614592
7 0.4484797 0.6411489 0.0612723 0.0614592
28 0.5710242 0.6411489 0.0612723 0.0614592
17 0.6322966 0.6411489 0.0612723 0.0614592
31 0.3259351 0.7044157 0.0612723 0.0626643
16 0.3872074 0.7044157 0.0612723 0.0626643
30 0.4484797 0.7044157 0.0612723 0.0626643
12 0.5710242 0.7670799 0.0612723 0.0626642
18 0.3259351 0.8297441 0.0612723 0.0626643
