24 0.3650278 0.8762888 0.0611428 0.0630715
26 0.4261706 0.8762888 0.0611428 0.0630715
32 0.4891117 0.7398360 0.4315963 0.4233069
10 0.4261706 0.5609312 0.0611428 0.0630715
28 0.6095990 0.5609312 0.0611428 0.0630715
31 0.4261706 0.6233963 0.0611428 0.0618586
18 0.4261706 0.7501457 0.0611428 0.0630715
4 0.5484562 0.7501457 0.0611428 0.0630715
17 0.6095990 0.7501457 0.0611428 0.0630715
8 0.3650278 0.8132173 0.0611428 0.0630715
7 0.4261706 0.8132173 0.0611428 0.0630715
16 0.6095990 0.8132173 0.0611428 0.0630715
25 0.6707417 0.8132173 0.0611428 0.0630715
30 0.3038850 0.8762888 0.0611428 0.0630715
