4 0.6116737 0.8273613 0.0633736 0.0651349
27 0.3581792 0.8924962 0.0633736 0.0651349
32 0.4867903 0.7515794 0.4473433 0.4371553
9 0.4215528 0.5668217 0.0633736 0.0651349
16 0.5483001 0.5668217 0.0633736 0.0651349
10 0.6750473 0.5668217 0.0633736 0.0651349
24 0.3581792 0.6313303 0.0633736 0.0638823
17 0.4849264 0.6313303 0.0633736 0.0638823
3 0.4215528 0.6970915 0.0633736 0.0651349
14 0.6116737 0.6970915 0.0633736 0.0651349
19 0.4849264 0.7622264 0.0633736 0.0651349
21 0.6750473 0.7622264 0.0633736 0.0651349
7 0.2948055 0.8273613 0.0633736 0.0651349
30 0.4849264 0.8273613 0.0633736 0.0651349
