20 0.6395374 0.8353697 0.0623235 0.0622729
23 0.3902435 0.8976427 0.0623235 0.0622729
32 0.4544000 0.7629176 0.4399303 0.4179472
16 0.2655966 0.5862780 0.0623235 0.0622729
13 0.4525669 0.5862780 0.0623235 0.0622729
4 0.5148904 0.5862780 0.0623235 0.0622729
12 0.3902435 0.6479521 0.0623235 0.0610754
24 0.5148904 0.6479521 0.0623235 0.0610754
31 0.3279200 0.7108238 0.0623235 0.0622729
5 0.3902435 0.7108238 0.0623235 0.0622729
21 0.4525669 0.7108238 0.0623235 0.0622729
6 0.5148904 0.7108238 0.0623235 0.0622729
28 0.4525669 0.7730968 0.0623235 0.0622729
17 0.4525669 0.8353697 0.0623235 0.0622729
