22 0.3180341 0.8500211 0.0657017 0.0655009
31 0.4494375 0.8500211 0.0657017 0.0655009
32 0.4513699 0.7083123 0.4637766 0.4396119
14 0.3837358 0.5225165 0.0657017 0.0655009
10 0.5151392 0.5225165 0.0657017 0.0655009
9 0.6465425 0.5225165 0.0657017 0.0655009
7 0.3837358 0.5873875 0.0657017 0.0642413
23 0.5151392 0.5873875 0.0657017 0.0642413
4 0.4494375 0.6535183 0.0657017 0.0655009
11 0.5151392 0.6535183 0.0657017 0.0655009
12 0.5808408 0.6535183 0.0657017 0.0655009
24 0.2523324 0.7190192 0.0657017 0.0655009
17 0.3837358 0.7845201 0.0657017 0.0655009
28 0.5151392 0.7845201 0.0657017 0.0655009
