28 0.4534146 0.8939099 0.0656807 0.0658320
6 0.5190953 0.8939099 0.0656807 0.0658320
32 0.5210271 0.7514850 0.4636282 0.4418337
18 0.5190953 0.5647501 0.0656807 0.0658320
19 0.6504566 0.5647501 0.0656807 0.0658320
21 0.3220533 0.6299491 0.0656807 0.0645660
4 0.4534146 0.6299491 0.0656807 0.0645660
25 0.5190953 0.6299491 0.0656807 0.0645660
27 0.7161373 0.6299491 0.0656807 0.0645660
17 0.3220533 0.6964140 0.0656807 0.0658320
14 0.6504566 0.6964140 0.0656807 0.0658320
31 0.3220533 0.7622459 0.0656807 0.0658320
24 0.5847760 0.7622459 0.0656807 0.0658320
5 0.6504566 0.7622459 0.0656807 0.0658320
