11 0.3019431 0.8303241 0.0666103 0.0649583
19 0.7016051 0.8303241 0.0666103 0.0649583
32 0.5037332 0.6897896 0.4701906 0.4359695
16 0.5017741 0.5055331 0.0666103 0.0649582
4 0.5683844 0.5055331 0.0666103 0.0649582
8 0.6349947 0.5055331 0.0666103 0.0649582
6 0.7016051 0.5055331 0.0666103 0.0649582
25 0.6349947 0.5698667 0.0666103 0.0637090
24 0.3019431 0.6354495 0.0666103 0.0649582
29 0.5017741 0.6354495 0.0666103 0.0649582
21 0.3685534 0.7004077 0.0666103 0.0649582
14 0.5017741 0.7004077 0.0666103 0.0649582
10 0.5683844 0.7004077 0.0666103 0.0649582
28 0.6349947 0.7653659 0.0666103 0.0649582
