13 0.4570165 0.8920449 0.0618748 0.0657256
3 0.5807661 0.8920449 0.0618748 0.0657256
32 0.5207112 0.7498501 0.4367632 0.4411199
31 0.3332669 0.5634169 0.0618748 0.0657256
25 0.4570165 0.5634169 0.0618748 0.0657256
16 0.5807661 0.5634169 0.0618748 0.0657256
6 0.3332669 0.6948681 0.0618748 0.0657256
9 0.3951418 0.6948681 0.0618748 0.0657256
15 0.4570165 0.6948681 0.0618748 0.0657256
11 0.3332669 0.7605937 0.0618748 0.0657256
19 0.5188913 0.7605937 0.0618748 0.0657256
5 0.5188913 0.8263193 0.0618748 0.0657256
10 0.6426409 0.8263193 0.0618748 0.0657256
28 0.7045157 0.8263193 0.0618748 0.0657256
