15 0.5787016 0.8872513 0.0644364 0.0633898
13 0.6431380 0.8872513 0.0644365 0.0633898
32 0.4517239 0.7501099 0.4548454 0.4254432
31 0.4498287 0.5703022 0.0644365 0.0633898
1 0.5142652 0.5703022 0.0644365 0.0633898
5 0.5787016 0.6330825 0.0644364 0.0621708
10 0.6431380 0.6970819 0.0644365 0.0633898
8 0.3853923 0.7604716 0.0644364 0.0633898
17 0.5142652 0.7604716 0.0644365 0.0633898
30 0.5787016 0.7604716 0.0644364 0.0633898
19 0.6431380 0.7604716 0.0644365 0.0633898
12 0.3209559 0.8238615 0.0644365 0.0633898
22 0.3853923 0.8238615 0.0644364 0.0633898
26 0.5787016 0.8238615 0.0644364 0.0633898
