29 0.5308047 0.8450569 0.0606898 0.0657919
5 0.6521843 0.8450569 0.0606898 0.0657919
32 0.4718999 0.7027187 0.4283986 0.4415648
9 0.5308047 0.5160975 0.0606898 0.0657919
11 0.6521843 0.5160975 0.0606898 0.0657919
7 0.5914945 0.5812568 0.0606898 0.0645267
23 0.6521843 0.5812568 0.0606898 0.0645267
4 0.5308047 0.6476813 0.0606898 0.0657919
14 0.5914945 0.6476813 0.0606898 0.0657919
1 0.4701149 0.7134732 0.0606898 0.0657919
8 0.5308047 0.7134732 0.0606898 0.0657919
19 0.5914945 0.7792651 0.0606898 0.0657919
24 0.6521843 0.7792651 0.0606898 0.0657919
21 0.3487354 0.8450569 0.0606898 0.0657919
