14 0.5912632 0.8368716 0.0616962 0.0635806
31 0.4678706 0.9004521 0.0616962 0.0635806
32 0.4696852 0.7628981 0.4355030 0.4267233
23 0.2827819 0.5825495 0.0616963 0.0635806
4 0.5295669 0.5825495 0.0616963 0.0635806
18 0.3444781 0.6455186 0.0616963 0.0623578
30 0.6529594 0.6455186 0.0616962 0.0623578
28 0.3444781 0.7097105 0.0616963 0.0635806
13 0.5912632 0.7097105 0.0616962 0.0635806
6 0.3444781 0.7732911 0.0616963 0.0635805
20 0.4061744 0.7732911 0.0616962 0.0635805
3 0.4678706 0.7732911 0.0616962 0.0635805
12 0.5295669 0.7732911 0.0616963 0.0635805
26 0.2827819 0.8368716 0.0616963 0.0635806
