17 0.4693776 0.8596671 0.0646582 0.0651778
7 0.6633522 0.8596671 0.0646582 0.0651778
32 0.4712793 0.7186575 0.4564108 0.4374432
19 0.4047194 0.5337782 0.0646582 0.0651778
12 0.5340358 0.5337782 0.0646582 0.0651778
15 0.6633522 0.5983292 0.0646582 0.0639244
5 0.2754030 0.6641338 0.0646582 0.0651778
1 0.3400612 0.6641338 0.0646582 0.0651778
27 0.4693776 0.6641338 0.0646582 0.0651778
22 0.2754030 0.7293115 0.0646582 0.0651778
11 0.5986940 0.7293115 0.0646582 0.0651778
26 0.2754030 0.7944893 0.0646582 0.0651778
18 0.2754030 0.8596671 0.0646582 0.0651778
23 0.3400612 0.8596671 0.0646582 0.0651778
