30 0.4576345 0.8290261 0.0619712 0.0627887
1 0.5196056 0.8290261 0.0619711 0.0627887
32 0.4594572 0.6931852 0.4374434 0.4214087
7 0.2717211 0.5150826 0.0619711 0.0627887
15 0.3956633 0.5150826 0.0619711 0.0627887
27 0.3956633 0.5772676 0.0619711 0.0615812
5 0.3336922 0.6406600 0.0619711 0.0627887
28 0.3956633 0.6406600 0.0619711 0.0627887
12 0.5196056 0.6406600 0.0619711 0.0627887
19 0.5815768 0.6406600 0.0619712 0.0627887
21 0.6435479 0.6406600 0.0619711 0.0627887
20 0.5196056 0.7034487 0.0619711 0.0627887
13 0.4576345 0.7662374 0.0619712 0.0627887
4 0.2717211 0.8290261 0.0619711 0.0627887
