15 0.4463981 0.7812622 0.0622523 0.0665001
3 0.6954071 0.7812622 0.0622523 0.0665001
32 0.5104813 0.7038920 0.4394278 0.4463176
30 0.3841459 0.5152620 0.0622522 0.0665000
31 0.4463981 0.5152620 0.0622523 0.0665000
7 0.5086504 0.5152620 0.0622523 0.0665000
17 0.6331549 0.5152620 0.0622522 0.0665000
2 0.3218936 0.5811227 0.0622523 0.0652212
6 0.5709026 0.6482621 0.0622522 0.0665001
12 0.6331549 0.6482621 0.0622522 0.0665001
25 0.6954071 0.6482621 0.0622523 0.0665001
8 0.4463981 0.7147621 0.0622523 0.0665000
22 0.5709026 0.7147621 0.0622522 0.0665000
5 0.3841459 0.7812622 0.0622522 0.0665001
