8 0.5615360 0.8498528 0.0614445 0.0651528
25 0.6844249 0.8498528 0.0614445 0.0651528
32 0.5018987 0.7088971 0.4337255 0.4372758
4 0.3157582 0.5886150 0.0614444 0.0638999
23 0.6229805 0.5886150 0.0614444 0.0638999
26 0.4386471 0.6543942 0.0614445 0.0651528
13 0.5000916 0.6543942 0.0614444 0.0651528
27 0.5615360 0.6543942 0.0614445 0.0651528
29 0.6844249 0.6543942 0.0614445 0.0651528
24 0.3157582 0.7195471 0.0614444 0.0651528
1 0.3157582 0.7846999 0.0614444 0.0651529
6 0.3772026 0.7846999 0.0614445 0.0651529
14 0.6844249 0.7846999 0.0614445 0.0651529
