9 0.6061979 0.7804094 0.0648166 0.0634168
10 0.2821149 0.8438261 0.0648166 0.0634168
32 0.4784710 0.7066263 0.4575289 0.4256247
14 0.6061979 0.5267419 0.0648166 0.0634169
18 0.6710145 0.5267419 0.0648166 0.0634169
3 0.3469315 0.5895490 0.0648166 0.0621973
23 0.4117481 0.5895490 0.0648166 0.0621973
16 0.5413813 0.5895490 0.0648166 0.0621973
20 0.6061979 0.5895490 0.0648166 0.0621973
19 0.3469315 0.6535756 0.0648166 0.0634168
4 0.4117481 0.6535756 0.0648166 0.0634168
2 0.5413813 0.7169925 0.0648166 0.0634169
8 0.6710145 0.7169925 0.0648166 0.0634169
