20 0.4955044 0.9033070 0.0651598 0.0628335
15 0.6258240 0.9033070 0.0651598 0.0628335
32 0.4974208 0.7673692 0.4599515 0.4217095
18 0.5606641 0.5891395 0.0651598 0.0628335
28 0.6258240 0.5891395 0.0651598 0.0628335
4 0.4303445 0.6513688 0.0651598 0.0616252
11 0.6909837 0.6513688 0.0651598 0.0616252
30 0.3000249 0.7148065 0.0651598 0.0628335
9 0.4955044 0.7148065 0.0651598 0.0628335
16 0.4955044 0.7776399 0.0651598 0.0628335
27 0.3000249 0.8404735 0.0651598 0.0628336
14 0.3651848 0.8404735 0.0651598 0.0628336
24 0.5606641 0.8404735 0.0651598 0.0628336
