3 0.5821835 0.7987767 0.0616531 0.0643900
15 0.3355713 0.8631667 0.0616530 0.0643899
32 0.5223437 0.7238615 0.4351979 0.4321554
11 0.3355713 0.5412170 0.0616530 0.0643899
29 0.4588774 0.6049878 0.0616530 0.0631517
2 0.6438365 0.6049878 0.0616530 0.0631517
13 0.7054895 0.6699968 0.0616531 0.0643899
24 0.3355713 0.7343867 0.0616530 0.0643900
14 0.5821835 0.7343867 0.0616531 0.0643900
12 0.6438365 0.7343867 0.0616530 0.0643900
4 0.7054895 0.7343867 0.0616531 0.0643900
9 0.3972243 0.7987767 0.0616531 0.0643900
20 0.4588774 0.7987767 0.0616530 0.0643900
