26 0.5857357 0.8272058 0.0655312 0.0677813
11 0.6512669 0.8272058 0.0655312 0.0677813
32 0.4566008 0.7483449 0.4625729 0.4549168
27 0.3891422 0.5560806 0.0655312 0.0677813
20 0.5857357 0.5560806 0.0655312 0.0677813
18 0.6512669 0.5560806 0.0655312 0.0677813
25 0.3236111 0.6232101 0.0655311 0.0664778
10 0.3891422 0.6232101 0.0655312 0.0664778
23 0.4546734 0.6916432 0.0655312 0.0677813
9 0.2580799 0.7594244 0.0655312 0.0677813
3 0.5202045 0.7594244 0.0655312 0.0677813
28 0.5857357 0.7594244 0.0655312 0.0677813
22 0.3891422 0.8272058 0.0655312 0.0677813
