1 0.4839116 0.8915688 0.0610645 0.0650690
21 0.5449760 0.8915688 0.0610645 0.0650690
32 0.5467721 0.7507945 0.4310437 0.4367130
22 0.6671051 0.5662238 0.0610645 0.0650690
24 0.7281696 0.5662238 0.0610645 0.0650690
9 0.3617825 0.6306671 0.0610645 0.0638177
18 0.4228471 0.6306671 0.0610645 0.0638177
27 0.4839116 0.6306671 0.0610645 0.0638177
23 0.6060406 0.6306671 0.0610645 0.0638177
5 0.5449760 0.6963618 0.0610645 0.0650690
10 0.6671051 0.6963618 0.0610645 0.0650690
13 0.7281696 0.6963618 0.0610645 0.0650690
17 0.6671051 0.8264998 0.0610645 0.0650690
