22 0.3971961 0.8809677 0.0618161 0.0648367
31 0.6444606 0.8809677 0.0618162 0.0648367
32 0.5226465 0.7406960 0.4363491 0.4351537
7 0.3353800 0.5567844 0.0618161 0.0648367
8 0.5208284 0.5567844 0.0618161 0.0648367
26 0.6444606 0.5567844 0.0618162 0.0648367
24 0.5208284 0.6209976 0.0618161 0.0635898
5 0.5826445 0.6209976 0.0618161 0.0635898
21 0.3971961 0.6864577 0.0618161 0.0648367
30 0.6444606 0.6864577 0.0618162 0.0648367
18 0.3971961 0.7512944 0.0618161 0.0648367
12 0.3353800 0.8161310 0.0618161 0.0648367
10 0.4590122 0.8161310 0.0618161 0.0648367
