3 0.3284154 0.8578845 0.0611000 0.0642446
4 0.6339153 0.8578845 0.0611000 0.0642446
32 0.5135124 0.7188937 0.4312941 0.4311803
17 0.3895154 0.5366613 0.0611000 0.0642447
18 0.4506154 0.5366613 0.0611000 0.0642447
5 0.6339153 0.6002882 0.0611000 0.0630091
12 0.6950153 0.6002882 0.0611000 0.0630091
22 0.4506154 0.7293952 0.0611000 0.0642447
10 0.5728154 0.7293952 0.0611000 0.0642447
20 0.6339153 0.7293952 0.0611000 0.0642447
25 0.6950153 0.7293952 0.0611000 0.0642447
2 0.3284154 0.7936398 0.0611000 0.0642446
7 0.3895154 0.7936398 0.0611000 0.0642446
