24 0.4204553 0.8305505 0.0631898 0.0666797
18 0.6732144 0.8305505 0.0631898 0.0666797
32 0.5486934 0.6862915 0.4460456 0.4475233
16 0.3572655 0.4971521 0.0631898 0.0666797
29 0.4204553 0.4971521 0.0631898 0.0666797
19 0.6100247 0.4971521 0.0631898 0.0666797
30 0.4836451 0.5631906 0.0631898 0.0653974
14 0.5468349 0.6305114 0.0631898 0.0666796
11 0.5468349 0.6971911 0.0631898 0.0666797
25 0.7364043 0.6971911 0.0631898 0.0666797
6 0.3572655 0.7638708 0.0631898 0.0666797
31 0.5468349 0.7638708 0.0631898 0.0666797
22 0.6732144 0.7638708 0.0631898 0.0666797
