20 0.5290277 0.8834586 0.0637724 0.0660641
11 0.6565726 0.8834586 0.0637724 0.0660641
32 0.5309034 0.7405314 0.4501583 0.4433917
22 0.5290277 0.5531381 0.0637724 0.0660641
5 0.4014828 0.6185669 0.0637724 0.0647936
10 0.3377104 0.6852663 0.0637724 0.0660641
19 0.4014828 0.6852663 0.0637724 0.0660641
13 0.6565726 0.6852663 0.0637724 0.0660641
1 0.4652553 0.7513304 0.0637724 0.0660641
3 0.6565726 0.7513304 0.0637724 0.0660641
26 0.4014828 0.8173944 0.0637724 0.0660641
6 0.6565726 0.8173944 0.0637724 0.0660641
21 0.4652553 0.8834586 0.0637724 0.0660641
