21 0.5888271 0.8381196 0.0639179 0.0673096
25 0.6527449 0.9054291 0.0639178 0.0673095
32 0.4628712 0.7598075 0.4511851 0.4517505
20 0.3970734 0.5688815 0.0639179 0.0673095
1 0.6527449 0.5688815 0.0639178 0.0673095
19 0.2692376 0.6355438 0.0639179 0.0660151
31 0.5888271 0.6355438 0.0639179 0.0660151
2 0.6527449 0.6355438 0.0639178 0.0660151
11 0.4609913 0.7035005 0.0639179 0.0673095
17 0.6527449 0.7035005 0.0639178 0.0673095
13 0.3970734 0.7708101 0.0639179 0.0673095
29 0.5888271 0.7708101 0.0639179 0.0673095
16 0.3331555 0.8381196 0.0639179 0.0673096
