4 0.6525652 0.8626178 0.0655114 0.0642264
16 0.7180766 0.8626178 0.0655115 0.0642264
32 0.5234692 0.7236665 0.4624337 0.4310580
26 0.5215424 0.5414858 0.0655114 0.0642264
8 0.5870538 0.5414858 0.0655114 0.0642264
15 0.6525652 0.5414858 0.0655114 0.0642264
30 0.7180766 0.5414858 0.0655115 0.0642264
31 0.4560309 0.6050946 0.0655114 0.0629913
19 0.5870538 0.6050946 0.0655114 0.0629913
1 0.7180766 0.6050946 0.0655115 0.0629913
10 0.7180766 0.6699386 0.0655115 0.0642264
7 0.3250080 0.7983914 0.0655114 0.0642264
25 0.5215424 0.7983914 0.0655114 0.0642264
