23 0.6165268 0.8657703 0.0646430 0.0678021
27 0.6811698 0.8657703 0.0646429 0.0678021
32 0.4891421 0.7190829 0.4563035 0.4550569
26 0.4225978 0.5267594 0.0646430 0.0678022
7 0.4872408 0.5267594 0.0646430 0.0678022
28 0.2933119 0.5939096 0.0646430 0.0664983
15 0.5518839 0.5939096 0.0646430 0.0664983
9 0.5518839 0.6623637 0.0646430 0.0678021
11 0.3579549 0.7301659 0.0646430 0.0678022
25 0.5518839 0.7301659 0.0646430 0.0678022
29 0.6165268 0.7301659 0.0646430 0.0678022
1 0.3579549 0.7979681 0.0646430 0.0678022
12 0.4225978 0.8657703 0.0646430 0.0678021
