5 0.3426660 0.9083083 0.0623781 0.0659435
17 0.4674221 0.9083083 0.0623781 0.0659435
32 0.4692568 0.7656420 0.4403159 0.4425824
10 0.3426660 0.5785907 0.0623781 0.0659435
20 0.4050441 0.6439001 0.0623781 0.0646753
12 0.2802879 0.7104778 0.0623781 0.0659435
16 0.4674221 0.7104778 0.0623781 0.0659435
4 0.5298002 0.7104778 0.0623781 0.0659435
22 0.6545564 0.7104778 0.0623781 0.0659435
11 0.2802879 0.7764212 0.0623781 0.0659435
27 0.5921783 0.8423648 0.0623781 0.0659435
30 0.6545564 0.8423648 0.0623781 0.0659435
9 0.2802879 0.9083083 0.0623781 0.0659435
