10 0.3259096 0.9026935 0.0646684 0.0665707
24 0.7139202 0.9026935 0.0646684 0.0665707
32 0.5218169 0.7586703 0.4564830 0.4467916
5 0.4552465 0.5698401 0.0646684 0.0665707
21 0.5845833 0.5698401 0.0646684 0.0665707
12 0.6492518 0.5698401 0.0646685 0.0665707
7 0.5199149 0.6357706 0.0646684 0.0652905
22 0.6492518 0.6357706 0.0646685 0.0652905
17 0.5845833 0.7029814 0.0646684 0.0665707
28 0.5199149 0.7695522 0.0646684 0.0665707
15 0.5845833 0.7695522 0.0646684 0.0665707
1 0.3259096 0.8361227 0.0646684 0.0665707
30 0.6492518 0.8361227 0.0646685 0.0665707
