16 0.5130807 0.8140360 0.0668948 0.0633919
18 0.6468704 0.8140360 0.0668948 0.0633919
32 0.5150482 0.6768901 0.4721989 0.4254571
25 0.7137653 0.4970766 0.0668949 0.0633919
3 0.3123962 0.6238604 0.0668948 0.0633919
22 0.3792911 0.6238604 0.0668949 0.0633919
29 0.3792911 0.6872523 0.0668949 0.0633919
17 0.5130807 0.6872523 0.0668948 0.0633919
24 0.5799756 0.6872523 0.0668949 0.0633919
21 0.5799756 0.7506441 0.0668949 0.0633919
11 0.7137653 0.7506441 0.0668949 0.0633919
19 0.3123962 0.8140360 0.0668948 0.0633919
15 0.4461859 0.8140360 0.0668948 0.0633919
