24 0.4560189 0.8659700 0.0649327 0.0619543
15 0.5858845 0.8659700 0.0649328 0.0619543
32 0.5228615 0.7319343 0.4583490 0.4158085
31 0.3910862 0.6175572 0.0649328 0.0607629
17 0.5209517 0.6175572 0.0649328 0.0607629
20 0.6508173 0.6175572 0.0649327 0.0607629
9 0.6508173 0.6801071 0.0649327 0.0619543
13 0.3261534 0.7420615 0.0649328 0.0619543
21 0.5858845 0.7420615 0.0649328 0.0619543
28 0.7157500 0.7420615 0.0649328 0.0619543
11 0.5858845 0.8040157 0.0649328 0.0619543
26 0.7157500 0.8040157 0.0649328 0.0619543
10 0.3261534 0.8659700 0.0649328 0.0619543
