29 0.6614265 0.8253914 0.0640088 0.0652563
10 0.2773735 0.8906477 0.0640088 0.0652563
32 0.4712826 0.7494682 0.4518269 0.4379699
12 0.5974176 0.5643663 0.0640088 0.0652563
27 0.5334088 0.6289951 0.0640088 0.0640013
7 0.6614265 0.6289951 0.0640088 0.0640013
24 0.3413824 0.6948788 0.0640088 0.0652563
5 0.4053912 0.6948788 0.0640088 0.0652563
23 0.5334088 0.6948788 0.0640088 0.0652563
14 0.2773735 0.7601352 0.0640088 0.0652563
20 0.4694000 0.7601352 0.0640088 0.0652563
28 0.2773735 0.8253914 0.0640088 0.0652563
13 0.3413824 0.8253914 0.0640088 0.0652563
