26 0.5754822 0.7968060 0.0636572 0.0627218
27 0.7027965 0.7968060 0.0636572 0.0627218
32 0.5136974 0.7238316 0.4493447 0.4209597
5 0.3208536 0.5459189 0.0636572 0.0627218
30 0.7027965 0.5459189 0.0636572 0.0627218
20 0.3208536 0.6080376 0.0636572 0.0615156
11 0.5118251 0.6080376 0.0636572 0.0615156
21 0.5754822 0.6080376 0.0636572 0.0615156
3 0.3845107 0.6713625 0.0636572 0.0627218
6 0.6391394 0.6713625 0.0636572 0.0627218
29 0.6391394 0.7340843 0.0636572 0.0627218
22 0.3208536 0.7968060 0.0636572 0.0627218
15 0.4481679 0.7968060 0.0636572 0.0627218
