16 0.2994203 0.8317844 0.0668110 0.0674093
12 0.5666644 0.8317844 0.0668110 0.0674093
32 0.5018185 0.6859470 0.4716072 0.4524199
9 0.5666644 0.4947380 0.0668110 0.0674093
14 0.7002865 0.4947380 0.0668111 0.0674093
26 0.4998534 0.5614992 0.0668110 0.0661129
5 0.6334755 0.5614992 0.0668110 0.0661129
23 0.3662314 0.6295566 0.0668110 0.0674092
11 0.5666644 0.6295566 0.0668110 0.0674092
30 0.3662314 0.6969658 0.0668110 0.0674093
15 0.4330424 0.7643752 0.0668110 0.0674093
19 0.4998534 0.7643752 0.0668110 0.0674093
21 0.6334755 0.7643752 0.0668110 0.0674093
