19 0.6545969 0.7808524 0.0652513 0.0630495
28 0.3935917 0.8439018 0.0652513 0.0630495
32 0.4607622 0.7074967 0.4605975 0.4231591
16 0.3283404 0.5286544 0.0652513 0.0630495
10 0.5893456 0.5286544 0.0652513 0.0630495
17 0.6545969 0.5910976 0.0652513 0.0618370
20 0.2630891 0.6547533 0.0652513 0.0630495
11 0.3283404 0.7178029 0.0652513 0.0630495
12 0.3935917 0.7178029 0.0652513 0.0630495
26 0.4588430 0.7178029 0.0652513 0.0630495
23 0.3283404 0.7808524 0.0652513 0.0630495
1 0.3935917 0.7808524 0.0652513 0.0630495
9 0.5893456 0.7808524 0.0652513 0.0630495
