30 0.4007885 0.8439017 0.0662685 0.0625187
22 0.4670570 0.8439017 0.0662686 0.0625187
32 0.5352747 0.7086449 0.4677781 0.4195967
7 0.4670570 0.5313082 0.0662686 0.0625187
19 0.4007885 0.5932257 0.0662685 0.0613164
14 0.3345200 0.6563456 0.0662686 0.0625187
17 0.4670570 0.6563456 0.0662686 0.0625187
20 0.5995942 0.6563456 0.0662685 0.0625187
29 0.7321313 0.6563456 0.0662686 0.0625187
31 0.6658627 0.7188643 0.0662685 0.0625188
28 0.4007885 0.7813831 0.0662685 0.0625187
9 0.6658627 0.7813831 0.0662685 0.0625187
1 0.3345200 0.8439017 0.0662686 0.0625187
