31 0.4324498 0.7583110 0.0635112 0.0664371
7 0.6864946 0.7583110 0.0635112 0.0664371
32 0.4978290 0.6810140 0.4483144 0.4458954
21 0.3054274 0.4925625 0.0635112 0.0664371
25 0.6229834 0.4925625 0.0635112 0.0664371
18 0.6864946 0.4925625 0.0635112 0.0664371
23 0.4324498 0.5583608 0.0635112 0.0651595
24 0.6229834 0.5583608 0.0635112 0.0651595
29 0.5594722 0.6254368 0.0635112 0.0664371
11 0.3054274 0.6918739 0.0635112 0.0664371
28 0.3689386 0.6918739 0.0635112 0.0664371
3 0.6864946 0.6918739 0.0635112 0.0664371
12 0.3054274 0.7583110 0.0635112 0.0664371
