4 0.6535564 0.8388564 0.0656743 0.0660197
1 0.7192308 0.8388564 0.0656744 0.0660197
32 0.5241394 0.6960254 0.4635836 0.4430933
7 0.3251847 0.5087582 0.0656744 0.0660196
2 0.4565334 0.5087582 0.0656743 0.0660196
6 0.5222078 0.5087582 0.0656744 0.0660196
12 0.6535564 0.5087582 0.0656743 0.0660196
24 0.7192308 0.5087582 0.0656744 0.0660196
25 0.3908591 0.6407974 0.0656743 0.0660196
29 0.5878821 0.6407974 0.0656743 0.0660196
22 0.5878821 0.7068170 0.0656743 0.0660197
30 0.4565334 0.7728367 0.0656743 0.0660196
3 0.3251847 0.8388564 0.0656744 0.0660197
