31 0.4077681 0.8329791 0.0611398 0.0635636
13 0.5911877 0.8329791 0.0611399 0.0635636
32 0.4707062 0.7590252 0.4315754 0.4266100
6 0.3466283 0.5787244 0.0611399 0.0635637
8 0.4077681 0.5787244 0.0611398 0.0635637
26 0.3466283 0.6416769 0.0611399 0.0623413
14 0.4689080 0.6416769 0.0611399 0.0623413
15 0.5300478 0.6416769 0.0611398 0.0623413
3 0.6523276 0.6416769 0.0611399 0.0623413
19 0.4077681 0.7058517 0.0611398 0.0635637
24 0.4689080 0.7058517 0.0611399 0.0635637
25 0.5911877 0.7058517 0.0611399 0.0635637
20 0.2854884 0.7694154 0.0611399 0.0635637
