23 0.5423758 0.8363089 0.0661991 0.0659589
21 0.6085749 0.8363089 0.0661991 0.0659589
32 0.5443229 0.6936094 0.4672877 0.4426855
3 0.4099776 0.5065145 0.0661991 0.0659589
11 0.6085749 0.5065145 0.0661991 0.0659589
25 0.7409731 0.5065145 0.0661991 0.0659589
4 0.4099776 0.5718391 0.0661991 0.0646904
24 0.6085749 0.5718391 0.0661991 0.0646904
1 0.4099776 0.7043912 0.0661991 0.0659589
18 0.3437785 0.7703500 0.0661991 0.0659589
12 0.5423758 0.7703500 0.0661991 0.0659589
29 0.7409731 0.7703500 0.0661991 0.0659589
19 0.3437785 0.8363089 0.0661991 0.0659589
