4 0.4122037 0.7853738 0.0612072 0.0618758
28 0.4122037 0.8472497 0.0612072 0.0618758
32 0.4752111 0.7133838 0.4320509 0.4152817
24 0.2897893 0.5378708 0.0612072 0.0618758
5 0.3509965 0.5378708 0.0612072 0.0618758
10 0.5958253 0.5378708 0.0612072 0.0618758
7 0.3509965 0.5991516 0.0612072 0.0606859
29 0.4122037 0.5991516 0.0612072 0.0606859
9 0.4734109 0.5991516 0.0612072 0.0606859
22 0.3509965 0.6616223 0.0612072 0.0618758
8 0.6570325 0.6616223 0.0612072 0.0618758
26 0.2897893 0.7234981 0.0612072 0.0618758
13 0.5958253 0.7234981 0.0612072 0.0618758
