1 0.6593992 0.7052876 0.0633982 0.0664030
7 0.3424083 0.7716906 0.0633982 0.0664029
32 0.5344675 0.6944333 0.4475166 0.4456660
29 0.3424083 0.5060788 0.0633982 0.0664029
14 0.4692046 0.5060788 0.0633982 0.0664029
8 0.4692046 0.5718433 0.0633982 0.0651260
23 0.5326028 0.5718433 0.0633982 0.0651260
26 0.6593992 0.5718433 0.0633982 0.0651260
19 0.7227974 0.5718433 0.0633982 0.0651260
9 0.4692046 0.6388847 0.0633982 0.0664029
20 0.5960010 0.6388847 0.0633982 0.0664029
18 0.7227974 0.6388847 0.0633982 0.0664029
3 0.5326028 0.7052876 0.0633982 0.0664030
