4 0.3468649 0.8314593 0.0657098 0.0652872
22 0.6754141 0.8967464 0.0657098 0.0652871
32 0.5459271 0.7555002 0.4638342 0.4381770
13 0.5439944 0.5703108 0.0657098 0.0652871
6 0.6754141 0.5703108 0.0657098 0.0652871
1 0.4782846 0.6349702 0.0657098 0.0640316
29 0.6754141 0.6349702 0.0657098 0.0640316
24 0.7411240 0.6349702 0.0657098 0.0640316
12 0.4125748 0.7008850 0.0657098 0.0652871
15 0.6097043 0.7008850 0.0657098 0.0652871
20 0.6754141 0.7008850 0.0657098 0.0652871
3 0.7411240 0.7008850 0.0657098 0.0652871
7 0.7411240 0.7661722 0.0657098 0.0652871
