5 0.4510902 0.8983598 0.0662815 0.0677297
11 0.6499348 0.8983598 0.0662815 0.0677297
32 0.4530397 0.7518292 0.4678696 0.4545704
19 0.3185272 0.5597114 0.0662815 0.0677297
30 0.3848087 0.5597114 0.0662815 0.0677297
15 0.5173718 0.5597114 0.0662815 0.0677297
14 0.6499348 0.5597114 0.0662815 0.0677297
24 0.4510902 0.6267899 0.0662815 0.0664272
27 0.3185272 0.6951707 0.0662815 0.0677297
28 0.2522457 0.7629005 0.0662815 0.0677296
16 0.3848087 0.8306302 0.0662815 0.0677297
21 0.6499348 0.8306302 0.0662815 0.0677297
6 0.3185272 0.8983598 0.0662815 0.0677297
