21 0.5369408 0.8520234 0.0666954 0.0647917
29 0.6036362 0.8520234 0.0666954 0.0647917
32 0.4722070 0.7118491 0.4707914 0.4348520
28 0.3368544 0.5280650 0.0666955 0.0647917
5 0.4035499 0.5280650 0.0666954 0.0647917
7 0.6036362 0.5280650 0.0666954 0.0647917
22 0.6703317 0.5280650 0.0666954 0.0647917
30 0.6036362 0.5922337 0.0666954 0.0635457
24 0.6703317 0.5922337 0.0666954 0.0635457
1 0.3368544 0.6576483 0.0666955 0.0647917
3 0.3368544 0.7872318 0.0666955 0.0647916
12 0.6703317 0.7872318 0.0666954 0.0647916
23 0.3368544 0.8520234 0.0666955 0.0647917
