24 0.6035366 0.8168141 0.0659442 0.0629339
29 0.4716483 0.8797481 0.0659442 0.0629340
32 0.4735878 0.7435930 0.4654881 0.4223835
22 0.5375924 0.5650784 0.0659441 0.0629339
11 0.3397600 0.6909464 0.0659442 0.0629339
10 0.6694807 0.6909464 0.0659442 0.0629339
25 0.2738158 0.7538802 0.0659442 0.0629340
20 0.4057041 0.7538802 0.0659441 0.0629340
12 0.4716483 0.7538802 0.0659442 0.0629340
5 0.5375924 0.7538802 0.0659441 0.0629340
21 0.6694807 0.7538802 0.0659442 0.0629340
14 0.4057041 0.8168141 0.0659441 0.0629339
8 0.4716483 0.8168141 0.0659442 0.0629339
