17 0.6425174 0.8089654 0.0619988 0.0642432
25 0.7045163 0.8089654 0.0619988 0.0642432
32 0.5203433 0.7342210 0.4376388 0.4311702
26 0.3945221 0.5519929 0.0619988 0.0642431
19 0.5805186 0.5519929 0.0619988 0.0642431
13 0.3325233 0.6156183 0.0619988 0.0630077
15 0.4565210 0.6156183 0.0619988 0.0630077
9 0.6425174 0.6156183 0.0619988 0.0630077
21 0.7045163 0.6156183 0.0619988 0.0630077
8 0.6425174 0.6804791 0.0619988 0.0642432
24 0.7045163 0.6804791 0.0619988 0.0642432
4 0.7045163 0.7447223 0.0619988 0.0642431
28 0.5805186 0.8089654 0.0619988 0.0642432
