25 0.5891264 0.7316267 0.0656385 0.0625605
13 0.5891264 0.8567479 0.0656385 0.0625605
32 0.4597800 0.7214005 0.4633302 0.4198774
19 0.2609341 0.5439452 0.0656384 0.0625605
10 0.3922111 0.5439452 0.0656385 0.0625605
2 0.4578495 0.5439452 0.0656385 0.0625605
16 0.5234880 0.5439452 0.0656384 0.0625605
15 0.5891264 0.5439452 0.0656385 0.0625605
6 0.3265726 0.6059042 0.0656384 0.0613574
26 0.2609341 0.6690662 0.0656384 0.0625605
7 0.3265726 0.6690662 0.0656384 0.0625605
11 0.3922111 0.6690662 0.0656385 0.0625605
5 0.5234880 0.6690662 0.0656384 0.0625605
