15 0.3914433 0.8925781 0.0632545 0.0675912
2 0.5179524 0.8925781 0.0632545 0.0675912
32 0.5198129 0.7463470 0.4465027 0.4536415
12 0.5179524 0.5546217 0.0632545 0.0675913
13 0.3281888 0.6215630 0.0632545 0.0662915
19 0.4546979 0.6215630 0.0632545 0.0662915
28 0.6444615 0.6215630 0.0632545 0.0662915
26 0.3914433 0.6898042 0.0632545 0.0675912
4 0.4546979 0.7573955 0.0632545 0.0675913
16 0.4546979 0.8249869 0.0632545 0.0675913
22 0.5179524 0.8249869 0.0632545 0.0675913
17 0.5812070 0.8249869 0.0632545 0.0675913
25 0.6444615 0.8249869 0.0632545 0.0675913
