7 0.7142310 0.8423071 0.0611945 0.0652753
25 0.6530365 0.9075826 0.0611945 0.0652753
32 0.5324475 0.7663618 0.4319608 0.4380981
3 0.3470643 0.5812057 0.0611945 0.0652753
10 0.4694532 0.5812057 0.0611945 0.0652753
26 0.6530365 0.6458534 0.0611945 0.0640201
17 0.4082587 0.7117564 0.0611944 0.0652753
28 0.4694532 0.7117564 0.0611945 0.0652753
11 0.5306476 0.7117564 0.0611945 0.0652753
15 0.5918420 0.7117564 0.0611944 0.0652753
22 0.6530365 0.7117564 0.0611945 0.0652753
31 0.7142310 0.7770318 0.0611945 0.0652754
5 0.5918420 0.8423071 0.0611944 0.0652753
