26 0.5111768 0.8474084 0.0636206 0.0628049
29 0.6384179 0.8474084 0.0636206 0.0628049
32 0.5130479 0.7115324 0.4490865 0.4215176
10 0.5111768 0.5333839 0.0636206 0.0628049
12 0.4475562 0.5955849 0.0636206 0.0615971
23 0.5111768 0.5955849 0.0636206 0.0615971
5 0.5747974 0.5955849 0.0636206 0.0615971
30 0.7020385 0.6589938 0.0636206 0.0628049
4 0.5747974 0.7217987 0.0636206 0.0628049
16 0.7020385 0.7217987 0.0636206 0.0628049
27 0.3839356 0.7846036 0.0636206 0.0628049
14 0.4475562 0.7846036 0.0636206 0.0628049
17 0.6384179 0.7846036 0.0636206 0.0628049
