31 0.6630734 0.8521869 0.0633977 0.0653516
1 0.3460849 0.9175385 0.0633977 0.0653516
32 0.4747450 0.7761528 0.4475132 0.4386100
26 0.2826872 0.5907804 0.0633977 0.0653516
20 0.5996758 0.6555036 0.0633977 0.0640948
12 0.6630734 0.6555036 0.0633977 0.0640948
22 0.2826872 0.7214836 0.0633977 0.0653516
15 0.3460849 0.7214836 0.0633977 0.0653516
6 0.3460849 0.7868352 0.0633977 0.0653516
24 0.6630734 0.7868352 0.0633977 0.0653516
16 0.3460849 0.8521869 0.0633977 0.0653516
5 0.4094827 0.8521869 0.0633977 0.0653516
19 0.4728803 0.8521869 0.0633977 0.0653516
