15 0.3909302 0.7576991 0.0637143 0.0643362
12 0.7095016 0.7576991 0.0637143 0.0643362
32 0.5202327 0.6828466 0.4497478 0.4317943
21 0.3909302 0.5003547 0.0637143 0.0643361
4 0.5183587 0.5003547 0.0637143 0.0643361
2 0.5820730 0.5003547 0.0637143 0.0643361
11 0.7095016 0.5003547 0.0637143 0.0643361
22 0.4546445 0.5640722 0.0637143 0.0630989
9 0.5820730 0.5640722 0.0637143 0.0630989
24 0.3272159 0.6290269 0.0637143 0.0643361
30 0.6457873 0.6290269 0.0637143 0.0643361
19 0.7095016 0.6290269 0.0637143 0.0643361
3 0.3909302 0.6933630 0.0637143 0.0643361
