21 0.6356769 0.7942186 0.0609673 0.0651170
30 0.4527751 0.8593356 0.0609673 0.0651170
32 0.4545683 0.7184574 0.4303571 0.4370356
19 0.6356769 0.5337504 0.0609673 0.0651171
3 0.3308406 0.5982413 0.0609673 0.0638648
25 0.5747096 0.5982413 0.0609673 0.0638648
2 0.6356769 0.5982413 0.0609673 0.0638648
16 0.5137424 0.6639845 0.0609673 0.0651171
26 0.3918079 0.7291016 0.0609673 0.0651170
27 0.5137424 0.7291016 0.0609673 0.0651170
23 0.5747096 0.7291016 0.0609673 0.0651170
24 0.6356769 0.7291016 0.0609673 0.0651170
6 0.3918079 0.7942186 0.0609673 0.0651170
