12 0.5060204 0.8122593 0.0625190 0.0674443
26 0.6935773 0.8122593 0.0625189 0.0674443
32 0.5078591 0.7337904 0.4413104 0.4526553
10 0.3184634 0.5424819 0.0625190 0.0674444
25 0.4435014 0.5424819 0.0625190 0.0674444
24 0.6935773 0.5424819 0.0625189 0.0674444
29 0.3184634 0.6092777 0.0625190 0.0661473
18 0.3809824 0.6092777 0.0625190 0.0661473
11 0.3184634 0.6773706 0.0625190 0.0674444
20 0.3809824 0.6773706 0.0625190 0.0674444
3 0.3184634 0.7448149 0.0625190 0.0674444
9 0.4435014 0.7448149 0.0625190 0.0674444
4 0.5060204 0.7448149 0.0625190 0.0674444
