25 0.6324727 0.7756951 0.0631452 0.0617798
27 0.6956178 0.7756951 0.0631452 0.0617798
32 0.5080395 0.7038167 0.4457307 0.4146376
16 0.3167467 0.5285759 0.0631452 0.0617798
10 0.5061823 0.5285759 0.0631452 0.0617798
20 0.6956178 0.5285759 0.0631452 0.0617798
2 0.3798919 0.5897617 0.0631452 0.0605917
5 0.3798919 0.6521355 0.0631452 0.0617798
14 0.4430371 0.7139153 0.0631452 0.0617798
31 0.5061823 0.7139153 0.0631452 0.0617798
11 0.5693275 0.7139153 0.0631452 0.0617798
13 0.6324727 0.7139153 0.0631452 0.0617798
12 0.4430371 0.7756951 0.0631452 0.0617798
