29 0.2885108 0.8550484 0.0661829 0.0652291
4 0.3546937 0.8550484 0.0661829 0.0652291
32 0.4890061 0.7139278 0.4671736 0.4377877
30 0.4208766 0.5289029 0.0661829 0.0652291
5 0.5532425 0.5289029 0.0661829 0.0652291
21 0.6194254 0.5289029 0.0661829 0.0652291
25 0.6194254 0.5935048 0.0661829 0.0639747
16 0.6856084 0.5935048 0.0661829 0.0639747
14 0.4870596 0.6593611 0.0661829 0.0652291
22 0.4208766 0.7245901 0.0661829 0.0652291
31 0.5532425 0.7245901 0.0661829 0.0652291
24 0.4870596 0.7898193 0.0661829 0.0652291
13 0.5532425 0.7898193 0.0661829 0.0652291
