21 0.4772247 0.7774724 0.0606532 0.0651451
1 0.6591843 0.8426175 0.0606532 0.0651451
32 0.4790086 0.7016786 0.4281404 0.4372239
27 0.2952650 0.5168920 0.0606532 0.0651451
15 0.4165714 0.5168920 0.0606532 0.0651451
31 0.6591843 0.5168920 0.0606532 0.0651451
10 0.4772247 0.5814107 0.0606532 0.0638923
9 0.5378779 0.5814107 0.0606532 0.0638923
28 0.2952650 0.7123273 0.0606532 0.0651450
25 0.4165714 0.7123273 0.0606532 0.0651450
16 0.5985311 0.7123273 0.0606532 0.0651450
19 0.6591843 0.7123273 0.0606532 0.0651450
4 0.3559182 0.7774724 0.0606532 0.0651451
