20 0.6353040 0.8368552 0.0619178 0.0657632
6 0.3257148 0.9026184 0.0619178 0.0657632
32 0.4513716 0.7603421 0.4370670 0.4413728
25 0.2637970 0.5738021 0.0619178 0.0657633
10 0.5114684 0.5738021 0.0619178 0.0657633
4 0.5114684 0.6389330 0.0619178 0.0644986
11 0.6353040 0.6389330 0.0619178 0.0644986
15 0.5733862 0.7053287 0.0619178 0.0657633
2 0.3876327 0.7710919 0.0619178 0.0657632
18 0.5114684 0.7710919 0.0619178 0.0657632
12 0.6353040 0.7710919 0.0619178 0.0657632
16 0.2637970 0.8368552 0.0619178 0.0657632
29 0.5114684 0.8368552 0.0619178 0.0657632
