24 0.2654862 0.8833144 0.0610669 0.0647323
31 0.6318878 0.8833144 0.0610669 0.0647323
32 0.4504831 0.7432684 0.4310607 0.4344532
18 0.5708208 0.5596528 0.0610669 0.0647323
11 0.2654862 0.6237627 0.0610669 0.0634875
12 0.3265531 0.6237627 0.0610669 0.0634875
14 0.5097540 0.6237627 0.0610669 0.0634875
26 0.6318878 0.6891174 0.0610669 0.0647323
16 0.4486870 0.7538496 0.0610670 0.0647323
5 0.5097540 0.7538496 0.0610669 0.0647323
6 0.6318878 0.7538496 0.0610669 0.0647323
25 0.3265531 0.8185820 0.0610669 0.0647324
23 0.5708208 0.8185820 0.0610669 0.0647324
