22 0.4247794 0.9307359 0.0665939 0.0675861
12 0.6911551 0.9307359 0.0665939 0.0675861
32 0.4933320 0.7788563 0.4700748 0.4422875
24 0.2915916 0.5928053 0.0665939 0.0675861
11 0.4247794 0.5928053 0.0665939 0.0675861
23 0.4913734 0.5928053 0.0665939 0.0675861
21 0.5579673 0.5928053 0.0665939 0.0675861
15 0.2915916 0.6597415 0.0665939 0.0662864
3 0.3581855 0.6597415 0.0665939 0.0662864
8 0.4913734 0.6597415 0.0665939 0.0662864
14 0.5579673 0.7279776 0.0665939 0.0675861
31 0.6245612 0.8631498 0.0665939 0.0675861
30 0.6911551 0.8631498 0.0665939 0.0675861
