28 0.5441689 0.8850589 0.0642739 0.0677377
31 0.6084427 0.8850589 0.0642739 0.0677377
32 0.4817854 0.7385110 0.4536981 0.4546238
15 0.6727167 0.5463707 0.0642739 0.0677376
12 0.4798949 0.7495836 0.0642739 0.0677377
6 0.5441689 0.7495836 0.0642739 0.0677377
26 0.6084427 0.7495836 0.0642739 0.0677377
19 0.2870732 0.8173212 0.0642739 0.0677376
27 0.3513471 0.8173212 0.0642739 0.0677376
24 0.4156210 0.8173212 0.0642739 0.0677376
14 0.4798949 0.8173212 0.0642739 0.0677376
22 0.2870732 0.8850589 0.0642739 0.0677377
11 0.4798949 0.8850589 0.0642739 0.0677377
