9 0.4770676 0.9121237 0.0656125 0.0668933
23 0.6739052 0.9121237 0.0656125 0.0668933
32 0.4789974 0.7674026 0.4631472 0.4489571
13 0.2802301 0.5776571 0.0656125 0.0668933
29 0.4770676 0.5776571 0.0656125 0.0668933
19 0.6082927 0.5776571 0.0656126 0.0668933
22 0.6739052 0.5776571 0.0656125 0.0668933
28 0.5426801 0.7114438 0.0656125 0.0668933
24 0.6082927 0.7783371 0.0656126 0.0668933
14 0.3458426 0.8452304 0.0656125 0.0668933
21 0.5426801 0.8452304 0.0656125 0.0668933
12 0.3458426 0.9121237 0.0656125 0.0668933
