12 0.5587202 0.8677022 0.0649264 0.0646287
24 0.6885730 0.8677022 0.0649265 0.0646287
32 0.4957034 0.7278804 0.4583041 0.4337581
28 0.2990145 0.5445586 0.0649264 0.0646287
26 0.4288673 0.5445586 0.0649264 0.0646287
17 0.4937937 0.6085658 0.0649264 0.0633859
11 0.6236465 0.6085658 0.0649264 0.0633859
18 0.4288673 0.6738160 0.0649264 0.0646288
7 0.4937937 0.6738160 0.0649264 0.0646288
15 0.4288673 0.8030734 0.0649264 0.0646288
13 0.4937937 0.8030734 0.0649264 0.0646288
16 0.4288673 0.8677022 0.0649264 0.0646287
