30 0.6583838 0.7081756 0.0627647 0.0666707
27 0.4073248 0.7748463 0.0627647 0.0666708
32 0.5347003 0.6972775 0.4430454 0.4474632
26 0.5956190 0.5081634 0.0627648 0.0666707
16 0.7211485 0.5081634 0.0627648 0.0666707
3 0.7211485 0.5741930 0.0627648 0.0653886
5 0.3445600 0.6415048 0.0627648 0.0666708
11 0.4073248 0.6415048 0.0627647 0.0666708
10 0.5328543 0.6415048 0.0627647 0.0666708
24 0.5956190 0.6415048 0.0627648 0.0666708
14 0.6583838 0.6415048 0.0627647 0.0666708
31 0.3445600 0.7081756 0.0627648 0.0666707
