23 0.4081644 0.9082755 0.0658138 0.0651805
4 0.6714195 0.9082755 0.0658138 0.0651805
32 0.5417277 0.7672600 0.4645679 0.4374614
31 0.6714195 0.5823730 0.0658138 0.0651805
13 0.3423506 0.6469267 0.0658138 0.0639270
3 0.4081644 0.6469267 0.0658138 0.0639270
10 0.5397919 0.6469267 0.0658138 0.0639270
8 0.3423506 0.7127340 0.0658138 0.0651805
2 0.6056058 0.7127340 0.0658138 0.0651805
28 0.7372333 0.7127340 0.0658138 0.0651805
15 0.6056058 0.7779145 0.0658138 0.0651805
6 0.7372333 0.7779145 0.0658138 0.0651805
