31 0.6597060 0.8138002 0.0633656 0.0618918
23 0.7230716 0.8138002 0.0633656 0.0618918
32 0.5348386 0.6798997 0.4472861 0.4153891
10 0.4062438 0.5043413 0.0633655 0.0618917
5 0.4696094 0.5043413 0.0633656 0.0618917
4 0.5329749 0.5043413 0.0633656 0.0618917
9 0.6597060 0.5043413 0.0633656 0.0618917
15 0.4696094 0.6281248 0.0633656 0.0618918
29 0.6597060 0.6281248 0.0633656 0.0618918
3 0.4062438 0.6900166 0.0633655 0.0618918
19 0.6597060 0.6900166 0.0633656 0.0618918
11 0.3428783 0.8138002 0.0633655 0.0618918
