1 0.3917831 0.8261382 0.0660524 0.0679316
18 0.6559927 0.8261382 0.0660524 0.0679316
32 0.5258306 0.7471024 0.4662523 0.4559253
30 0.5238879 0.5544119 0.0660524 0.0679316
25 0.6559927 0.5544119 0.0660524 0.0679316
29 0.7220451 0.5544119 0.0660525 0.0679316
22 0.5899403 0.6216903 0.0660524 0.0666252
9 0.4578355 0.6902750 0.0660524 0.0679315
15 0.5899403 0.6902750 0.0660524 0.0679315
4 0.6559927 0.6902750 0.0660524 0.0679315
17 0.3257306 0.7582066 0.0660524 0.0679316
26 0.3917831 0.7582066 0.0660524 0.0679316
