20 0.3128994 0.8351442 0.0647730 0.0618591
21 0.5072183 0.8351442 0.0647730 0.0618591
32 0.5091234 0.7013145 0.4572211 0.4151693
13 0.3128994 0.5258491 0.0647730 0.0618590
2 0.4424453 0.5258491 0.0647730 0.0618590
25 0.7015372 0.5258491 0.0647729 0.0618590
19 0.4424453 0.5871133 0.0647730 0.0606694
31 0.6367643 0.5871133 0.0647730 0.0606694
30 0.3128994 0.7114261 0.0647730 0.0618591
15 0.3776723 0.7114261 0.0647730 0.0618591
6 0.5072183 0.7114261 0.0647730 0.0618591
1 0.7015372 0.7732852 0.0647729 0.0618591
