14 0.3443723 0.8881943 0.0635235 0.0622874
24 0.5984663 0.8881943 0.0635235 0.0622874
32 0.4732877 0.7534377 0.4484012 0.4180448
3 0.5349428 0.5767569 0.0635235 0.0622874
6 0.5984663 0.5767569 0.0635235 0.0622874
15 0.6619897 0.5767569 0.0635235 0.0622874
1 0.6619897 0.6384454 0.0635235 0.0610896
23 0.3443723 0.7013319 0.0635235 0.0622874
9 0.4714193 0.7013319 0.0635235 0.0622874
22 0.5984663 0.7013319 0.0635235 0.0622874
17 0.4078958 0.8259068 0.0635235 0.0622875
18 0.5984663 0.8259068 0.0635235 0.0622875
