3 0.6402958 0.8347778 0.0630673 0.0680524
1 0.4510940 0.9028302 0.0630673 0.0680524
32 0.5160162 0.7556014 0.4451807 0.4567365
9 0.3880267 0.6299662 0.0630673 0.0667437
21 0.5141613 0.6299662 0.0630672 0.0667437
13 0.5772285 0.6299662 0.0630673 0.0667437
28 0.7033630 0.6986729 0.0630672 0.0680524
4 0.4510940 0.7667253 0.0630673 0.0680524
5 0.5772285 0.7667253 0.0630673 0.0680524
20 0.7033630 0.7667253 0.0630672 0.0680524
8 0.4510940 0.8347778 0.0630673 0.0680524
6 0.5141613 0.8347778 0.0630672 0.0680524
