26 0.4674995 0.8870441 0.0652414 0.0620278
28 0.5327408 0.8870441 0.0652414 0.0620278
32 0.4694183 0.7528493 0.4605271 0.4163020
20 0.4022581 0.5769050 0.0652414 0.0620278
19 0.2717754 0.7009605 0.0652414 0.0620278
15 0.4022581 0.7009605 0.0652414 0.0620278
10 0.4674995 0.7009605 0.0652414 0.0620278
13 0.5327408 0.7009605 0.0652414 0.0620278
5 0.3370168 0.7629884 0.0652413 0.0620278
1 0.5979821 0.7629884 0.0652413 0.0620278
22 0.5327408 0.8250162 0.0652414 0.0620278
11 0.2717754 0.8870441 0.0652414 0.0620278
