17 0.6602175 0.7433260 0.0628229 0.0650763
10 0.7230404 0.8734785 0.0628229 0.0650763
32 0.5364194 0.7326884 0.4434557 0.4367619
7 0.5345717 0.5480972 0.0628229 0.0650763
29 0.5973946 0.5480972 0.0628229 0.0650763
13 0.6602175 0.5480972 0.0628229 0.0650763
25 0.4089259 0.6125477 0.0628229 0.0638248
8 0.4717488 0.6125477 0.0628229 0.0638248
5 0.7230404 0.6125477 0.0628229 0.0638248
24 0.3461030 0.6782497 0.0628229 0.0650763
12 0.5973946 0.6782497 0.0628229 0.0650763
2 0.4089259 0.7433260 0.0628229 0.0650763
