9 0.5742240 0.8406566 0.0614802 0.0635360
21 0.2668231 0.9041927 0.0614802 0.0635360
32 0.4530719 0.7667350 0.4339778 0.4264241
15 0.3897835 0.5865128 0.0614802 0.0635360
27 0.5742240 0.6494378 0.0614802 0.0623141
11 0.3897835 0.7135847 0.0614802 0.0635360
18 0.6357042 0.7135847 0.0614802 0.0635360
29 0.3283033 0.7771207 0.0614802 0.0635359
7 0.5127438 0.7771207 0.0614802 0.0635359
5 0.6357042 0.7771207 0.0614802 0.0635359
14 0.3283033 0.8406566 0.0614802 0.0635360
10 0.3897835 0.8406566 0.0614802 0.0635360
