15 0.4671074 0.9033362 0.0624618 0.0670247
8 0.5295692 0.9033362 0.0624618 0.0670247
32 0.5314063 0.7583310 0.4409068 0.4498383
30 0.5295692 0.5682130 0.0624618 0.0670246
4 0.3421838 0.6345932 0.0624618 0.0657357
19 0.5920310 0.6345932 0.0624618 0.0657357
5 0.3421838 0.7022623 0.0624618 0.0670246
18 0.7169547 0.7022623 0.0624619 0.0670246
6 0.3421838 0.7692870 0.0624618 0.0670246
26 0.5295692 0.8363115 0.0624618 0.0670246
13 0.5920310 0.8363115 0.0624618 0.0670246
9 0.6544928 0.8363115 0.0624618 0.0670246
