29 0.5177292 0.8707741 0.0652412 0.0631801
9 0.6482117 0.8707741 0.0652413 0.0631801
32 0.4544068 0.7340863 0.4605264 0.4240357
6 0.3220055 0.5548735 0.0652413 0.0631801
7 0.4524880 0.5548735 0.0652412 0.0631801
4 0.2567642 0.6174461 0.0652412 0.0619651
13 0.5829705 0.6174461 0.0652412 0.0619651
26 0.3220055 0.6812337 0.0652413 0.0631801
16 0.5829705 0.6812337 0.0652412 0.0631801
5 0.2567642 0.7444138 0.0652412 0.0631801
28 0.3872467 0.8075940 0.0652412 0.0631802
2 0.3220055 0.8707741 0.0652413 0.0631801
