8 0.5421620 0.8597301 0.0657808 0.0672086
21 0.6079427 0.8597301 0.0657808 0.0672086
32 0.5440968 0.7143269 0.4643348 0.4510728
15 0.7395042 0.5236873 0.0657807 0.0672086
20 0.3448197 0.6581044 0.0657808 0.0672086
14 0.4763812 0.6581044 0.0657808 0.0672086
2 0.6079427 0.6581044 0.0657808 0.0672086
27 0.6737235 0.6581044 0.0657808 0.0672086
25 0.7395042 0.7253130 0.0657807 0.0672086
30 0.3448197 0.7925215 0.0657808 0.0672086
4 0.5421620 0.7925215 0.0657808 0.0672086
6 0.3448197 0.8597301 0.0657808 0.0672086
