17 0.6268624 0.8476402 0.0668226 0.0651846
23 0.6936850 0.8476402 0.0668227 0.0651846
32 0.4951826 0.7718004 0.4716890 0.4374889
13 0.2927494 0.5869018 0.0668226 0.0651846
10 0.3595720 0.5869018 0.0668226 0.0651846
16 0.6268624 0.5869018 0.0668226 0.0651846
9 0.4263946 0.6514596 0.0668226 0.0639310
28 0.6936850 0.6514596 0.0668227 0.0639310
6 0.3595720 0.7172710 0.0668226 0.0651846
26 0.4263946 0.7824556 0.0668226 0.0651846
4 0.5600397 0.7824556 0.0668226 0.0651846
14 0.6268624 0.7824556 0.0668226 0.0651846
