19 0.4676405 0.8228795 0.0622696 0.0633869
29 0.5921796 0.8228795 0.0622696 0.0633869
32 0.4694720 0.6857442 0.4395498 0.4254239
2 0.5921796 0.5687222 0.0622696 0.0621680
24 0.4676405 0.6327187 0.0622696 0.0633869
14 0.3431014 0.6961056 0.0622695 0.0633870
13 0.4053709 0.6961056 0.0622696 0.0633870
3 0.5921796 0.6961056 0.0622696 0.0633870
23 0.6544492 0.6961056 0.0622696 0.0633870
28 0.2808319 0.7594925 0.0622696 0.0633869
12 0.5921796 0.7594925 0.0622696 0.0633869
31 0.6544492 0.7594925 0.0622696 0.0633869
