4 0.5753739 0.7906687 0.0606873 0.0677434
29 0.3326248 0.8584122 0.0606873 0.0677435
32 0.5164716 0.7118520 0.4283808 0.4546624
3 0.3326248 0.5196952 0.0606873 0.0677434
16 0.5146866 0.5196952 0.0606873 0.0677434
31 0.5753739 0.5196952 0.0606873 0.0677434
24 0.5753739 0.5867872 0.0606873 0.0664406
20 0.3326248 0.6551820 0.0606873 0.0677434
22 0.5146866 0.6551820 0.0606873 0.0677434
18 0.6967484 0.6551820 0.0606873 0.0677434
27 0.4539993 0.7229253 0.0606873 0.0677434
25 0.6360612 0.7229253 0.0606873 0.0677434
