10 0.3379757 0.7641574 0.0652089 0.0631905
14 0.5336023 0.8273479 0.0652089 0.0631905
32 0.5355202 0.6906376 0.4602979 0.4241058
2 0.3379757 0.5113952 0.0652089 0.0631905
30 0.7292289 0.5113952 0.0652089 0.0631905
11 0.4683935 0.5739781 0.0652089 0.0619753
17 0.7292289 0.5739781 0.0652089 0.0619753
7 0.4031846 0.6377763 0.0652089 0.0631906
6 0.4683935 0.6377763 0.0652089 0.0631906
29 0.4031846 0.7009668 0.0652089 0.0631905
15 0.4683935 0.7009668 0.0652089 0.0631905
13 0.5988112 0.7009668 0.0652089 0.0631905
