4 0.2903952 0.8892559 0.0639779 0.0674164
17 0.4183509 0.8892559 0.0639779 0.0674164
32 0.4842105 0.7434032 0.4516086 0.4524675
24 0.6102846 0.5521741 0.0639779 0.0674164
23 0.4183509 0.6189423 0.0639779 0.0661199
15 0.4823288 0.6189423 0.0639779 0.0661199
14 0.6102846 0.6189423 0.0639779 0.0661199
18 0.3543731 0.6870068 0.0639779 0.0674164
19 0.6742624 0.6870068 0.0639779 0.0674164
1 0.6742624 0.7544232 0.0639779 0.0674164
13 0.5463067 0.8218396 0.0639779 0.0674163
29 0.6742624 0.8218396 0.0639779 0.0674163
