6 0.5917823 0.8931429 0.0639409 0.0675455
31 0.6557231 0.8931429 0.0639408 0.0675455
32 0.5297220 0.7470110 0.4513473 0.4533335
2 0.4639005 0.5554158 0.0639409 0.0675454
10 0.5278414 0.5554158 0.0639408 0.0675454
19 0.3999596 0.6905066 0.0639408 0.0675454
1 0.5917823 0.6905066 0.0639409 0.0675454
13 0.3999596 0.7580521 0.0639408 0.0675454
17 0.5278414 0.7580521 0.0639408 0.0675454
26 0.4639005 0.8255974 0.0639409 0.0675454
29 0.6557231 0.8255974 0.0639408 0.0675454
28 0.5278414 0.8931429 0.0639408 0.0675455
