28 0.6437484 0.7902904 0.0611678 0.0621085
8 0.4602452 0.8523988 0.0611678 0.0621085
32 0.4620442 0.7180296 0.4317723 0.4168435
11 0.2767419 0.5418565 0.0611677 0.0621085
13 0.3379097 0.5418565 0.0611678 0.0621085
24 0.2767419 0.6033677 0.0611677 0.0609141
1 0.3379097 0.6033677 0.0611678 0.0609141
10 0.2767419 0.6660735 0.0611677 0.0621085
6 0.2767419 0.7281819 0.0611677 0.0621085
26 0.3990775 0.7281819 0.0611677 0.0621085
14 0.4602452 0.7281819 0.0611678 0.0621085
12 0.2767419 0.7902904 0.0611677 0.0621085
