4 0.6626324 0.8411090 0.0663307 0.0643660
31 0.3309787 0.9054750 0.0663308 0.0643659
32 0.4655910 0.7662217 0.4682170 0.4319944
1 0.3309787 0.5836452 0.0663308 0.0643660
23 0.3973094 0.5836452 0.0663307 0.0643660
6 0.3309787 0.7123772 0.0663308 0.0643659
15 0.4636401 0.7123772 0.0663308 0.0643659
24 0.2646479 0.7767430 0.0663307 0.0643659
21 0.4636401 0.7767430 0.0663308 0.0643659
26 0.6626324 0.7767430 0.0663307 0.0643659
28 0.3309787 0.8411090 0.0663308 0.0643660
11 0.5963017 0.8411090 0.0663308 0.0643660
