25 0.6281306 0.8616550 0.0631668 0.0663329
11 0.6912975 0.8616550 0.0631668 0.0663329
32 0.5036548 0.7181462 0.4458834 0.4451959
9 0.3122965 0.5299904 0.0631668 0.0663329
27 0.4386302 0.5299904 0.0631668 0.0663329
29 0.5017970 0.5299904 0.0631668 0.0663329
28 0.6912975 0.5956855 0.0631668 0.0650573
5 0.3754633 0.6626562 0.0631668 0.0663329
16 0.3122965 0.7289891 0.0631668 0.0663329
12 0.5649638 0.7953220 0.0631668 0.0663329
17 0.3754633 0.8616550 0.0631668 0.0663329
31 0.4386302 0.8616550 0.0631668 0.0663329
