1 0.3270403 0.8714375 0.0642976 0.0673941
13 0.6485285 0.8714375 0.0642976 0.0673941
32 0.4575267 0.7256329 0.4538657 0.4523181
11 0.3270403 0.5344669 0.0642976 0.0673941
29 0.4556356 0.5344669 0.0642976 0.0673941
30 0.2627427 0.6692551 0.0642976 0.0673941
8 0.3913380 0.6692551 0.0642976 0.0673941
18 0.5199332 0.6692551 0.0642976 0.0673941
3 0.5199332 0.7366492 0.0642976 0.0673942
6 0.4556356 0.8040434 0.0642976 0.0673941
15 0.5842309 0.8040434 0.0642976 0.0673941
24 0.6485285 0.8040434 0.0642976 0.0673941
