26 0.4170728 0.8803766 0.0637043 0.0678256
4 0.4807771 0.8803766 0.0637043 0.0678256
32 0.4826507 0.7336385 0.4496774 0.4552144
14 0.3533685 0.5412484 0.0637043 0.0678256
15 0.5444814 0.5412484 0.0637043 0.0678256
31 0.6081857 0.5412484 0.0637043 0.0678256
29 0.3533685 0.6084219 0.0637043 0.0665213
11 0.6718900 0.6084219 0.0637043 0.0665213
28 0.5444814 0.6768997 0.0637043 0.0678256
22 0.6081857 0.6768997 0.0637043 0.0678256
17 0.2896642 0.8125510 0.0637043 0.0678256
23 0.4807771 0.8125510 0.0637043 0.0678256
