27 0.5178960 0.8889928 0.0662361 0.0643786
18 0.5841320 0.8889928 0.0662361 0.0643786
32 0.5198441 0.7497122 0.4675487 0.4320793
8 0.3191877 0.5670999 0.0662361 0.0643786
10 0.5178960 0.5670999 0.0662361 0.0643786
15 0.5841320 0.5670999 0.0662361 0.0643786
29 0.7166042 0.5670999 0.0662361 0.0643786
13 0.6503680 0.6308595 0.0662360 0.0631405
23 0.6503680 0.7602356 0.0662360 0.0643786
17 0.4516599 0.8246143 0.0662361 0.0643786
24 0.5841320 0.8246143 0.0662361 0.0643786
22 0.6503680 0.8246143 0.0662360 0.0643786
