8 0.4034342 0.9204887 0.0665296 0.0682167
31 0.6030231 0.9204887 0.0665296 0.0682167
32 0.4719206 0.7719925 0.4696209 0.4560150
3 0.4034342 0.5794052 0.0665296 0.0682167
5 0.5364935 0.5794052 0.0665296 0.0682167
4 0.6695527 0.6469659 0.0665297 0.0669048
22 0.2703749 0.7158386 0.0665296 0.0682167
30 0.3369046 0.7158386 0.0665296 0.0682167
16 0.4034342 0.7158386 0.0665296 0.0682167
13 0.3369046 0.7840553 0.0665296 0.0682167
20 0.3369046 0.8522720 0.0665296 0.0682166
7 0.6030231 0.8522720 0.0665296 0.0682166
