21 0.6289206 0.7616685 0.0608662 0.0637663
19 0.4463221 0.8254349 0.0608662 0.0637663
32 0.5089784 0.6874789 0.4296435 0.4279700
13 0.3854559 0.5066034 0.0608662 0.0637663
20 0.6897868 0.5066034 0.0608662 0.0637663
15 0.3854559 0.5697565 0.0608662 0.0625401
7 0.5680544 0.5697565 0.0608662 0.0625401
9 0.6289206 0.5697565 0.0608662 0.0625401
28 0.3245898 0.6341360 0.0608662 0.0637663
22 0.5071883 0.6341360 0.0608662 0.0637663
25 0.5680544 0.6341360 0.0608662 0.0637663
17 0.5680544 0.6979023 0.0608662 0.0637663
