8 0.4167202 0.8357613 0.0648662 0.0638686
3 0.5464526 0.8357613 0.0648662 0.0638686
32 0.4834942 0.6975842 0.4578789 0.4286559
1 0.3518540 0.5164187 0.0648662 0.0638685
6 0.4815864 0.5164187 0.0648662 0.0638685
17 0.6761849 0.5164187 0.0648662 0.0638685
25 0.3518540 0.5796731 0.0648662 0.0626403
18 0.4167202 0.5796731 0.0648662 0.0626403
4 0.5464526 0.5796731 0.0648662 0.0626403
9 0.6113187 0.5796731 0.0648662 0.0626403
13 0.3518540 0.6441557 0.0648662 0.0638685
26 0.6113187 0.6441557 0.0648662 0.0638685
