24 0.3258108 0.8130118 0.0650776 0.0629942
13 0.6511990 0.8760060 0.0650776 0.0629942
32 0.5229577 0.7397205 0.4593716 0.4227880
27 0.5210437 0.5610350 0.0650777 0.0629942
25 0.6511990 0.5610350 0.0650776 0.0629942
16 0.3908884 0.6234235 0.0650776 0.0617828
14 0.4559660 0.6234235 0.0650776 0.0617828
31 0.5210437 0.6234235 0.0650777 0.0617828
21 0.6511990 0.6234235 0.0650776 0.0617828
3 0.3908884 0.6870234 0.0650776 0.0629942
5 0.5861214 0.6870234 0.0650776 0.0629942
9 0.6511990 0.7500175 0.0650776 0.0629942
