20 0.5638070 0.8590236 0.0650723 0.0641141
9 0.6288792 0.8590236 0.0650723 0.0641141
32 0.5006486 0.7203152 0.4593335 0.4303041
25 0.3035179 0.5384532 0.0650723 0.0641141
23 0.4336624 0.5384532 0.0650723 0.0641141
22 0.4336624 0.6019508 0.0650723 0.0628811
10 0.5638070 0.6666814 0.0650723 0.0641141
3 0.6288792 0.6666814 0.0650723 0.0641141
26 0.3035179 0.7307954 0.0650723 0.0641141
6 0.4336624 0.7949095 0.0650723 0.0641141
30 0.3035179 0.8590236 0.0650723 0.0641141
5 0.4987347 0.8590236 0.0650723 0.0641141
