31 0.5477852 0.9207153 0.0609767 0.0671729
15 0.6697386 0.9207153 0.0609767 0.0671729
32 0.5495786 0.7749864 0.4304239 0.4500273
5 0.5477852 0.5848509 0.0609767 0.0671729
2 0.6087619 0.5848509 0.0609767 0.0671729
17 0.4258318 0.6513779 0.0609767 0.0658811
18 0.4868085 0.7191967 0.0609768 0.0671729
7 0.7307153 0.7863696 0.0609767 0.0671729
25 0.4258318 0.8535425 0.0609767 0.0671729
10 0.6697386 0.8535425 0.0609767 0.0671729
20 0.3648550 0.9207153 0.0609767 0.0671729
19 0.4258318 0.9207153 0.0609767 0.0671729
