5 0.5193557 0.8664976 0.0629416 0.0630247
19 0.6452390 0.8664976 0.0629416 0.0630247
32 0.5212069 0.7301459 0.4442937 0.4229932
16 0.4564141 0.5513737 0.0629416 0.0630247
11 0.4564141 0.6137925 0.0629416 0.0618128
10 0.6452390 0.6774232 0.0629416 0.0630247
17 0.7081805 0.6774232 0.0629416 0.0630247
7 0.3934725 0.7404480 0.0629416 0.0630247
12 0.6452390 0.7404480 0.0629416 0.0630247
6 0.3305309 0.8034727 0.0629416 0.0630248
13 0.4564141 0.8034727 0.0629416 0.0630248
24 0.4564141 0.8664976 0.0629416 0.0630247
