26 0.4981822 0.8252859 0.0643419 0.0641727
15 0.6268660 0.8252859 0.0643419 0.0641727
32 0.5000747 0.6864507 0.4541779 0.4306978
30 0.3051567 0.5679779 0.0643419 0.0629387
18 0.6268660 0.5679779 0.0643419 0.0629387
23 0.6912079 0.5679779 0.0643418 0.0629387
11 0.3051567 0.6327677 0.0643419 0.0641727
3 0.3694985 0.6327677 0.0643419 0.0641727
2 0.6268660 0.6327677 0.0643419 0.0641727
4 0.3051567 0.6969405 0.0643419 0.0641727
27 0.6912079 0.6969405 0.0643418 0.0641727
28 0.4981822 0.7611131 0.0643419 0.0641727
