31 0.5841703 0.8820946 0.0649135 0.0676478
16 0.6490839 0.8820946 0.0649136 0.0676478
32 0.4562525 0.7357411 0.4582130 0.4540207
30 0.3894298 0.5438556 0.0649135 0.0676478
1 0.5192568 0.6791512 0.0649135 0.0676478
23 0.5841703 0.6791512 0.0649135 0.0676478
8 0.6490839 0.6791512 0.0649136 0.0676478
17 0.5841703 0.7467989 0.0649135 0.0676479
26 0.3245163 0.8144467 0.0649135 0.0676478
29 0.3894298 0.8144467 0.0649135 0.0676478
18 0.5192568 0.8144467 0.0649135 0.0676478
15 0.6490839 0.8144467 0.0649136 0.0676478
