27 0.6367497 0.8524464 0.0648971 0.0677394
21 0.7016469 0.8524464 0.0648972 0.0677394
32 0.5088643 0.7058948 0.4580973 0.4546357
18 0.3122642 0.5808374 0.0648971 0.0664367
20 0.5069555 0.5808374 0.0648971 0.0664367
30 0.5718526 0.5808374 0.0648971 0.0664367
25 0.4420584 0.6492282 0.0648971 0.0677394
24 0.7016469 0.6492282 0.0648972 0.0677394
4 0.3122642 0.7169676 0.0648971 0.0677394
7 0.6367497 0.7169676 0.0648971 0.0677394
1 0.5718526 0.7847070 0.0648971 0.0677394
16 0.7016469 0.7847070 0.0648972 0.0677394
