13 0.3891761 0.8691969 0.0616753 0.0646315
24 0.6358775 0.8691969 0.0616753 0.0646315
32 0.4526654 0.7293690 0.4353553 0.4337769
28 0.3891761 0.5460393 0.0616753 0.0646315
29 0.2658255 0.6100494 0.0616753 0.0633886
26 0.5742022 0.6753024 0.0616753 0.0646315
4 0.6358775 0.6753024 0.0616753 0.0646315
8 0.3275008 0.7399339 0.0616753 0.0646315
20 0.5742022 0.7399339 0.0616753 0.0646315
6 0.6358775 0.7399339 0.0616753 0.0646315
31 0.2658255 0.8045654 0.0616753 0.0646316
21 0.4508515 0.8045654 0.0616753 0.0646316
