25 0.3804617 0.8820168 0.0656761 0.0632201
5 0.6431661 0.8820168 0.0656762 0.0632201
32 0.5137455 0.7452428 0.4635961 0.4243034
27 0.6431661 0.5659168 0.0656762 0.0632200
2 0.7088422 0.5659168 0.0656760 0.0632200
7 0.6431661 0.6285290 0.0656762 0.0620043
15 0.7088422 0.6285290 0.0656760 0.0620043
12 0.3147855 0.6923569 0.0656761 0.0632200
3 0.3147855 0.7555768 0.0656761 0.0632200
16 0.3147855 0.8187968 0.0656761 0.0632200
1 0.4461378 0.8187968 0.0656761 0.0632200
17 0.5774900 0.8187968 0.0656761 0.0632200
