7 0.5048637 0.8434295 0.0655328 0.0666559
5 0.6359293 0.8434295 0.0655328 0.0666559
32 0.5067912 0.7658780 0.4625846 0.4473634
28 0.5048637 0.5768060 0.0655328 0.0666558
1 0.5703966 0.5768060 0.0655328 0.0666558
30 0.3737981 0.6428210 0.0655328 0.0653740
25 0.5048637 0.6428210 0.0655328 0.0653740
20 0.3082653 0.7101178 0.0655328 0.0666558
26 0.3737981 0.7101178 0.0655328 0.0666558
16 0.5048637 0.7101178 0.0655328 0.0666558
14 0.5703966 0.7101178 0.0655328 0.0666558
6 0.3737981 0.7767736 0.0655328 0.0666559
