21 0.4277013 0.7509824 0.0654960 0.0633246
2 0.4931973 0.8143069 0.0654960 0.0633246
32 0.4951236 0.6773067 0.4623246 0.4250053
4 0.4277013 0.4976841 0.0654960 0.0633245
3 0.6896852 0.4976841 0.0654960 0.0633245
13 0.2967093 0.5603998 0.0654960 0.0621068
25 0.5586933 0.5603998 0.0654960 0.0621068
29 0.3622053 0.6243333 0.0654960 0.0633246
1 0.6241893 0.6243333 0.0654960 0.0633246
22 0.3622053 0.6876578 0.0654960 0.0633245
23 0.5586933 0.6876578 0.0654960 0.0633245
14 0.2967093 0.7509824 0.0654960 0.0633246
