8 0.4848248 0.8363619 0.0613482 0.0668214
30 0.6688695 0.8363619 0.0613482 0.0668214
32 0.5479774 0.6917963 0.4330462 0.4484746
31 0.4848248 0.5022548 0.0613482 0.0668214
5 0.6075212 0.5022548 0.0613482 0.0668214
25 0.6688695 0.5022548 0.0613482 0.0668214
4 0.7302176 0.5684337 0.0613482 0.0655364
19 0.3621284 0.6358976 0.0613482 0.0668214
2 0.5461730 0.7027190 0.0613482 0.0668214
17 0.6688695 0.7027190 0.0613482 0.0668214
16 0.4848248 0.7695405 0.0613482 0.0668214
1 0.5461730 0.7695405 0.0613482 0.0668214
