11 0.5135019 0.7664226 0.0636963 0.0637618
21 0.2587167 0.8301845 0.0636963 0.0637618
32 0.4516790 0.6922382 0.4496208 0.4279398
30 0.3861093 0.5113754 0.0636963 0.0637618
1 0.5771981 0.5113754 0.0636963 0.0637618
5 0.6408945 0.5113754 0.0636963 0.0637618
18 0.2587167 0.5745241 0.0636963 0.0625356
27 0.3224130 0.5745241 0.0636963 0.0625356
15 0.6408945 0.5745241 0.0636963 0.0625356
12 0.6408945 0.6388990 0.0636963 0.0637618
31 0.5771981 0.7026608 0.0636963 0.0637617
16 0.4498056 0.7664226 0.0636963 0.0637618
