13 0.5441124 0.8228017 0.0638985 0.0635393
20 0.6719094 0.8228017 0.0638985 0.0635393
32 0.4820932 0.7488762 0.4510484 0.4264463
16 0.2885183 0.5686446 0.0638985 0.0635393
4 0.4802139 0.5686446 0.0638985 0.0635393
18 0.6719094 0.5686446 0.0638985 0.0635393
12 0.2885183 0.6315730 0.0638985 0.0623174
22 0.3524168 0.6957232 0.0638985 0.0635393
26 0.5441124 0.6957232 0.0638985 0.0635393
8 0.3524168 0.7592625 0.0638985 0.0635393
5 0.4802139 0.7592625 0.0638985 0.0635393
19 0.5441124 0.7592625 0.0638985 0.0635393
