15 0.5878295 0.8686621 0.0638468 0.0653665
24 0.7155231 0.8686621 0.0638468 0.0653665
32 0.5258605 0.7272443 0.4506833 0.4387096
29 0.3324422 0.6065677 0.0638468 0.0641094
6 0.3324422 0.6725627 0.0638468 0.0653665
13 0.7155231 0.6725627 0.0638468 0.0653665
27 0.3324422 0.7379292 0.0638468 0.0653664
28 0.3962891 0.7379292 0.0638468 0.0653664
30 0.4601359 0.7379292 0.0638468 0.0653664
12 0.7155231 0.7379292 0.0638468 0.0653664
31 0.5878295 0.8032956 0.0638468 0.0653664
8 0.4601359 0.8686621 0.0638468 0.0653665
