30 0.4540355 0.8372166 0.0642543 0.0640504
14 0.5825439 0.9012669 0.0642542 0.0640504
32 0.5201796 0.7626965 0.4535593 0.4298766
17 0.3255270 0.5810151 0.0642542 0.0640504
8 0.5825439 0.5810151 0.0642542 0.0640504
5 0.3255270 0.6444496 0.0642542 0.0628186
6 0.6467982 0.6444496 0.0642543 0.0628186
19 0.5182897 0.7091159 0.0642542 0.0640504
1 0.5825439 0.7091159 0.0642542 0.0640504
26 0.3897812 0.7731662 0.0642542 0.0640504
11 0.4540355 0.7731662 0.0642543 0.0640504
4 0.3255270 0.8372166 0.0642542 0.0640504
