8 0.5780518 0.8419463 0.0616320 0.0675745
7 0.6396838 0.9095207 0.0616320 0.0675744
32 0.4566006 0.7633260 0.4350492 0.4535284
25 0.4547879 0.5716486 0.0616320 0.0675745
27 0.3315240 0.6385733 0.0616320 0.0662749
24 0.3931560 0.6385733 0.0616320 0.0662749
18 0.5164199 0.6385733 0.0616320 0.0662749
10 0.3931560 0.7067975 0.0616320 0.0675745
22 0.3315240 0.7743719 0.0616320 0.0675744
16 0.3931560 0.7743719 0.0616320 0.0675744
28 0.2698920 0.8419463 0.0616320 0.0675745
11 0.3315240 0.8419463 0.0616320 0.0675745
