7 0.6965091 0.8198779 0.0642051 0.0652193
28 0.5680988 0.8850974 0.0642051 0.0652194
32 0.5057821 0.7439977 0.4532125 0.4377225
13 0.4396886 0.5590004 0.0642051 0.0652194
10 0.5680988 0.6235927 0.0642051 0.0639652
8 0.5038937 0.6894392 0.0642051 0.0652194
15 0.5680988 0.6894392 0.0642051 0.0652194
20 0.3754836 0.7546586 0.0642051 0.0652194
9 0.5038937 0.7546586 0.0642051 0.0652194
22 0.5680988 0.7546586 0.0642051 0.0652194
11 0.6965091 0.7546586 0.0642051 0.0652194
4 0.4396886 0.8198779 0.0642051 0.0652193
