20 0.5782011 0.9005095 0.0624855 0.0676673
2 0.7031720 0.9005095 0.0624854 0.0676673
32 0.5175534 0.7541138 0.4410738 0.4541519
24 0.3907446 0.5621728 0.0624855 0.0676674
30 0.4532301 0.5621728 0.0624855 0.0676674
11 0.4532301 0.6291895 0.0624855 0.0663660
5 0.4532301 0.6975075 0.0624855 0.0676673
4 0.5782011 0.6975075 0.0624855 0.0676673
16 0.6406865 0.6975075 0.0624855 0.0676673
25 0.5782011 0.7651748 0.0624855 0.0676674
23 0.6406865 0.7651748 0.0624855 0.0676674
27 0.5157156 0.9005095 0.0624855 0.0676673
