29 0.5483499 0.8691830 0.0662320 0.0639832
10 0.6808139 0.8691830 0.0662320 0.0639832
32 0.4840659 0.7307578 0.4675199 0.4294257
4 0.3496539 0.6126350 0.0662320 0.0627527
13 0.4158859 0.6126350 0.0662320 0.0627527
30 0.2834220 0.6772334 0.0662320 0.0639832
17 0.4821179 0.7412166 0.0662320 0.0639832
18 0.5483499 0.7412166 0.0662320 0.0639832
24 0.6145819 0.7412166 0.0662320 0.0639832
11 0.6808139 0.7412166 0.0662320 0.0639832
20 0.4158859 0.8051997 0.0662320 0.0639832
28 0.4821179 0.8691830 0.0662320 0.0639832
