30 0.5355596 0.8099553 0.0635134 0.0632015
20 0.5355596 0.8731568 0.0635134 0.0632016
32 0.5374276 0.7364227 0.4483300 0.4241797
29 0.4720461 0.5571490 0.0635135 0.0632016
5 0.4085327 0.6197429 0.0635134 0.0619862
11 0.4720461 0.6197429 0.0635135 0.0619862
1 0.5355596 0.6197429 0.0635134 0.0619862
10 0.5990730 0.6197429 0.0635134 0.0619862
15 0.7260999 0.6197429 0.0635134 0.0619862
24 0.3450193 0.6835521 0.0635134 0.0632016
23 0.5355596 0.7467537 0.0635134 0.0632016
13 0.6625864 0.7467537 0.0635134 0.0632016
