24 0.4964532 0.8084081 0.0611311 0.0635762
10 0.5575844 0.8084081 0.0611312 0.0635762
32 0.4982512 0.6708633 0.4315140 0.4266942
22 0.3741909 0.5534919 0.0611312 0.0623536
15 0.5575844 0.5534919 0.0611312 0.0623536
13 0.6187155 0.6176794 0.0611311 0.0635762
9 0.6798466 0.6176794 0.0611311 0.0635762
5 0.3130598 0.6812556 0.0611311 0.0635762
12 0.3741909 0.6812556 0.0611312 0.0635762
16 0.3741909 0.7448318 0.0611312 0.0635762
29 0.5575844 0.7448318 0.0611312 0.0635762
23 0.3130598 0.8084081 0.0611311 0.0635762
