3 0.5758967 0.8110633 0.0656890 0.0674902
10 0.7072748 0.8110633 0.0656890 0.0674902
32 0.5121397 0.7325410 0.4636871 0.4529633
13 0.3131407 0.5411024 0.0656890 0.0674902
6 0.3788297 0.5411024 0.0656890 0.0674902
8 0.6415857 0.5411024 0.0656890 0.0674902
18 0.3131407 0.6079437 0.0656890 0.0661924
11 0.3131407 0.6760828 0.0656890 0.0674902
5 0.5102077 0.6760828 0.0656890 0.0674902
22 0.7072748 0.7435731 0.0656890 0.0674902
21 0.3131407 0.8110633 0.0656890 0.0674902
4 0.4445187 0.8110633 0.0656890 0.0674902
