22 0.3657661 0.8404329 0.0607942 0.0670624
10 0.4265603 0.9074953 0.0607942 0.0670624
32 0.4891425 0.7624084 0.4291354 0.4500919
11 0.4265603 0.5721832 0.0607942 0.0670624
24 0.4873545 0.5721832 0.0607942 0.0670624
29 0.6089429 0.5721832 0.0607942 0.0670624
9 0.6697370 0.5721832 0.0607942 0.0670624
7 0.4873545 0.6386008 0.0607942 0.0657727
21 0.6089429 0.6386008 0.0607942 0.0657727
2 0.3049719 0.7063081 0.0607942 0.0670624
16 0.6697370 0.7063081 0.0607942 0.0670624
17 0.6697370 0.7733705 0.0607942 0.0670625
