22 0.5507085 0.7750497 0.0606857 0.0620915
11 0.4293371 0.8371412 0.0606857 0.0620915
32 0.4918076 0.7028086 0.4283695 0.4167296
13 0.6720798 0.5266836 0.0606857 0.0620915
17 0.3079657 0.5881781 0.0606857 0.0608974
27 0.3686514 0.5881781 0.0606857 0.0608974
5 0.6720798 0.5881781 0.0606857 0.0608974
7 0.3686514 0.6508666 0.0606857 0.0620915
31 0.4900227 0.6508666 0.0606857 0.0620915
6 0.6113941 0.7129581 0.0606857 0.0620915
1 0.6720798 0.7129581 0.0606857 0.0620915
29 0.4293371 0.7750497 0.0606857 0.0620915
